1.236829622506030679e+00
1.071078448006351325e+00
6.493596488384264509e-01
4.633426896624762148e-01
3.469921405099615219e-01
1.535407607922037732e-01
1.264991095708906110e-01
9.525683902513273904e-02
8.008525780894583390e-02
5.155576525419662548e-02
4.448215866474435065e-02
4.035074593187046310e-02
3.469549906339038786e-02
3.002399684997852924e-02
2.967355565353214583e-02
2.494143469515109485e-02
2.305811246081557186e-02
1.922075022476838618e-02
1.678296858965975386e-02
1.484815794094050158e-02
1.093578516995776830e-02
9.631818173294734789e-03
8.819871657834245371e-03
8.074014768935319081e-03
6.857838201546700985e-03
6.393151303615538655e-03
5.684173340058069207e-03
4.844096226590361050e-03
4.323546745964802242e-03
3.703618370668524187e-03
3.221333316623744419e-03
2.871746075656650323e-03
2.609276484383784601e-03
2.302993141917141807e-03
2.043227636563882225e-03
1.961495914040659733e-03
1.864727092782724263e-03
1.765480075289209373e-03
1.571285608543336555e-03
1.450968869504287327e-03
1.415864873851415892e-03
1.230741452504512633e-03
1.204607731689514433e-03
1.080197609077380300e-03
1.040344117582740757e-03
9.311433306763727304e-04
8.489050333029293750e-04
7.973930414750198979e-04
7.022097395310588665e-04
6.846989299711058428e-04
6.626594895994818461e-04
6.208897158959511466e-04
5.319789336442069848e-04
5.013056307386009550e-04
4.664054886632710119e-04
4.373164079324139619e-04
3.959237998059349792e-04
3.728218885388101425e-04
3.555603816391798844e-04
3.424336720142091514e-04
3.001888217790285671e-04
2.930052086778171501e-04
2.815026125737727291e-04
2.642194124904520590e-04
2.567452829066722191e-04
2.290995692720569534e-04
2.133894734451865919e-04
2.091869645151633341e-04
1.914740133368218441e-04
1.853216944448718428e-04
1.593883822912618784e-04
1.474315083121209428e-04
1.444457175938197507e-04
1.418056206039610724e-04
1.295638281917603897e-04
1.247266555392345200e-04
1.169702356232915619e-04
1.055702507876446733e-04
9.954347429681488198e-05
9.718084089711971889e-05
9.054395356802783358e-05
7.762063295152979024e-05
7.507743112162132599e-05
7.130548182275008300e-05
6.955948797493170506e-05
6.518417563312964020e-05
6.229022822637643843e-05
5.498456070106674028e-05
5.115358725445558414e-05
4.822907302627024056e-05
4.556081066333554310e-05
4.242782748898955337e-05
4.046482232650501032e-05
3.974058200856326700e-05
3.707660710893649657e-05
3.282833987571232964e-05
3.150341907060203855e-05
3.018163952400249855e-05
2.833717403648794580e-05
2.629262815766790498e-05
2.412714844998441288e-05
2.250167915434122853e-05
2.171804085100437695e-05
2.122597582501752216e-05
1.901580337043692019e-05
1.763326739522726974e-05
1.596861768423718370e-05
1.560637064688811978e-05
1.502536950788988158e-05
1.397298546227232605e-05
1.343838651680939054e-05
1.253229050070542864e-05
1.234684446278115732e-05
1.189999679581742736e-05
1.155404298777691388e-05
1.063188520608779467e-05
1.010591037833847716e-05
9.631563335589774552e-06
9.203948400620490074e-06
8.919442703964751998e-06
7.927401507899250167e-06
7.818561292155830949e-06
7.634344501016316684e-06
7.127087935841831195e-06
6.819225354435847724e-06
6.649077669628384727e-06
6.406705059389073398e-06
6.267489076294710183e-06
5.679833248293429718e-06
5.347617469756127678e-06
5.105456888988560260e-06
4.879906814617284588e-06
4.551710723187440783e-06
4.406404634544993219e-06
4.029608229520160839e-06
3.899109651731748411e-06
3.877891226332749169e-06
3.471279296847962122e-06
3.264172169870781811e-06
3.248490928610341897e-06
3.090652791511199065e-06
2.980583403807389616e-06
2.878961620248408498e-06
2.835703056609974137e-06
2.540724378290908174e-06
2.466323871923256474e-06
2.375201188754616791e-06
2.258304343974612862e-06
2.135952770677518310e-06
2.078924414310614983e-06
2.042313602786794418e-06
1.945070337085987493e-06
1.828858716404022997e-06
1.789430770395927542e-06
1.723816098567776846e-06
1.610741489903127847e-06
1.537983016124771494e-06
1.523798961281782943e-06
1.387885533394748288e-06
1.381557834336435103e-06
1.335139229631533193e-06
1.276996858099270194e-06
1.196793485554226681e-06
1.171794420597124379e-06
1.148553019575928873e-06
1.043964445065735861e-06
1.029125659929486980e-06
9.986461409604035817e-07
9.781662825089654645e-07
9.190291214740505443e-07
8.968871271895476965e-07
8.367600923682947423e-07
8.058261386996183274e-07
7.940315932203032957e-07
7.832397360546872127e-07
7.468202061807879785e-07
7.245929200984582194e-07
7.015140937174457580e-07
6.653273556610442352e-07
6.521650952813076794e-07
6.434946315554245613e-07
6.151774385388971353e-07
6.119921025372409877e-07
5.917279242651745221e-07
5.739827215910468114e-07
5.647632804498804496e-07
5.381670599903343317e-07
5.243325874272696218e-07
5.141789648090782642e-07
5.009900400777130769e-07
4.807593822453705753e-07
4.724472811728936211e-07
4.669345011255932097e-07
4.489821119086202584e-07
4.395686146660121196e-07
4.361491789843112930e-07
4.193599485339354117e-07
4.141904343072834010e-07
4.056294181271059953e-07
3.978022714423447533e-07
3.847422596314538291e-07
3.746370209657157773e-07
3.695428928814921213e-07
3.590665427770672860e-07
3.536863698859895773e-07
3.451845029141903750e-07
3.393881654745222940e-07
3.370121669926293815e-07
3.308927482509188822e-07
3.132711359936561899e-07
3.101253558874589413e-07
2.988786090924069239e-07
2.911495206474876176e-07
2.853331844679672114e-07
2.809225521977525435e-07
2.728281739131730171e-07
2.645807067200311276e-07
2.591039362951717863e-07
2.533421521721079779e-07
2.473474918160605578e-07
2.400376254328531967e-07
2.382530394867893768e-07
2.371014976655557707e-07
2.242099261806957289e-07
2.188831038816110209e-07
2.157590911904768839e-07
2.128912419488837335e-07
2.070500647656609388e-07
1.979343456132119489e-07
1.968117507807193156e-07
1.916686615372414283e-07
1.889497620807531216e-07
1.849767890191129062e-07
1.786687776259211986e-07
1.755981874985861700e-07
1.749602233643901209e-07
1.689494160408195367e-07
1.675698512732785043e-07
1.626321395034134103e-07
1.585106873635184683e-07
1.563938648902015847e-07
1.505445611933069721e-07
1.497709738846489455e-07
1.441199985393847199e-07
1.421879668303048256e-07
1.395401125319279295e-07
1.364422404067278527e-07
1.318845488861583992e-07
1.273221763237507725e-07
1.245093270023483344e-07
1.231334972300787367e-07
1.226649011323472884e-07
1.182700032750641398e-07
1.122676113045209457e-07
1.115450540178244795e-07
1.044384847241616802e-07
1.021255954762649846e-07
9.655376435188154378e-08
9.244949535460042232e-08
9.106707684431100873e-08
8.959728383190610257e-08
8.871851507002569882e-08
8.241026247859498184e-08
7.990880366399410811e-08
7.866575237999463517e-08
7.481504854246409346e-08
7.293463197052859977e-08
7.040568688924758813e-08
6.906166903871237393e-08
6.713817627241415226e-08
6.463581112394817068e-08
5.871579288687154152e-08
5.690428813058396294e-08
5.490836334796723367e-08
5.241076511913507796e-08
5.028064248194490270e-08
4.831839103892949381e-08
4.361525258842570662e-08
4.136094879592225019e-08
3.786291724647811366e-08
3.637771925297925037e-08
3.560309801846992669e-08
3.149653264027000497e-08
2.865845652766196444e-08
2.778957129138096664e-08
2.399426404339884257e-08
2.267141803353631663e-08
1.735578190249225382e-08
1.320399248170110841e-08
1.192734686682518991e-08
1.066033921063715201e-08
7.665273442460410642e-09
3.093794632432746528e-09
2.976104125245659575e-09
2.236346176480761302e-09
1.609974676431438134e-09
1.064719875248559328e-10
