2.369636058807373047e+00
1.553769826889038086e+00
9.562902450561523438e-01
6.369978189468383789e-01
5.801381468772888184e-01
2.208705544471740723e-01
1.847004741430282593e-01
1.559913009405136108e-01
1.128961592912673950e-01
7.414943724870681763e-02
6.107559800148010254e-02
4.654192551970481873e-02
3.985780477523803711e-02
3.562192246317863464e-02
3.122401610016822815e-02
2.751650102436542511e-02
2.190372347831726074e-02
1.821391843259334564e-02
1.724581792950630188e-02
1.423034910112619400e-02
1.103350520133972168e-02
1.059677265584468842e-02
9.671963751316070557e-03
8.345874957740306854e-03
7.008950691670179367e-03
6.622534245252609253e-03
5.509227514266967773e-03
4.163129255175590515e-03
3.896260401234030724e-03
3.362940158694982529e-03
2.794665517285466194e-03
2.562685403972864151e-03
2.456477843225002289e-03
1.985605340451002121e-03
1.830513705499470234e-03
1.776515273377299309e-03
1.625214470550417900e-03
1.419914886355400085e-03
1.392527017742395401e-03
1.377210021018981934e-03
1.235703588463366032e-03
1.145707792602479458e-03
1.030433573760092258e-03
9.688435820862650871e-04
7.883455837145447731e-04
7.693525985814630985e-04
7.406828808598220348e-04
6.141625344753265381e-04
5.770734860561788082e-04
5.447212024591863155e-04
5.203342298045754433e-04
4.990841262042522430e-04
4.625631845556199551e-04
3.792878706008195877e-04
3.589362895581871271e-04
3.404415620025247335e-04
3.162399516440927982e-04
2.924840955529361963e-04
2.716392045840620995e-04
2.459517272654920816e-04
2.427585859550163150e-04
2.305096131749451160e-04
2.147654013242572546e-04
2.020137908402830362e-04
1.934380561579018831e-04
1.815396244637668133e-04
1.561122335260733962e-04
1.512668386567384005e-04
1.431322452845051885e-04
1.347424840787425637e-04
1.195261138491332531e-04
1.107955977204255760e-04
1.048557169269770384e-04
1.017045578919351101e-04
9.567613597027957439e-05
8.774894376983866096e-05
7.823439227649942040e-05
7.473378354916349053e-05
7.279591227415949106e-05
6.901714368723332882e-05
6.569771358044818044e-05
5.506238449015654624e-05
5.108251934871077538e-05
4.923883534502238035e-05
4.782780160894617438e-05
4.505645847530104220e-05
4.239094050717540085e-05
3.899804141838103533e-05
3.634829772636294365e-05
3.456382910371758044e-05
3.194844975951127708e-05
3.007355189765803516e-05
2.825437331921420991e-05
2.741613934631459415e-05
2.406613566563464701e-05
2.185412813560105860e-05
2.172477979911491275e-05
2.080299964291043580e-05
1.932845589180942625e-05
1.841514131228905171e-05
1.634142608963884413e-05
1.533343856863211840e-05
1.472782150813145563e-05
1.416384839103557169e-05
1.275815066037466750e-05
1.251816320291254669e-05
1.141677330451784655e-05
1.040317147271707654e-05
9.904853868647478521e-06
9.600716111890505999e-06
9.138325367530342191e-06
8.195213922590482980e-06
7.946681762405205518e-06
7.834030839148908854e-06
7.117879249562975019e-06
6.902958830323768780e-06
6.456748451455496252e-06
6.035023943695705384e-06
5.808715286548249424e-06
5.617811439151410013e-06
4.884158897766610608e-06
4.747940238303272054e-06
4.667986104323063046e-06
4.281235760572599247e-06
4.232487299304921180e-06
4.046940830448875204e-06
3.900980573234846815e-06
3.859714979626005515e-06
3.660029051388846710e-06
3.315412186566391028e-06
3.156771754220244475e-06
2.909229351644171402e-06
2.827766138580045663e-06
2.754912202362902462e-06
2.369798039580928162e-06
2.346921064599882811e-06
2.222752073066658340e-06
2.109126626237411983e-06
2.022050466621294618e-06
1.914207814479595982e-06
1.876667056421865709e-06
1.757026211635093205e-06
1.706214447949605528e-06
1.624634251129464246e-06
1.482031734667543788e-06
1.411691869179776404e-06
1.377591956952528562e-06
1.317645001108758152e-06
1.228073074344138149e-06
1.204137333843391389e-06
1.166211177405784838e-06
1.090332943931571208e-06
1.058607153936463874e-06
1.026428662953549065e-06
9.830474709815462120e-07
9.095890618482371792e-07
8.755291673878673464e-07
8.509042004334332887e-07
8.281901386908430140e-07
7.861769404371443670e-07
7.713747436355333775e-07
7.444832021974434610e-07
7.036763918222277425e-07
6.890808208481757902e-07
6.267271146498387679e-07
6.225696438377781305e-07
5.813394636788871139e-07
5.399900828706449829e-07
5.116364718560362235e-07
4.882622306467965245e-07
4.623690017524495488e-07
4.470493024655297631e-07
4.281404528683196986e-07
4.160705486810911680e-07
4.095576855434046593e-07
3.880697079239325831e-07
3.692819063871866092e-07
3.559763683824712643e-07
3.379539066372672096e-07
3.335484564104262972e-07
3.232300684885558439e-07
3.170979425703990273e-07
3.118803419965843204e-07
2.890051575832330855e-07
2.804127063882333459e-07
2.692583507268864196e-07
2.649798034326522611e-07
2.556760136940283701e-07
2.554661193698848365e-07
2.509032697162183467e-07
2.405491272838844452e-07
2.317492828751710476e-07
2.302325157188533922e-07
2.201394551093471819e-07
2.152087148488135426e-07
2.097000759704314987e-07
2.027680494620653917e-07
1.985758473210808006e-07
1.952714967501378851e-07
1.925248085399289266e-07
1.887821809987144661e-07
1.839303678252690588e-07
1.801434024173431681e-07
1.753176377405907260e-07
1.686899935293695307e-07
1.665563473807196715e-07
1.626257812858966645e-07
1.586210913728791638e-07
1.558455977601624909e-07
1.531024338419229025e-07
1.458251119856868172e-07
1.434048613191407640e-07
1.411371215453982586e-07
1.397992974716544268e-07
1.386068220199376810e-07
1.342934865533607081e-07
1.321930653830349911e-07
1.316239917059647269e-07
1.289092637080102577e-07
1.237423958855288220e-07
1.211460727290614159e-07
1.194478755905947764e-07
1.163952916272137372e-07
1.148311454812755983e-07
1.129458411242012517e-07
1.107700242641840305e-07
1.085572733927619993e-07
1.051288123221638671e-07
1.014189123793585168e-07
1.006479806164861657e-07
9.865983230383790215e-08
9.487140317787634558e-08
9.249417587398056639e-08
9.158771518968933378e-08
8.971237264177034376e-08
8.686541974611827754e-08
8.522644634467724245e-08
8.385690364320907975e-08
8.251728900177113246e-08
8.082826497002315591e-08
7.853073924479758716e-08
7.719964401076140348e-08
7.624456088706210721e-08
7.569445870103663765e-08
7.359221143588001723e-08
7.241587951511974097e-08
7.075396268874101224e-08
7.069164809081485146e-08
6.848760847333323909e-08
6.713638356359297177e-08
6.604022928513586521e-08
6.424993870268735918e-08
6.365114302298024995e-08
6.233588578652415890e-08
6.044829348184066475e-08
5.977069150731040281e-08
5.906643352204810071e-08
5.585151896525530901e-08
5.413161474621119851e-08
5.361025756656090380e-08
5.254635837559362699e-08
4.869199798918089073e-08
4.821951193889617571e-08
4.563021960279911582e-08
4.509356088533422735e-08
4.412977006040819106e-08
4.306677325871532958e-08
4.189482183392101433e-08
4.043651458118802111e-08
3.893613254035699356e-08
3.847302565418431186e-08
3.575409124323414289e-08
3.534722026188319433e-08
3.306111651113496919e-08
3.264305803440947784e-08
3.122432445934464340e-08
2.969473200664651813e-08
2.796010534211745835e-08
2.723758640854612167e-08
2.706006796415749704e-08
2.420057576557610446e-08
2.262187948076643806e-08
2.149137579010584886e-08
1.897520540694586089e-08
-1.817882733234910120e-08
1.736934507334808586e-08
1.594175813579568057e-08
1.471816357678790155e-08
1.329931276217166669e-08
1.269094074274335071e-08
1.059525533975147482e-08
-7.475148500191153289e-09
6.961944354344495878e-09
6.393182871988756233e-09
-5.973698424810436336e-09
2.907853513534064405e-09
3.533210946038423117e-10
