1.186712442190773764e+00
8.588312106459375928e-01
4.550805031203949969e-01
3.812797744957220902e-01
3.046372407532155213e-01
1.836992946903830137e-01
1.525830826032043286e-01
1.375920730791141966e-01
8.801494966282670529e-02
7.895499758009474900e-02
5.105797245427680375e-02
4.530326458780001286e-02
4.071155075346030716e-02
3.373497059561164635e-02
3.078735546447791682e-02
2.194579635791375077e-02
2.094159084978856195e-02
1.946176536167159785e-02
1.725476568517341630e-02
1.689705731275106815e-02
1.560759720987526904e-02
1.190595596553584677e-02
1.158234582914072913e-02
1.037508691800710994e-02
9.226015788897845224e-03
8.377074910345101363e-03
7.843969430130900630e-03
6.741439823070904079e-03
5.851968249419883111e-03
5.488134828757342681e-03
4.580744591436959612e-03
4.386734040288473718e-03
4.196494015127093420e-03
3.791330238420436045e-03
3.265234359431381898e-03
2.809281989610681440e-03
2.607271899106428613e-03
2.493693832423228389e-03
2.271681201297085558e-03
2.123134511253977133e-03
1.946897744415109800e-03
1.845570852464074093e-03
1.651015550327578031e-03
1.613299179420693476e-03
1.495527994433917774e-03
1.278103611887549144e-03
1.266082170360378120e-03
1.169910361111015790e-03
1.073314968084970603e-03
1.003146330410328120e-03
9.426539794106354947e-04
8.967262714294238924e-04
8.813787323136074766e-04
7.793512571147135932e-04
7.516400146038899627e-04
7.246611476628156022e-04
7.138420046196208889e-04
6.778342449550930904e-04
6.204124871139409620e-04
6.058193991813902619e-04
5.465232109725554370e-04
5.178415767588770988e-04
4.866673036613792256e-04
4.696130552155929668e-04
4.078889853346811113e-04
3.784134848701378251e-04
3.614438625286932999e-04
3.456824087281027834e-04
3.371002507579466960e-04
3.183352643912876114e-04
2.993035359920340178e-04
2.752456289716792353e-04
2.721752745959378278e-04
2.664607802558792145e-04
2.568430571273987119e-04
2.292023741966190493e-04
2.178582546648224333e-04
2.163477082011215874e-04
2.117415922225226402e-04
1.950250418173830088e-04
1.906920321761742512e-04
1.770173942557342500e-04
1.722735365593444493e-04
1.589554208944140873e-04
1.503401487444586181e-04
1.444054511050234366e-04
1.394229379663997753e-04
1.376513162331776926e-04
1.282308834240807798e-04
1.218329852421095986e-04
1.207528877244978187e-04
1.075335575442241427e-04
1.026916044106180003e-04
9.806329539457865662e-05
9.524942040507878682e-05
8.939913426310310636e-05
8.343020988274367760e-05
8.110870895917495957e-05
7.618823822537770742e-05
7.279370185902770296e-05
7.024086034736854800e-05
6.645822301896064585e-05
6.456506577005055483e-05
5.874445155375447646e-05
5.652073652525651566e-05
5.349282700373075091e-05
5.162747029099012345e-05
4.842728120071026853e-05
4.698789520957661622e-05
4.517036760423390071e-05
4.466129636242904144e-05
4.253012433155234497e-05
3.941516754236608361e-05
3.840834473355274819e-05
3.700075498920217656e-05
3.532957390039389602e-05
3.276747010456711065e-05
3.129099955922105835e-05
3.052634672783897094e-05
2.843542858263757464e-05
2.648366733736417822e-05
2.605853225584136402e-05
2.488205847413954878e-05
2.350267503187102689e-05
2.198531869045620014e-05
2.146145091171056807e-05
2.049042748037487824e-05
2.005471269870792275e-05
1.844978662286053710e-05
1.825833302143151034e-05
1.764790302480131689e-05
1.705440791041723216e-05
1.586181601244284107e-05
1.523355433712501697e-05
1.479755403572592483e-05
1.382938586776017626e-05
1.297240684254228291e-05
1.290298998136462898e-05
1.220991707514175941e-05
1.194806702236938092e-05
1.148345509555126396e-05
1.067587851045898334e-05
1.007505982942456782e-05
9.893822873874345844e-06
9.692336833222949693e-06
9.276622485637326624e-06
8.690885147669034580e-06
8.483678271442090461e-06
7.870797134226989659e-06
7.553988655414247437e-06
7.442461468235140461e-06
7.303202543198818355e-06
7.205689325104232935e-06
7.073697950740067199e-06
6.500728590659491407e-06
6.109147258614903350e-06
5.938187459907470963e-06
5.881021185760206333e-06
5.495613774251925115e-06
5.280671428944365730e-06
5.002148747620144845e-06
4.821044110793184743e-06
4.787691469511199836e-06
4.433564701330938270e-06
4.426476076060219730e-06
4.055380792580157379e-06
3.960141041369135801e-06
3.754083434529478627e-06
3.701856094372878993e-06
3.579829108337833309e-06
3.488839916412449470e-06
3.345993769353908974e-06
3.250180511483526592e-06
3.172927271176279068e-06
2.953316728568579198e-06
2.866342983429685147e-06
2.756579335553617030e-06
2.679629307414472115e-06
2.585808659097523612e-06
2.492253013195064452e-06
2.431803825086497267e-06
2.371037630210857590e-06
2.269801863392632320e-06
2.253573636070243579e-06
2.178752891598534765e-06
2.128017623991236786e-06
2.069020539405005922e-06
1.892405276062594205e-06
1.840083247688467608e-06
1.778334569041064072e-06
1.766838258318617628e-06
1.747523935351542497e-06
1.656947404130122873e-06
1.612699170304333632e-06
1.551328552795679348e-06
1.499936275348513834e-06
1.424194325375891956e-06
1.411344179031329210e-06
1.342487801190278080e-06
1.306132484570299416e-06
1.293147037119425300e-06
1.243600910487432691e-06
1.194617047136742744e-06
1.145755847239047237e-06
1.115522128663931915e-06
1.093725952989486016e-06
1.084410039779457337e-06
1.074557246683277521e-06
1.036720230523927646e-06
1.002180544199303523e-06
9.707794275715393995e-07
9.487585099706396957e-07
9.330922892977374721e-07
8.828451046080747573e-07
8.573509595407468085e-07
8.246913675098955608e-07
7.955982578573260725e-07
7.809892971906365686e-07
7.684070035183337826e-07
7.481103280025185123e-07
7.477994653522252351e-07
7.155499051055228860e-07
6.941548038187315758e-07
6.883218719287415268e-07
6.673936003757328358e-07
6.217406293162322461e-07
6.046807288821323839e-07
5.874985139433848432e-07
5.765061873507718060e-07
5.679783465061780119e-07
5.446023290696441317e-07
5.381057643922498723e-07
5.092938431760161402e-07
4.961192044863504324e-07
4.923058976173043091e-07
4.842916895366581484e-07
4.673027060340895072e-07
4.555928569810862368e-07
4.414435202747008561e-07
4.366791577797551610e-07
4.232650951720462609e-07
4.120710729396774216e-07
4.046527726397204793e-07
3.969302519101356895e-07
3.907833675886582990e-07
3.806281838125426797e-07
3.701010939546826355e-07
3.560592061059027874e-07
3.482737006228871275e-07
3.380506147876734508e-07
3.348590312982309314e-07
3.274312006740937802e-07
3.189106627613700246e-07
3.145724039224716326e-07
3.078848405503224500e-07
3.013924158828850459e-07
2.984677133149508454e-07
2.870083966147198996e-07
2.834434533882315505e-07
2.713038098279462780e-07
2.650812944938785187e-07
2.597770329760741231e-07
2.481189817893857745e-07
2.459083534623722745e-07
2.425942238546775486e-07
2.304380870885201706e-07
2.284826928024438521e-07
2.199895054167743073e-07
2.183272549234895177e-07
2.092843886612841949e-07
2.052517598381564818e-07
1.945327681794992958e-07
1.917042991571285093e-07
1.890758419628781469e-07
1.852207297631573205e-07
1.771506047996298489e-07
1.737748221703581206e-07
1.671519626507550660e-07
1.616564497908452972e-07
1.594330813233640110e-07
1.519148302521634682e-07
1.464668557932636273e-07
1.449020379369736167e-07
1.371920038411354666e-07
1.287777284435811583e-07
1.271957729205292976e-07
1.201139371889106572e-07
1.094308092613324855e-07
1.056694025538656796e-07
9.394611051757471947e-08
7.976448400829735693e-08
1.615326544303183237e-08
1.357031082935316237e-08
1.059356826954879675e-08
3.402828745741583154e-09
3.292321529739283478e-09
2.883736674807185425e-09
