2.170412540435791016e+00
1.234865665435791016e+00
6.630973815917968750e-01
6.232004165649414062e-01
5.148302912712097168e-01
2.667136490345001221e-01
2.473214864730834961e-01
1.839635372161865234e-01
1.257038265466690063e-01
1.004848778247833252e-01
6.777006387710571289e-02
5.915019661188125610e-02
4.724672064185142517e-02
4.027849063277244568e-02
3.367229178547859192e-02
2.967029437422752380e-02
2.538039721548557281e-02
2.034304104745388031e-02
1.774107664823532104e-02
1.560599543154239655e-02
1.401313021779060364e-02
1.325129996985197067e-02
1.250582095235586166e-02
1.114708464592695236e-02
1.050680037587881088e-02
8.506006561219692230e-03
7.779643405228853226e-03
7.271535228937864304e-03
5.719871260225772858e-03
5.464680027216672897e-03
4.045269917696714401e-03
3.948141820728778839e-03
3.313106717541813850e-03
3.074535634368658066e-03
2.872436773031949997e-03
2.757312264293432236e-03
2.269612159579992294e-03
2.158734016120433807e-03
1.945111434906721115e-03
1.820051809772849083e-03
1.565254642628133297e-03
1.512359012849628925e-03
1.503200386650860310e-03
1.382872811518609524e-03
1.321743591688573360e-03
1.215278985910117626e-03
1.107618212699890137e-03
9.723732946440577507e-04
9.612268186174333096e-04
8.782016811892390251e-04
7.896005408838391304e-04
7.491146679967641830e-04
7.113738101907074451e-04
6.114485440775752068e-04
5.923060816712677479e-04
5.797713529318571091e-04
5.679075256921350956e-04
5.372441955842077732e-04
5.303549114614725113e-04
4.603035340551286936e-04
4.231022612657397985e-04
3.999397449661046267e-04
3.872801898978650570e-04
3.599626361392438412e-04
3.208463022019714117e-04
2.971248759422451258e-04
2.823590184561908245e-04
2.614660770632326603e-04
2.499557740520685911e-04
2.298811450600624084e-04
2.185320190619677305e-04
2.014724741457030177e-04
1.950646983459591866e-04
1.853662834037095308e-04
1.749574294080957770e-04
1.692206569714471698e-04
1.666562457103282213e-04
1.550509332446381450e-04
1.500631915405392647e-04
1.445401867385953665e-04
1.406174997100606561e-04
1.361637987429276109e-04
1.197319215862080455e-04
1.110797893488779664e-04
1.076886401278898120e-04
1.053261585184372962e-04
9.668882557889446616e-05
9.109887469094246626e-05
8.696243457961827517e-05
8.357120532309636474e-05
7.878678297856822610e-05
7.395243301289156079e-05
7.011646812316030264e-05
6.575112638529390097e-05
6.357434904202818871e-05
6.042930908733978868e-05
5.731246346840634942e-05
5.517182216863147914e-05
5.067135498393326998e-05
4.964197069057263434e-05
4.904732486465945840e-05
4.405629078974016011e-05
4.172754051978699863e-05
4.119042569072917104e-05
4.003151843789964914e-05
3.783015199587680399e-05
3.472355456324294209e-05
3.348870450281538069e-05
3.115875733783468604e-05
3.072965046158060431e-05
2.925865919678471982e-05
2.708101419557351619e-05
2.638354635564610362e-05
2.492660314601380378e-05
2.426904939056839794e-05
2.224185482191387564e-05
2.116697578458115458e-05
1.950641672010533512e-05
1.857203096733428538e-05
1.757675090630073100e-05
1.709010030026547611e-05
1.623155185370706022e-05
1.579399031470529735e-05
1.449513001716695726e-05
1.405961666023358703e-05
1.373562463413691148e-05
1.252983565791510046e-05
1.228663950314512476e-05
1.162575426860712469e-05
1.095040897780563682e-05
1.055623761203605682e-05
1.003868419502396137e-05
9.961966497940011322e-06
8.924335816118400544e-06
8.784045348875224590e-06
8.141567377606406808e-06
8.102389074338134378e-06
7.924583769636228681e-06
7.579555131087545305e-06
7.045859547361033037e-06
6.648370344919385388e-06
6.429120276152389124e-06
6.189073701534653082e-06
6.044549081707373261e-06
5.558880275202682242e-06
5.332598902896279469e-06
5.148080617800587788e-06
4.829150839213980362e-06
4.770281066157622263e-06
4.510314738581655547e-06
4.374921445560175925e-06
4.274220827937824652e-06
3.986392130173044279e-06
3.836607902485411614e-06
3.689287268571206369e-06
3.561883431757451035e-06
3.465153213255689479e-06
3.273321226515690796e-06
3.097663466178346425e-06
3.017579501829459332e-06
2.893441660489770584e-06
2.677802740436163731e-06
2.650728902153787203e-06
2.521893065932090394e-06
2.399709273959160782e-06
2.316333393537206575e-06
2.222483544755959883e-06
2.182731577704544179e-06
2.113633399858372286e-06
2.045142082351958379e-06
2.026387619480374269e-06
1.919753913171007298e-06
1.785776134965999518e-06
1.738892478897469118e-06
1.700352981970354449e-06
1.626327502890489995e-06
1.551713694425416179e-06
1.461886199649597984e-06
1.414438543179130647e-06
1.324648110312409699e-06
1.292017373089038301e-06
1.270715529244625941e-06
1.226067297466215678e-06
1.172750671685207635e-06
1.149793888544081710e-06
1.134314288719906472e-06
1.055106054081988987e-06
1.013830114970915020e-06
9.596822110324865207e-07
9.578542403687606566e-07
9.110758014685416128e-07
8.877020150066528004e-07
8.503449180352617987e-07
8.244364266829506960e-07
8.000640150385152083e-07
7.735463896096916869e-07
7.596026989631354809e-07
7.390902396764431614e-07
6.916838515280687716e-07
6.746167855453677475e-07
6.482314915956521872e-07
6.409068760149239097e-07
6.099703568906988949e-07
5.906516094000835437e-07
5.542809162761841435e-07
5.399099904934701044e-07
5.290926310408394784e-07
5.138362553225306328e-07
5.024755296290095430e-07
4.840196652367012575e-07
4.699296880517067621e-07
4.652801521842775401e-07
4.467237317840044852e-07
4.295109761187632103e-07
3.987788375070522306e-07
3.961683034958696226e-07
3.789242271068360424e-07
3.736408871191088110e-07
3.643249613105581375e-07
3.552716805188538274e-07
3.513174249292205786e-07
3.372855132965923985e-07
3.334310179070598679e-07
3.215102992726315279e-07
3.087286870595562505e-07
2.992565839576855069e-07
2.940649608262901893e-07
2.790743565128650516e-07
2.769639877442386933e-07
2.618981511659512762e-07
2.543132495702593587e-07
2.510400918254163116e-07
2.475620703989989124e-07
2.398627714228496188e-07
2.369477414276843774e-07
2.270162724471447291e-07
2.209610414638518705e-07
2.148017017589154420e-07
2.116586159672806389e-07
2.087081014678915381e-07
2.071338798259603209e-07
2.042145581526710885e-07
1.905362836396307102e-07
1.863531906565185636e-07
1.775098183998125023e-07
1.760865586675208760e-07
1.723469011949418928e-07
1.665522830762711237e-07
1.648855487701439415e-07
1.587123392710054759e-07
1.568154175402014516e-07
1.518225758445623796e-07
1.482797244989342289e-07
1.436533239029813558e-07
1.421097408638161141e-07
1.393447917052981211e-07
1.376112379603000591e-07
1.312277220222313190e-07
1.306467964923285763e-07
1.271538394576054998e-07
1.238178413132118294e-07
1.214721407905017259e-07
1.205926736247420195e-07
1.192346701373026008e-07
1.153143998067207576e-07
1.121606558740495529e-07
1.090303101136669284e-07
1.083583427430312440e-07
1.069196500225189084e-07
1.029463589929946465e-07
1.009434384968699305e-07
9.854505123030321556e-08
9.600724126812565373e-08
9.490318575444689486e-08
9.248047661003511166e-08
9.183722227135149296e-08
9.029781722347252071e-08
8.784063254552165745e-08
8.567807441295371973e-08
8.140886365026744897e-08
7.943179980429704301e-08
7.811059532514263992e-08
7.597094509037560783e-08
7.395163237333690631e-08
7.265912671527985367e-08
7.030030957366761868e-08
6.839603372554847738e-08
6.658336104692352819e-08
6.279312714241314097e-08
5.880179188011425140e-08
5.391123636400152463e-08
5.137502512297942303e-08
4.955342447487964819e-08
4.708474676817786531e-08
4.182627222348855867e-08
3.902192702298634686e-08
3.788688474060109002e-08
