9.969284639191982045e-01
4.492909856491380527e-01
2.842288723610213452e-01
2.359658102181329820e-01
2.151127444954614720e-01
1.519438064464731508e-01
1.346600707645858874e-01
9.978941828122368796e-02
8.606776889498259087e-02
7.693067995730884512e-02
6.229186345184425933e-02
5.490137185173801782e-02
5.005260664768809709e-02
4.755784616610354842e-02
4.368574209655153723e-02
3.866331241996724677e-02
3.671996091439407028e-02
3.275323918604476636e-02
3.258193521307500146e-02
3.050063062316831636e-02
2.711173735489966555e-02
2.538533278375153593e-02
2.310990246233764200e-02
2.246193028349240811e-02
2.172597238321357163e-02
2.104723728446501393e-02
1.938496650410670083e-02
1.857900261871067715e-02
1.758278465046421435e-02
1.686358670197669538e-02
1.677899758822404969e-02
1.575043785613124483e-02
1.508947717337172541e-02
1.458050858011524127e-02
1.449953697122671921e-02
1.412912517914983145e-02
1.365430423246736386e-02
1.343271778177206575e-02
1.246384261426012122e-02
1.174584856266170860e-02
1.162543457214390910e-02
1.097354462508656585e-02
1.074830033757355127e-02
1.046847779689761594e-02
1.027742757896093345e-02
9.547714403287716270e-03
9.501028250025819397e-03
9.268242668806372583e-03
9.022343239608121915e-03
8.910302406467226349e-03
8.408902697380317773e-03
8.262681802103193779e-03
7.907292879960141005e-03
7.605372108935212414e-03
7.262490540911316524e-03
7.119562261648899014e-03
7.093426467888958378e-03
6.952338200405159228e-03
6.760493623137656290e-03
6.520639376664582286e-03
6.471750064760578049e-03
6.153707998527849395e-03
5.977996597114161245e-03
5.846596051661081574e-03
5.655614706280313528e-03
5.626501883629103813e-03
5.370049494223138112e-03
5.179653127980851819e-03
4.922320338628072625e-03
4.905675756146146531e-03
4.778031941749106941e-03
4.736599957200970587e-03
4.522488854178313006e-03
4.387237976195792165e-03
4.366977472029605692e-03
4.319897736232226719e-03
3.997433809068882092e-03
3.905564616830242523e-03
3.852947544108311154e-03
3.711380922832942676e-03
3.659992143345097444e-03
3.612937621287519354e-03
3.557088509780508088e-03
3.497991203549735435e-03
3.304567051036327516e-03
3.198337024612998587e-03
3.053380332410110358e-03
3.015468745718682866e-03
2.909612578372247453e-03
2.899594527379042476e-03
2.809824685713315385e-03
2.776239338008146870e-03
2.702497530337192883e-03
2.621938841612168284e-03
2.563291918415904185e-03
2.528867319939496084e-03
2.498697644599930101e-03
2.392126327060613029e-03
2.364261833967894189e-03
2.296530334825571101e-03
2.248835506825204011e-03
2.175917163662629324e-03
2.128054666795572633e-03
2.084771171459447788e-03
2.055688660818525294e-03
2.010079424758725274e-03
1.960861144031362732e-03
1.921160257535570876e-03
1.832417319403402195e-03
1.819283770498751054e-03
1.727262384593316854e-03
1.665014120868990198e-03
1.647242691647750725e-03
1.625019783380650612e-03
1.574180156893627757e-03
1.507230540944269224e-03
1.483428084155747869e-03
1.458885542180498674e-03
1.424985659054380438e-03
1.409040216464144644e-03
1.351236742829875969e-03
1.304734347764462512e-03
1.281337747684144429e-03
1.242406477878341652e-03
1.201216120679382245e-03
1.187176069700508893e-03
1.137117202473833478e-03
1.108977547539257346e-03
1.074409418542142695e-03
1.029042531383637157e-03
1.003544989424705455e-03
9.889459976804132989e-04
9.692383466796950214e-04
9.452954343283103723e-04
9.249015042292220695e-04
8.738134918491600100e-04
8.616893214840081524e-04
8.263390093684299048e-04
8.189822783307285818e-04
8.014884871478334056e-04
7.751034513046843469e-04
7.611543600807738974e-04
7.314961000513269147e-04
7.097560068825878960e-04
6.931798771521483719e-04
6.452293940887444783e-04
6.292728403110836848e-04
6.111478710062125033e-04
5.876732494368500093e-04
5.692875001608848490e-04
5.540276164159007579e-04
5.354616559524921814e-04
5.210254443416758056e-04
5.088216579429710599e-04
4.890994122565086623e-04
4.725807548205713409e-04
4.662718260133166467e-04
4.553660429588213591e-04
4.339257261921201534e-04
4.134566157362318923e-04
4.031881807502673632e-04
3.938277576947003529e-04
3.887805268153006130e-04
3.755802647228525582e-04
3.648291230752243822e-04
3.568176600556147073e-04
3.355659798309033881e-04
3.182056642324947518e-04
3.079050832311950757e-04
2.967995730723310601e-04
2.843331238289670488e-04
2.702894992396780269e-04
2.612633174188443781e-04
2.448192688032106083e-04
2.409023197992604291e-04
2.299497198165359837e-04
2.215064964103905258e-04
2.200038279745640199e-04
2.078756515884448459e-04
1.928440228596187784e-04
1.844393867258512941e-04
1.778102534281973798e-04
1.671814245110953001e-04
1.543070324087941390e-04
1.428370620756503804e-04
1.407805479874832074e-04
1.294817735111359507e-04
1.262658689378278040e-04
1.210167734096249937e-04
1.128299009886669344e-04
9.872844350525305157e-05
8.872914080674115529e-05
8.385597765521793368e-05
7.009879408906237431e-05
2.303029774655357832e-08
2.285898185094326524e-08
1.993536464223956101e-08
1.907231350177039415e-08
1.766194852447856203e-08
1.703920102172732729e-08
1.674603173781004038e-08
1.630177457258062726e-08
1.541632040668788108e-08
1.455865441080092463e-08
1.297175481237703390e-08
1.237664607850154637e-08
1.236704786057816636e-08
1.219906196692173932e-08
1.192908049254140142e-08
1.093191610917094775e-08
1.091835923724658731e-08
1.029885919516179567e-08
1.019343981293265977e-08
9.436207677985841299e-09
9.349541575270325977e-09
8.830417706106402260e-09
8.770486493285602601e-09
8.650154730909288766e-09
8.530332821595888654e-09
8.227055937186659920e-09
7.786398713059081572e-09
7.649398208910238099e-09
7.633542273848591046e-09
7.474842619684334535e-09
7.441292365957441442e-09
7.255729020058211082e-09
7.140471300466951991e-09
6.790605469827392084e-09
6.719793775306020408e-09
6.414641860967925913e-09
6.395437304844742213e-09
6.142295763439254352e-09
5.923140947992319095e-09
5.761294595216659243e-09
5.464183815837239730e-09
5.403731801291651281e-09
5.284994129076514016e-09
5.164456287970468512e-09
5.086007700092136327e-09
5.071744387062696138e-09
4.854422803626641808e-09
4.743215719035267157e-09
4.582319303371811656e-09
4.383159233553390969e-09
4.276355870901584178e-09
4.060971103647652910e-09
4.028358607069517202e-09
3.879060326639472949e-09
3.846080348363146184e-09
3.737196152929396748e-09
3.668106051387213366e-09
3.433134146956416846e-09
3.387306540428626230e-09
3.365757775584704487e-09
3.274756294567281255e-09
3.213504981145583082e-09
3.037525730474220741e-09
3.005957761058064690e-09
2.884540536725819345e-09
2.784325099422779440e-09
2.707577271709331833e-09
2.460024951878983233e-09
2.434337722235688321e-09
2.388630536922772500e-09
2.382824614854219995e-09
2.280950672110838730e-09
2.041323979758995227e-09
2.032226173146716047e-09
1.842539100683698950e-09
1.808941825396205579e-09
1.791877007437377441e-09
1.783473473997247114e-09
1.686989015179966624e-09
1.620925035347476257e-09
1.538799740601685781e-09
1.414296929761529144e-09
1.340064305756244157e-09
1.211194346907616685e-09
1.042732956394528913e-09
9.566864471199964078e-10
9.071879625450593394e-10
8.813401575181031652e-10
8.712484340767130179e-10
7.379891359350858330e-10
6.887729870964054597e-10
6.605766218913890498e-10
6.307664460801255869e-10
5.842699301822118500e-10
5.838320481497114010e-10
3.848757502516650054e-10
3.203393882153049655e-10
3.002925862339285232e-10
1.852692277171459682e-10
1.493096090617386152e-10
1.028427337055859136e-10
6.807081736044847922e-11
9.382561156777042509e-13
