1.594017148017883301e+00
8.750407099723815918e-01
5.388922691345214844e-01
4.633626639842987061e-01
4.172528088092803955e-01
3.396415412425994873e-01
2.146788835525512695e-01
1.845890730619430542e-01
1.169286668300628662e-01
1.153006106615066528e-01
9.702362120151519775e-02
8.333386480808258057e-02
7.827661931514739990e-02
5.831112712621688843e-02
5.476414412260055542e-02
4.468213766813278198e-02
4.341557994484901428e-02
3.725652396678924561e-02
3.319577127695083618e-02
3.034897521138191223e-02
2.752132900059223175e-02
2.507311291992664337e-02
2.325180917978286743e-02
2.256040833890438080e-02
2.063325420022010803e-02
1.975201815366744995e-02
1.817500218749046326e-02
1.686832308769226074e-02
1.527580153197050095e-02
1.482542324811220169e-02
1.432123687118291855e-02
1.373546384274959564e-02
1.288655307143926620e-02
1.243237126618623734e-02
1.201484166085720062e-02
1.140385121107101440e-02
1.059905625879764557e-02
1.053105760365724564e-02
1.014671195298433304e-02
9.942630305886268616e-03
9.573994204401969910e-03
9.533352218568325043e-03
9.145806543529033661e-03
8.762749843299388885e-03
8.604240603744983673e-03
8.163668215274810791e-03
7.422439754009246826e-03
7.211157120764255524e-03
7.117054425179958344e-03
6.679099518805742264e-03
6.434166803956031799e-03
6.410405505448579788e-03
6.262588314712047577e-03
6.014285609126091003e-03
5.851044785231351852e-03
5.601593293249607086e-03
5.452554207295179367e-03
5.194175057113170624e-03
5.121764726936817169e-03
4.826262127608060837e-03
4.601312335580587387e-03
4.320896230638027191e-03
4.295430611819028854e-03
4.194417968392372131e-03
3.972215577960014343e-03
3.868272528052330017e-03
3.798036836087703705e-03
3.689455334097146988e-03
3.581336000934243202e-03
3.559347474947571754e-03
3.289934713393449783e-03
3.166481386870145798e-03
3.148485207930207253e-03
3.023359458893537521e-03
2.906091511249542236e-03
2.873725024983286858e-03
2.791401930153369904e-03
2.577364444732666016e-03
2.566570183262228966e-03
2.477057510986924171e-03
2.425859682261943817e-03
2.383883809670805931e-03
2.281595487147569656e-03
2.237239386886358261e-03
2.199900802224874496e-03
2.107763895764946938e-03
2.055400516837835312e-03
2.006746595725417137e-03
1.943530747666954994e-03
1.865263329818844795e-03
1.805491978302598000e-03
1.750320661813020706e-03
1.726455404423177242e-03
1.646699849516153336e-03
1.630853279493749142e-03
1.603492186404764652e-03
1.552487257868051529e-03
1.527117565274238586e-03
1.480279373936355114e-03
1.455944962799549103e-03
1.366472686640918255e-03
1.316154492087662220e-03
1.275774673558771610e-03
1.268725027330219746e-03
1.210450078360736370e-03
1.149975112639367580e-03
1.140319043770432472e-03
1.127155497670173645e-03
1.099742949008941650e-03
1.076073851436376572e-03
1.007529674097895622e-03
9.870245121419429779e-04
9.811163181439042091e-04
9.291868773289024830e-04
9.119010064750909805e-04
8.878316730260848999e-04
8.571606012992560863e-04
8.288824465125799179e-04
7.989963050931692123e-04
7.936175097711384296e-04
7.540114456787705421e-04
6.966931396164000034e-04
6.891842349432408810e-04
6.637677433900535107e-04
6.584289367310702801e-04
6.460940930992364883e-04
6.284674163907766342e-04
6.232601008377969265e-04
5.816175253130495548e-04
5.636565620079636574e-04
5.532182403840124607e-04
5.480886320583522320e-04
5.133617087267339230e-04
4.937194753438234329e-04
4.899592604488134384e-04
4.650960036087781191e-04
4.500781651586294174e-04
4.443147918209433556e-04
4.274704842828214169e-04
4.172339977230876684e-04
4.103367100469768047e-04
4.045379755552858114e-04
3.885772603098303080e-04
3.740999090950936079e-04
3.533269918989390135e-04
3.460753068793565035e-04
3.352870407979935408e-04
3.226533299311995506e-04
3.143137728329747915e-04
2.984129241667687893e-04
2.886120055336505175e-04
2.758131595328450203e-04
2.676331205293536186e-04
2.621444000396877527e-04
2.535008534323424101e-04
2.466640726197510958e-04
2.442062250338494778e-04
2.267474337713792920e-04
2.194879198214039207e-04
2.148138300981372595e-04
2.113259688485413790e-04
1.958448119694367051e-04
1.911857252707704902e-04
1.854568399721756577e-04
1.765070046531036496e-04
1.722165179671719670e-04
1.669575867708772421e-04
1.607440062798559666e-04
1.526411651866510510e-04
1.443451910745352507e-04
1.389316603308543563e-04
1.317483402090147138e-04
1.299272116739302874e-04
1.234758819919079542e-04
1.216458986164070666e-04
1.162013504654169083e-04
1.093756436603143811e-04
1.081595837604254484e-04
1.065252727130427957e-04
1.016727328533306718e-04
9.053898247657343745e-05
8.480697579216212034e-05
8.414164040004834533e-05
8.143657032633200288e-05
7.719751010881736875e-05
6.941666651982814074e-05
6.625978130614385009e-05
5.858637450728565454e-05
5.662931289407424629e-05
5.164979666005820036e-05
5.067198799224570394e-05
4.666806125896982849e-05
4.231402635923586786e-05
3.546148218447342515e-05
1.466523524840113168e-08
-1.360131651750862147e-08
-1.133598459546192316e-08
1.040426145237915989e-08
-1.023856377457832423e-08
-8.832009790182837605e-09
8.593945111101675138e-09
-8.432268217006821942e-09
8.076523450029071682e-09
-7.687630088071273349e-09
7.308112337511829537e-09
-7.131140122851320484e-09
6.667817853411861506e-09
-6.180219003226739005e-09
5.987583762134818244e-09
-5.819813964080822188e-09
5.665079516603555021e-09
-5.618049137012803840e-09
5.359086507894517126e-09
5.131845171035820385e-09
5.034170857953768063e-09
-5.009302306291374407e-09
-4.922019680719813550e-09
-4.778272888472656632e-09
4.600490211004171215e-09
-4.512403783962781745e-09
4.455041668904868857e-09
4.360094951749715619e-09
4.023288369126021280e-09
-3.931655889743979060e-09
-3.808215076617216255e-09
-3.750166843730085020e-09
3.734187625781260067e-09
3.609808230109479155e-09
-3.552146354834917474e-09
3.479873278422473959e-09
-3.474084797616683318e-09
3.261078074245915559e-09
-3.230332223935761249e-09
-3.221546807097297460e-09
3.130035564069544307e-09
3.011789262430397685e-09
2.945172106194604567e-09
-2.903044693525203002e-09
2.790355946302724988e-09
-2.747721827844884501e-09
2.565980983249005476e-09
-2.563075529593561441e-09
-2.461307824219716167e-09
2.438757196188134913e-09
2.336751681042414930e-09
-2.316987712802642818e-09
-2.258530029664029826e-09
2.203503157716113492e-09
2.108972330105984838e-09
-2.075860372485749394e-09
2.015512867714619460e-09
1.922079828631240161e-09
-1.921919734471089214e-09
-1.878233124585904079e-09
1.875018584840404401e-09
-1.813553640594989247e-09
-1.782743397349406678e-09
1.712226693761920160e-09
1.567862173423861805e-09
-1.514030234517349527e-09
1.488619449929728944e-09
-1.474295352466015174e-09
1.408747229980633620e-09
1.378629543857812223e-09
-1.360322521293255704e-09
1.288466333626558935e-09
-1.220762158027355326e-09
1.165115559587093230e-09
1.123108384071258570e-09
-1.097826496376796968e-09
-1.048299114181361347e-09
1.045583952752338064e-09
-9.735110495512344642e-10
9.550386037560087971e-10
-8.832674591729983149e-10
-8.353518987647134963e-10
8.103376858414890194e-10
7.762440135117287809e-10
-7.516154365561078521e-10
-6.772307159508272889e-10
6.260092999532673730e-10
5.612428854995243910e-10
-5.095603383686864163e-10
-4.896933969433803213e-10
4.850146950730049866e-10
4.225995109408131611e-10
3.823491800947209640e-10
-3.814820681569131011e-10
-3.285328953328559010e-10
-2.841359925120912067e-10
2.355438344370242021e-10
-2.081674971288194342e-10
2.049990593944173156e-10
1.125501844501108906e-10
8.682871088794286152e-11
-5.143224041104232924e-11
-1.210844467226801502e-12
