3.772117621071431441e-03 1.710589892443678886e-02
5.534911088850557118e-03 1.404319552817764535e-02
6.706835153286833280e-03 1.461177532535502116e-02
3.780677718018720084e-03 2.035232649486642953e-02
4.615518835438356393e-03 1.676520065257102940e-02
5.280945864597991722e-03 1.831889238283152324e-02
8.076440321483522797e-03 1.576568354547454309e-02
6.050353715066941925e-03 1.720249652303470350e-02
6.908273891497637362e-03 1.919083838851060389e-02
3.018791240481317854e-03 1.823125295856080699e-02
5.215786909777047134e-03 1.844612450471665166e-02
2.383044263177163617e-03 1.948014691572364648e-02
4.826073200392978421e-03 1.635540873526788661e-02
4.206500164058724891e-04 1.988671244452892839e-02
5.318690726978707317e-03 2.054357619033420068e-02
4.339892253542793673e-04 1.989788785248385039e-02
3.598757929451666410e-03 1.264786475712324255e-02
4.355305398587208665e-03 1.047264260954868659e-02
4.487928752152937559e-03 2.017336692189921482e-02
6.056659209407986438e-03 1.630377451120855817e-02
3.130928226101043974e-03 2.232439762414454437e-02
5.794704385784416045e-03 5.794704385784416045e-03
1.620609329849029886e-04 1.552063966550349186e-02
3.295391654646972427e-03 2.049465075258375193e-02
2.002394388688231563e-03 2.061501507165559854e-02
3.286972537626012270e-03 1.863744789036903340e-02
3.277281070014043552e-03 1.829930311943531868e-02
4.340967093003805441e-03 1.053315195233050366e-02
2.290542598425337507e-03 1.633734803793115281e-02
4.970865705933598562e-03 1.649866087304352469e-02
3.805054290166374423e-03 1.824416413160079298e-02
3.128940851164818183e-04 1.775709986449379787e-02
1.942839049764065289e-03 1.944660165194220247e-02
4.433225629447748971e-04 1.979802326505761267e-02
4.495293808605353714e-03 1.381004687787763287e-02
5.564460713718414470e-03 8.264705239606429110e-03
1.954519186613079204e-03 2.190371217893013339e-02
5.089356716020684325e-03 1.305773642900384668e-02
2.185881900462889344e-03 2.064532916611492089e-02
5.116976342696090765e-03 1.537784445859660849e-02
4.139524133203337578e-03 1.127858018927706610e-02
7.965755463148234752e-03 1.385124570458074952e-02
5.967065330461084408e-03 2.264070682223018327e-02
5.440884815429988287e-03 2.034331215858836348e-02
5.349963382029873996e-03 1.469159244772756320e-02
4.517504699452162299e-03 2.154769611344056757e-02
5.573092119256193439e-03 1.959801697475385684e-02
2.722104825412955363e-03 2.076326037541765743e-02
4.188312575162175290e-03 1.111391260873936457e-02
3.871499339319376017e-03 1.204655489692919509e-02
7.258539367964672237e-03 7.258539367964672237e-03
4.888705984276268263e-03 5.882785102893225808e-03
3.051952458812025835e-03 1.348064704847326892e-02
6.821575969195295928e-03 1.738591481864886629e-02
3.772929383965045042e-03 2.035762137159562168e-02
6.614293372394013451e-03 1.745677858259717108e-02
1.340397057672609209e-03 1.925678446720520756e-02
4.101992057123025545e-03 2.357421506351900509e-02
2.327340572807033367e-03 2.116444767289427792e-02
1.369496765025440127e-03 2.292336662767640101e-02
4.568662688205106862e-03 1.726671584671698317e-02
6.479549242180304702e-03 1.567920342526471500e-02
1.713972954970940021e-03 2.064881456055996101e-02
5.077314636418984659e-03 1.869985140937853452e-02
2.677438068848727475e-04 1.975377355039397223e-02
4.276957218455437401e-03 1.432269710175400855e-02
5.669165311050618303e-04 2.000554441812026421e-02
4.459868652721302867e-03 1.652292000226360247e-02
4.155102135352993498e-03 1.122697284507311218e-02
5.036217946944365753e-03 1.979743359935994679e-02
6.481730688305528676e-03 1.790045196190501869e-02
8.540947337172556924e-04 1.604257258615774187e-02
5.200069681746874103e-03 1.863248900638359018e-02
1.592858233154765190e-03 1.419582756947570037e-02
3.543453991581575323e-03 1.811213170289792396e-02
1.155618162685745565e-04 1.839598565663554813e-02
6.242863271238089902e-04 1.994207311705133157e-02
6.349294862376054149e-04 1.883640707956654725e-02
6.175698257998478782e-04 1.383741013194898090e-02
4.945346355734860609e-03 1.581025638610206174e-02
2.627443883454859321e-03 1.856525202191702806e-02
6.009089099114417638e-03 1.166098460078516044e-02
4.204785811423229769e-03 1.847477473536778686e-02
1.863202274061995971e-03 1.931149515072294598e-02
3.186958772435365388e-03 2.065655180675550831e-02
1.230254076489874779e-04 1.961977428466091591e-02
2.584040767798737674e-05 1.335165635147863607e-02
5.332759606322558417e-03 2.246068904687056889e-02
3.512639543548476320e-03 1.896978710669671581e-02
4.026791245913413381e-04 1.976394218555713525e-02
1.119427745620009407e-03 2.027138050257134422e-02
5.043370971931809485e-03 1.586367451248551358e-02
5.273712973165338956e-03 1.903434401295524617e-02
2.574558620818236023e-03 2.077504906143144356e-02
3.801708990785519597e-03 1.221529829342272652e-02
2.622219528727241528e-03 1.816831741586848875e-02
4.907207421832115481e-03 1.618064666070137894e-02
4.474679014420513898e-03 1.957791058409747570e-02
5.330638381256008924e-03 1.629098536202140332e-02
7.976219572490563306e-03 7.976219572490563306e-03
