1.130353120654643817e+01
7.009647382129733373e+00
3.687329582822023610e+00
1.062357091174381818e+00
4.458588390956406688e-01
2.758229207677833639e-01
2.601260758659010297e-01
1.916931251035405015e-01
1.274088805804024505e-01
1.196529805254412937e-01
6.457935761086339155e-02
5.284869313378766364e-02
4.638038648702419442e-02
4.007680770271688370e-02
3.601426739964194018e-02
2.808103325491762697e-02
2.504946970619021870e-02
2.190964048378808357e-02
2.110018427891130824e-02
1.536139337268324113e-02
1.306694307335828920e-02
1.177035044285590186e-02
1.069314454723673848e-02
8.505090772923629486e-03
7.374323737884301740e-03
5.817634652982462719e-03
4.804126423843739328e-03
4.159687243884913586e-03
3.642435628204948855e-03
3.413298439890041867e-03
2.934414622541189378e-03
2.914094560504216710e-03
2.640579606384528197e-03
2.131912322263516350e-03
1.981400710208693853e-03
1.857800248048281514e-03
1.813430714610997970e-03
1.653982641473465296e-03
1.510779005911304937e-03
1.384676399735953805e-03
1.304716300311706311e-03
1.115985896089143319e-03
1.003432087269021718e-03
9.670970944802356880e-04
8.703608567669764108e-04
8.512934200906286612e-04
7.731008321486925990e-04
6.908436508598314292e-04
6.820098867934030551e-04
5.963547952262766502e-04
5.405197040422462075e-04
5.065756199296192431e-04
4.751403733748066393e-04
4.634829834721504839e-04
4.301988795466679910e-04
3.900470442493890661e-04
3.681575789120617673e-04
3.540436763098340480e-04
3.259343931729185391e-04
3.187475136324818999e-04
3.015686643946759908e-04
2.984641555569176284e-04
2.739024715168057104e-04
2.679445928211826545e-04
2.607577242367164669e-04
2.346192195904422224e-04
2.266355907816288188e-04
2.221034494177151985e-04
2.177491884249672710e-04
2.030461802994007285e-04
1.949549215692438268e-04
1.894828072898770231e-04
1.826765178156347419e-04
1.754898423686427483e-04
1.685610518170301464e-04
1.612955150081130259e-04
1.580895562951485742e-04
1.506652318221516121e-04
1.482220770269196105e-04
1.389269069362394243e-04
1.360152603963184041e-04
1.317737307221562729e-04
1.276741251344859550e-04
1.237771810419099157e-04
1.168788719363980172e-04
1.137365953988535077e-04
1.091740649638164667e-04
1.037995156089324759e-04
1.032427687656466668e-04
1.000052521900082449e-04
9.594747237852484061e-05
9.416495819031248300e-05
9.155526561993666324e-05
8.772285182410682750e-05
8.397940870008731296e-05
7.996057804060140075e-05
7.690072644429837780e-05
7.267747593349336264e-05
7.143217104382068464e-05
6.853418816376070054e-05
6.824464566455852685e-05
6.532846275186487126e-05
6.308993016950613538e-05
6.251119762512692766e-05
5.942312463481507916e-05
5.876315422459648573e-05
5.765869514655439648e-05
5.599775163692552384e-05
5.421894006681107862e-05
5.364857040746088065e-05
5.083450319196065512e-05
4.940238107580700378e-05
4.793867092133690701e-05
4.707294480874823871e-05
4.656944698444431135e-05
4.530180396320126834e-05
4.419177301038719089e-05
4.386730920080032461e-05
4.297215116049630526e-05
4.233303587151671766e-05
4.134203667357396589e-05
3.964628819295441781e-05
3.901628363596660893e-05
3.853372129469471313e-05
3.745706471998183959e-05
3.637499206205311328e-05
3.561897710801434895e-05
3.465193256497240586e-05
3.365306214701443402e-05
3.345101418335228935e-05
3.227748501676536668e-05
3.164773260001089192e-05
3.038851634841774574e-05
2.996785941256850436e-05
2.924935434470668746e-05
2.862132201339181458e-05
2.807211248926194918e-05
2.717120831234883747e-05
2.654243218033440821e-05
2.617959958813911227e-05
2.565689873176532190e-05
2.546416798814222148e-05
2.481707093569342530e-05
2.427967546844946975e-05
2.357715425025795375e-05
2.290615105227762697e-05
2.257860145306810165e-05
2.225103800128313449e-05
2.168398581299628696e-05
2.115442492664540211e-05
2.088825437007390431e-05
2.083172876250621728e-05
1.971115612384151413e-05
1.935361955891374069e-05
1.901310935182207412e-05
1.800150864498102250e-05
1.769269183581924365e-05
1.745833116896510572e-05
1.718031717229131803e-05
1.667672649755006385e-05
1.631114211952509562e-05
1.616423153374487749e-05
1.600472247534994293e-05
1.556438378028482291e-05
1.542538012023594911e-05
1.507733205005997888e-05
1.490255337312767963e-05
1.425861540935752884e-05
1.409363464136725551e-05
1.404361908912223426e-05
1.387005471810495823e-05
1.351488219864275908e-05
1.314799019723457906e-05
1.278935937101282747e-05
1.236963664208556288e-05
1.192434017870082931e-05
1.178239436215300351e-05
1.149706593450131125e-05
1.111131856985226311e-05
1.085213094834516155e-05
1.039190067132139647e-05
1.027600003221119207e-05
9.958101234743243064e-06
9.865186374149704523e-06
9.767408463530975057e-06
9.684254830484419430e-06
9.427904128067074549e-06
9.037492599182764532e-06
9.004023272618817952e-06
8.576697124061377411e-06
8.367510620054415853e-06
8.287467827557355442e-06
8.148051717217353785e-06
7.840868191027043315e-06
7.791384205835308997e-06
7.505802231686346069e-06
7.491088038557086121e-06
7.356998345350765092e-06
7.199478927412430251e-06
6.942714363500326420e-06
6.914689389765119349e-06
6.697623762787698770e-06
6.466077615409782283e-06
6.375114597397180176e-06
6.253407130347205107e-06
6.011024118346766981e-06
5.866590550461990935e-06
5.771892332534720345e-06
5.651006851806950662e-06
5.449868945709867411e-06
5.289280468115986123e-06
5.159486789396828734e-06
5.041182478781302638e-06
4.901803398573044957e-06
4.732384026461572891e-06
4.608715564562737926e-06
4.593347868139354842e-06
4.420685475386448424e-06
4.331087039291378506e-06
4.225119382758096823e-06
4.136571153116889901e-06
4.012612758409505101e-06
3.825070548071096890e-06
3.811779536173986035e-06
3.729329457863868196e-06
3.589947011634031788e-06
3.538422847686086365e-06
3.316895568835282878e-06
3.158517262646424691e-06
3.122061355177814064e-06
3.028681383245990465e-06
2.840292377512394712e-06
2.764099852413557723e-06
2.657722659037186985e-06
2.538193022433514423e-06
2.478285592708722939e-06
2.459884661746220881e-06
2.428865337580519208e-06
2.281693242083226863e-06
2.230041383727309198e-06
2.170724935626333172e-06
2.081736772136535671e-06
1.999201325894536564e-06
1.977794516568052006e-06
1.872678641517632215e-06
1.804359482900915273e-06
1.719190441284547314e-06
1.650937044413995038e-06
1.580167432844653998e-06
1.522932225476576911e-06
1.486813254472700827e-06
1.370314347993589856e-06
1.365231145080942125e-06
1.292640035235009908e-06
1.259174070907766175e-06
1.203467730702358701e-06
1.148712739611547468e-06
1.069035642110914693e-06
1.048569222049649639e-06
1.020460088483998936e-06
9.848626876277155225e-07
9.613831487005120045e-07
9.124332731279803648e-07
8.799894429636372709e-07
8.202907581804503559e-07
7.837538413463223084e-07
7.649941985785034963e-07
7.203793242714196167e-07
7.106734114879289178e-07
6.639482171521775194e-07
6.414208417571662612e-07
6.259540371305033686e-07
6.055419879029588429e-07
5.655284468130838502e-07
5.347395316768149816e-07
5.321821206645158816e-07
5.144675001293692057e-07
4.982349773896061285e-07
4.245260069283032384e-07
3.791178453670939024e-07
3.780870774427747776e-07
3.369784259855799507e-07
3.262714648464505983e-07
3.002726007553816362e-07
2.786925578750773881e-07
2.682310265679853840e-07
2.375900775481049749e-07
1.765401029071287874e-07
1.739797123398324914e-07
1.627490165231607964e-07
1.589201657552744365e-07
1.251001358070792653e-07
1.242477824240629077e-07
9.395021107121980270e-08
7.533674220524344043e-08
5.409340209548905077e-08
1.112115959174667016e-08
