4.567011260986328125e+01
2.815207290649414062e+01
1.542133522033691406e+01
4.283633232116699219e+00
2.913675069808959961e+00
1.825182914733886719e+00
1.322951078414916992e+00
4.923708140850067139e-01
4.516382217407226562e-01
2.963401675224304199e-01
2.809399068355560303e-01
2.582283318042755127e-01
1.104997545480728149e-01
9.469028562307357788e-02
6.235624849796295166e-02
5.536450445652008057e-02
4.453306272625923157e-02
3.908092156052589417e-02
3.536708280444145203e-02
3.153322264552116394e-02
2.247458137571811676e-02
1.922621764242649078e-02
1.040013320744037628e-02
7.909169420599937439e-03
7.415290921926498413e-03
5.678039975464344025e-03
4.996934905648231506e-03
3.907736856490373611e-03
3.292409004643559456e-03
2.699505072087049484e-03
2.144119935110211372e-03
1.850369852036237717e-03
1.620921306312084198e-03
1.466832356527447701e-03
1.383212860673666000e-03
1.320872339420020580e-03
1.174536533653736115e-03
1.129383686929941177e-03
1.055056112818419933e-03
1.044415053911507130e-03
9.590890258550643921e-04
9.049457730725407600e-04
8.138585253618657589e-04
7.941829971969127655e-04
7.380611496046185493e-04
6.890282966196537018e-04
6.467818748205900192e-04
6.025162874720990658e-04
5.694105057045817375e-04
5.146995536051690578e-04
5.021416000090539455e-04
4.571014724206179380e-04
4.326363268774002790e-04
4.121873644180595875e-04
3.842208534479141235e-04
3.599965712055563927e-04
3.375081869307905436e-04
3.311357868369668722e-04
3.130374534521251917e-04
2.928175963461399078e-04
2.769245184026658535e-04
2.701977791730314493e-04
2.518563123885542154e-04
2.335411991225555539e-04
2.310131967533379793e-04
2.198383881477639079e-04
2.071050839731469750e-04
1.956304331542924047e-04
1.923300005728378892e-04
1.768828224157914519e-04
1.639256515773013234e-04
1.632176135899499059e-04
1.509831490693613887e-04
1.487345871282741427e-04
1.422697678208351135e-04
1.383245835313573480e-04
1.291747175855562091e-04
1.224255101988092065e-04
1.204251529998145998e-04
1.162416810984723270e-04
1.083872266463004053e-04
1.061049042618833482e-04
1.022088981699198484e-04
9.898774442262947559e-05
9.492760000284761190e-05
8.879911911208182573e-05
8.698632882442325354e-05
8.425785927101969719e-05
8.216856076614931226e-05
8.013429032871499658e-05
7.683357398491352797e-05
7.169140008045360446e-05
6.688182475045323372e-05
6.482320168288424611e-05
6.321029650280252099e-05
6.237491470528766513e-05
5.992484148009680212e-05
5.727287862100638449e-05
5.473846977110952139e-05
5.367358971852809191e-05
5.261304249870590866e-05
4.880630149273201823e-05
4.620960680767893791e-05
4.557308784569613636e-05
4.381264443509280682e-05
4.272360456525348127e-05
4.191946209175512195e-05
3.851894871331751347e-05
3.793049472733400762e-05
3.676672713481821120e-05
3.604188532335683703e-05
3.462925451458431780e-05
3.347511665197089314e-05
3.262935206294059753e-05
3.093232226092368364e-05
3.010550062754191458e-05
2.911107003455981612e-05
2.811369449773337692e-05
2.663824670889880508e-05
2.620931445562746376e-05
2.558103369665332139e-05
2.550910357967950404e-05
2.392749775026459247e-05
2.317583857802674174e-05
2.245876385131850839e-05
2.196595232817344368e-05
2.128802771039772779e-05
2.078446595987770706e-05
2.041105653916019946e-05
2.005768328672274947e-05
1.902826807054225355e-05
1.862650242401286960e-05
1.826168045226950198e-05
1.801849430194124579e-05
1.725143374642357230e-05
1.688530937826726586e-05
1.656838503549806774e-05
1.601352050784043968e-05
1.547836473037023097e-05
1.521680587757145986e-05
1.464263823436340317e-05
1.439151219528866932e-05
1.392177273373818025e-05
1.381514903187053278e-05
1.354086725768866017e-05
1.332066676695831120e-05
1.315488043474033475e-05
1.270234406547388062e-05
1.233176408277358860e-05
1.196414996229577810e-05
1.154734854935668409e-05
1.121564037021016702e-05
1.079926278180209920e-05
1.052789139066589996e-05
1.007732134894467890e-05
9.979808055504690856e-06
9.766223229235038161e-06
9.586380656401161104e-06
9.508050425210967660e-06
9.102375770453363657e-06
9.037629752128850669e-06
8.884666385711170733e-06
8.591999176132958382e-06
8.382853593502659351e-06
8.324892405653372407e-06
7.956816261867061257e-06
7.870669833209831268e-06
7.626540536875836551e-06
7.419650955853285268e-06
7.197391369118122384e-06
6.950844181119464338e-06
6.920113264641258866e-06
6.584584298252593726e-06
6.508049864351050928e-06
6.292515990935498849e-06
6.177252544148359448e-06
6.008776836097240448e-06
5.901286385778803378e-06
5.851982223248342052e-06
5.700489964510779828e-06
5.591633453150279820e-06
5.358827365853358060e-06
5.278056505630956963e-06
5.103398052597185597e-06
4.981628990208264440e-06
4.881744644080754369e-06
4.736214577860664576e-06
4.700539648183621466e-06
4.593353423842927441e-06
4.510945473157335073e-06
4.390097728901309893e-06
4.223797532176831737e-06
4.098701538168825209e-06
3.978871973231434822e-06
3.896942416758975014e-06
3.757543026949861087e-06
3.675121206470066682e-06
3.643584022938739508e-06
3.552401949491468258e-06
3.422860800128546543e-06
3.353277634232654236e-06
3.255931915191467851e-06
3.185135710737085901e-06
3.148136784147936851e-06
3.092092583756311797e-06
2.941035290859872475e-06
2.891902795454370789e-06
2.768108288364601322e-06
2.665619604158564471e-06
2.631535153341246769e-06
2.523158173062256537e-06
2.486307721483171917e-06
2.462422571625211276e-06
2.369629783061100170e-06
2.254854507555137388e-06
2.252293597848620266e-06
2.219058160335407592e-06
2.116034011123701930e-06
2.064629143205820583e-06
1.970884341062628664e-06
1.943534925885614939e-06
1.893661305985006038e-06
1.873503151728073135e-06
1.818953023757785559e-06
1.776532485564530361e-06
1.689244072622386739e-06
1.673491397014004178e-06
1.586863277225347701e-06
1.527353560959454626e-06
1.501145447946328204e-06
1.409734068147372454e-06
1.355263407276652288e-06
1.286277893086662516e-06
1.247234877155278809e-06
1.212828465213533491e-06
1.171596750282333232e-06
1.121817717830708716e-06
1.106090621760813519e-06
1.084470341083942913e-06
1.059817691384523641e-06
1.034217802953207865e-06
9.633981790102552623e-07
9.615330327505944297e-07
9.115428269979020115e-07
8.563048368159797974e-07
8.233536732404900249e-07
8.020643917916459031e-07
7.799259265084401704e-07
7.398421644211339299e-07
7.112182061064231675e-07
6.979101385695685167e-07
6.713268589919607621e-07
6.357864208439423237e-07
6.199392714734131005e-07
5.882628784092958085e-07
5.720670515074743889e-07
5.631508770420623478e-07
5.387896635511424392e-07
5.082044367554772180e-07
4.912061513095977716e-07
4.638060318029602058e-07
4.445627723725920077e-07
4.343288253494392848e-07
-4.043120043206727132e-07
3.808814028616325231e-07
3.743454328741790960e-07
3.585525973903713748e-07
3.431031814216112252e-07
3.257432013015204575e-07
3.160249946176918456e-07
-3.034555220438051037e-07
2.979028579375153640e-07
-2.832262282481678994e-07
2.502509630630811444e-07
-2.328052346456388477e-07
2.219560570893008844e-07
-2.157530190061152098e-07
2.151480487100343453e-07
1.967172096328795305e-07
1.747764883930358337e-07
1.631949118063857895e-07
-1.597409777787106577e-07
1.441869272866824758e-07
-1.354832903643909958e-07
1.321996876413322752e-07
-1.200352812702476513e-07
1.163948510907175660e-07
8.881605140231840778e-08
8.588503419559856411e-08
-7.933407886184795643e-08
-7.357403575269927387e-08
5.815776304984865419e-08
-5.727629570628778310e-08
4.744913795207139628e-08
3.307549079067939601e-08
-2.446199331984644232e-08
4.027558286878729632e-09
