3.790949159608500083e-03 1.739356840820210220e-02
5.916386172850575907e-03 1.224984563554886233e-02
5.533633850783743410e-03 1.851819117980312707e-02
3.303618149630938201e-03 2.061233831009896475e-02
3.519113274739953806e-03 1.813132070667112378e-02
5.357093324793097203e-03 1.816343867197136447e-02
7.197123013565108821e-03 1.978130480981336176e-02
6.947250386814915468e-03 1.313048785130331748e-02
4.589594616338088864e-03 2.324039610922454258e-02
4.968248532355744318e-03 1.575567823048096977e-02
5.459042765169804141e-03 1.794321623333234098e-02
3.221285540713068451e-03 1.927117032548209680e-02
4.629464880824735000e-03 1.673987740164252155e-02
5.824877737667097984e-04 1.879691965481004867e-02
4.982455734742312348e-03 2.102583073024142171e-02
1.022814916612678699e-03 2.032320347719025061e-02
3.408922296801240263e-03 1.298577132086841009e-02
4.442463849020167332e-03 1.007770070646164806e-02
4.928250481144672186e-03 1.960465635101533294e-02
5.709667850786180957e-03 1.733599451598396429e-02
4.577256974082876025e-03 2.325044839278989084e-02
5.425272488224234559e-03 9.737338336021627086e-03
3.759942411946500733e-04 1.570685863051355172e-02
2.079897373428108570e-03 2.062960976689331982e-02
3.582812803171258990e-03 2.035203467169592953e-02
2.113609413634573008e-03 1.892016540303146158e-02
5.147140064902326270e-03 1.560014668093127020e-02
3.660878891770944638e-03 1.252395142143298591e-02
2.383933956791575194e-03 1.631544545861457127e-02
4.429716437236342827e-03 1.748647760737269408e-02
3.602487925306542028e-03 1.842056122854882419e-02
4.448823857787099893e-04 1.786789247009897344e-02
1.531917005660416191e-03 2.058171128576149686e-02
4.448823857787099893e-04 2.175178122792570390e-02
3.972037047451588976e-03 1.490375442690802799e-02
5.024836331354600415e-03 1.637841994980993726e-02
3.040675447908698040e-03 2.070187854182337084e-02
6.155291008741414945e-03 1.323631395440775203e-02
2.317784165455995509e-03 2.065795255695569016e-02
5.933089050694726092e-03 1.215002288165687588e-02
4.286993937889379234e-03 1.075105393381126095e-02
7.579805172222443994e-03 1.161660934582840407e-02
5.937852671735655355e-03 2.268837627553212805e-02
4.458346859460647800e-03 1.703422500465876302e-02
5.263919376725101351e-03 1.496000937060792436e-02
5.349170579528739547e-03 2.049494732598575869e-02
5.717091040725886739e-03 1.930699893623712832e-02
2.218047360973524409e-03 1.947841904666317708e-02
2.389856783204015629e-03 1.402516477586340099e-02
2.010778392854384831e-03 1.416424264034992289e-02
5.346527055483169498e-03 1.834716433782052070e-02
4.988127285508175447e-03 4.988127285508175447e-03
3.299336076347578368e-03 1.315570287866324808e-02
6.723887259451240446e-03 1.774127025577570266e-02
2.778289608710748232e-03 2.199188565054537720e-02
6.883878527890250135e-03 1.640603350662298010e-02
1.164975547533419597e-03 1.917176304157604955e-02
4.432906726765650611e-03 2.336167885373614805e-02
3.320691225347543758e-03 2.102324858951337347e-02
1.586321441425231566e-03 2.303005498523256339e-02
4.823875701667652838e-03 1.680420483120597525e-02
6.293833630555681000e-03 1.640135830960028074e-02
2.059405273943480143e-03 1.946441947456573757e-02
4.702183439208317689e-03 1.777493574965501033e-02
4.448823857787099893e-04 1.990696370648810040e-02
3.417206445825780696e-03 1.565631984495302956e-02
1.577384348103884077e-03 2.059974120322043828e-02
5.277330658019593022e-03 1.458871877333682565e-02
4.125669521077700297e-03 1.132374209797550393e-02
4.546266387704007983e-03 2.043918031211242742e-02
6.194212708512046930e-03 1.873682127651950940e-02
1.485058262432836351e-03 1.931696183751361109e-02
4.332915611669883697e-03 1.722867480184138433e-02
1.140446999463883004e-03 1.680162513117707326e-02
3.602487925306542028e-03 1.784543943712145822e-02
2.377996378563606303e-04 1.850949174150981480e-02
1.456219434416774388e-03 2.044009727368657769e-02
5.317361552716549011e-04 1.875763447237736858e-02
8.573987875778758469e-04 1.397800758135020124e-02
5.226184701128505986e-03 1.507194755545503487e-02
1.946473924877826231e-03 1.859064392258929013e-02
5.255856181728629263e-03 1.498421278723696681e-02
4.300164457207367001e-03 1.977345533035159905e-02
1.681497364919378465e-03 1.926564164516498395e-02
1.426797827138163999e-03 2.053681577725715440e-02
6.062724968774402734e-04 2.003612291279621010e-02
3.759942411946500733e-04 1.366274337860436637e-02
5.548941304233948740e-03 2.216170125319927298e-02
4.368658303250323380e-03 1.811903735728810985e-02
5.824877737667097984e-04 1.879691965481004867e-02
4.021556785708769663e-03 2.003886616692471950e-02
5.066862457688761125e-03 1.580576546038051783e-02
4.477332098756632746e-03 2.018513089363340243e-02
2.868419627556551953e-03 2.062400524039882319e-02
3.914676099527394752e-03 1.193636359727694510e-02
5.166330533841102628e-03 1.492684708361452506e-02
4.496237174110182151e-03 1.697204042780968078e-02
5.414839262245329035e-03 1.804045739649119337e-02
5.694792442487034596e-03 1.520597087004531625e-02
8.057162688799295036e-03 8.057162688799295036e-03
