1.130863106136707152e+00
7.225129080618560851e-01
3.369169874963015010e-01
3.238668743246261306e-01
2.702808421533955952e-01
1.669350634077392259e-01
1.508661060127806652e-01
1.326801009468321080e-01
9.964633228347233307e-02
8.972495673859125220e-02
8.468449096991985392e-02
6.347119312381564737e-02
6.024804317245553709e-02
5.361207465443518921e-02
5.064859705613192903e-02
4.519690467231273628e-02
4.328952101178810963e-02
3.965996658995814272e-02
3.662363946823278538e-02
3.585160442284705123e-02
3.491330214801238035e-02
3.049667304942890733e-02
3.017228767630581246e-02
2.846981419871132124e-02
2.626766902973409409e-02
2.517658242136854713e-02
2.378702689049192603e-02
2.195271776005366590e-02
2.092262219672937767e-02
1.981085912802706475e-02
1.957996457844502977e-02
1.879796261216741191e-02
1.819827775667103367e-02
1.704319114964022649e-02
1.597506205883518840e-02
1.540990756278735191e-02
1.463297522052175136e-02
1.440900197811219828e-02
1.346690803468621883e-02
1.322925032168898243e-02
1.246054523935869775e-02
1.223501442696593548e-02
1.168041674605415844e-02
1.128512202327717866e-02
1.083179421154519158e-02
1.048058974201345264e-02
1.008868234417689171e-02
9.523993458803170498e-03
9.401522301065433698e-03
8.876350831069801384e-03
8.849222104237778469e-03
8.464083472183275836e-03
7.933674878150758641e-03
7.652903468497957405e-03
7.288356192249683362e-03
7.212982481976677046e-03
6.991225677905553090e-03
6.678581689317746387e-03
6.365111736228730444e-03
6.233166790555130961e-03
5.956713086216980368e-03
5.826483559058853387e-03
5.603874497503364902e-03
5.500379583620608123e-03
5.226172418207279853e-03
5.030544734355866555e-03
4.873678370120748497e-03
4.763355355722540332e-03
4.609776489547543453e-03
4.507457165641170355e-03
4.333099307159075063e-03
4.263570719875525890e-03
4.090043978376357164e-03
4.027523108890746113e-03
3.759179969212943489e-03
3.739079933103508710e-03
3.639948037138638140e-03
3.416613453391463464e-03
3.344426392904927513e-03
3.221506408093786477e-03
3.014071802330942247e-03
2.960904119841811701e-03
2.911634107096783882e-03
2.812810039775849504e-03
2.705942890463540820e-03
2.653110957273320265e-03
2.559318874836408273e-03
2.524844682443217869e-03
2.414618703923081169e-03
2.319033949691152400e-03
2.277976610015098029e-03
2.195030055483495994e-03
2.157211673254558031e-03
2.090520895821875239e-03
2.062570392143201706e-03
1.928503929557851514e-03
1.913193893100518551e-03
1.838065763282604927e-03
1.799847518188679501e-03
1.740274190806722840e-03
1.695089193324860345e-03
1.626119303244617439e-03
1.602011970098368362e-03
1.541708340109585601e-03
1.507375789032083845e-03
1.376302898174337676e-03
1.347104846750485059e-03
1.339012084817369375e-03
1.290732297737592123e-03
1.283401494680033684e-03
1.263829661194130864e-03
1.248160310959518880e-03
1.174519830178083132e-03
1.159286780238860323e-03
1.063720288568588282e-03
1.011416183045332588e-03
9.888368173304466942e-04
9.562275912588453011e-04
9.325317702502959518e-04
8.938136108279421841e-04
8.731892536448939519e-04
8.526313953126421746e-04
8.006135440990850552e-04
7.789507901380401077e-04
7.555628785332038546e-04
7.188086299174501577e-04
6.850688404849508912e-04
6.662824198569627021e-04
6.413316343179209728e-04
6.094636135789371998e-04
5.562513005903628330e-04
5.428965013340137594e-04
5.288891698794806516e-04
4.738309848102591746e-04
4.716040764547200300e-04
4.578666843551418069e-04
4.372634774904519267e-04
3.895673209790556776e-04
3.827209526895164362e-04
3.523012066309046749e-04
3.124743668422784817e-04
2.844037121074196022e-04
3.933321363480514048e-08
3.693376136087381945e-08
3.477514383750104856e-08
3.293204515554842680e-08
3.249829901887471666e-08
2.908982342149043790e-08
2.777384321117212376e-08
2.710819661413488555e-08
2.633015795861034939e-08
2.544126457059244638e-08
2.512469617267162091e-08
2.426629265782110703e-08
2.285297005726689164e-08
2.270594443213959691e-08
2.209852235461154581e-08
2.099903303867246602e-08
2.039151947328552606e-08
1.999334990216091319e-08
1.947045110036797445e-08
1.806648311345984777e-08
1.804376437877206756e-08
1.787107304001820903e-08
1.712102981904259882e-08
1.694306151628515768e-08
1.688020361800674089e-08
1.639236886685188734e-08
1.614597105488107963e-08
1.576842468910430157e-08
1.456453519453068258e-08
1.444347291261874039e-08
1.433114775820640363e-08
1.376122869350929576e-08
1.373787251600359505e-08
1.336049437891237590e-08
1.325961220336135239e-08
1.291104695274673579e-08
1.286095126478064254e-08
1.266661129495157813e-08
1.253764570283216953e-08
1.227390190369108975e-08
1.174539431130929630e-08
1.171539321964828475e-08
1.131895823511152428e-08
1.130300272042657959e-08
1.122336256768862170e-08
1.109951865713263421e-08
1.079608756066729320e-08
1.064206983745322210e-08
1.057789948125960934e-08
1.054801655663660145e-08
1.011000181218856732e-08
9.853966960448034256e-09
9.673158668642464051e-09
9.389845706319949879e-09
9.273041947036589746e-09
9.010187890699875650e-09
8.876368457749390643e-09
8.717839606394274087e-09
8.508710602350239179e-09
8.235946257665774238e-09
7.809081264072917304e-09
7.683121743079871490e-09
7.539493844214405947e-09
7.508227201731450912e-09
7.402607737420727810e-09
7.243756233100105611e-09
7.094013049922698866e-09
6.996316291991965383e-09
6.864822516240905764e-09
6.839823012688999594e-09
6.557396185906717734e-09
6.538285584626239112e-09
6.342772080150847726e-09
6.329953736133883298e-09
6.237059029738651447e-09
5.991389219656012979e-09
5.797697947438807819e-09
5.750607475789616561e-09
5.666607505248647275e-09
5.565831252024517090e-09
5.494343684592358827e-09
5.416641551817985511e-09
5.363052267533779598e-09
5.223413225950064550e-09
5.052917496377727283e-09
5.010238170125777956e-09
4.854175334277680127e-09
4.685794234180803080e-09
4.530600913838923064e-09
4.492217437240499621e-09
4.353885940325496248e-09
4.351790394917904935e-09
4.154080178933452928e-09
4.145652692250553966e-09
3.973088188100972377e-09
3.910779342207234239e-09
3.864539517841817444e-09
3.772323714670939449e-09
3.544586183274032978e-09
3.521823101597437033e-09
3.472376085117415176e-09
3.423441504120011249e-09
3.297530227026137919e-09
3.235254555181644411e-09
3.151743082817895173e-09
3.129723965761172847e-09
3.050888211443340922e-09
2.897564134874967500e-09
2.866071514537489856e-09
2.820881925998130386e-09
2.734761638800254800e-09
2.609743709968004561e-09
2.586990236355899043e-09
2.502393753318399260e-09
2.464157774164404078e-09
2.282961789076657217e-09
2.262923533281094707e-09
2.213274251786412606e-09
2.143434265582159153e-09
2.050255374615718445e-09
2.016226710100332667e-09
1.857825623068105861e-09
1.803851382709060632e-09
1.732866398127961982e-09
1.655071396219063284e-09
1.607513478937327227e-09
1.558604974273761590e-09
1.408011231265997528e-09
1.272127441964304561e-09
1.253311523888591606e-09
1.223837843811122050e-09
1.078020097821724698e-09
1.072437827707082351e-09
1.037037286322571814e-09
9.648921403331072708e-10
8.750608329110767238e-10
8.251871582675090695e-10
7.690323669745444042e-10
7.434584639187522290e-10
6.772157729112689282e-10
6.143892661560447924e-10
5.963103784128933342e-10
5.277558806475219417e-10
5.272036598563414416e-10
4.961553224905762093e-10
4.436671321558401585e-10
3.965211667548791387e-10
3.433578569907376850e-10
2.992086175828654416e-10
2.910992091504056407e-10
2.551626281413506580e-10
9.938882422772433328e-11
9.313682250112712284e-11
8.414705825902945965e-11
1.884293350689656016e-11
