2.219473600387573242e+00
1.344227313995361328e+00
7.013970613479614258e-01
6.055185794830322266e-01
5.039536952972412109e-01
2.917815744876861572e-01
2.223988324403762817e-01
2.106531560420989990e-01
1.481482535600662231e-01
1.322835534811019897e-01
1.137899607419967651e-01
8.278744667768478394e-02
7.658208906650543213e-02
6.035191193222999573e-02
5.709887668490409851e-02
4.573063552379608154e-02
4.262226074934005737e-02
4.084905982017517090e-02
3.804462030529975891e-02
3.528881445527076721e-02
3.145871311426162720e-02
2.950642816722393036e-02
2.669394388794898987e-02
2.477756142616271973e-02
2.417358383536338806e-02
2.315097488462924957e-02
2.101376838982105255e-02
1.962409541010856628e-02
1.869665645062923431e-02
1.783083193004131317e-02
1.714744418859481812e-02
1.569045335054397583e-02
1.503540482372045517e-02
1.452929619699716568e-02
1.387410145252943039e-02
1.296649221330881119e-02
1.182734873145818710e-02
1.170895621180534363e-02
1.140765193849802017e-02
1.094096805900335312e-02
1.012542564421892166e-02
9.946107864379882812e-03
9.449672885239124298e-03
9.114691987633705139e-03
8.791782893240451813e-03
8.383826352655887604e-03
8.239096030592918396e-03
8.087815716862678528e-03
7.632028777152299881e-03
7.427216973155736923e-03
6.749559193849563599e-03
6.604548078030347824e-03
6.269098259508609772e-03
5.953478626906871796e-03
5.749342497438192368e-03
5.447567440569400787e-03
5.211492069065570831e-03
5.112773738801479340e-03
4.930676426738500595e-03
4.821821115911006927e-03
4.629005677998065948e-03
4.325031768530607224e-03
4.247738048434257507e-03
4.137322772294282913e-03
3.846748266369104385e-03
3.778459737077355385e-03
3.729668213054537773e-03
3.522918792441487312e-03
3.431472461670637131e-03
3.195253200829029083e-03
3.109159180894494057e-03
2.994304290041327477e-03
2.831476042047142982e-03
2.733262954279780388e-03
2.671477384865283966e-03
2.607833826914429665e-03
2.506326418370008469e-03
2.433380577713251114e-03
2.284479094669222832e-03
2.219766611233353615e-03
2.176442882046103477e-03
2.089698798954486847e-03
1.980790635570883751e-03
1.903600059449672699e-03
1.823199796490371227e-03
1.777684548869729042e-03
1.714466023258864880e-03
1.673367572948336601e-03
1.581356395035982132e-03
1.568249659612774849e-03
1.468521426431834698e-03
1.436448539607226849e-03
1.391868456266820431e-03
1.345321768894791603e-03
1.316899433732032776e-03
1.286859274841845036e-03
1.232032896950840950e-03
1.159465289674699306e-03
1.118550193496048450e-03
1.079065026715397835e-03
1.074249739758670330e-03
1.052263891324400902e-03
1.003042561933398247e-03
9.463006281293928623e-04
9.178820764645934105e-04
8.918932871893048286e-04
8.700659964233636856e-04
8.275386062450706959e-04
7.928750710561871529e-04
7.889858679845929146e-04
7.356050773523747921e-04
7.144596893340349197e-04
6.824818556196987629e-04
6.654647295363247395e-04
6.306887953542172909e-04
6.102524930611252785e-04
5.970294005237519741e-04
5.874284543097019196e-04
5.652626277878880501e-04
5.320405471138656139e-04
5.177837447263300419e-04
5.135755636729300022e-04
4.960498190484941006e-04
4.710831271950155497e-04
4.253054794389754534e-04
4.144923004787415266e-04
4.050855059176683426e-04
3.685231495182961226e-04
3.571069973986595869e-04
3.518427256494760513e-04
3.423131129238754511e-04
3.336786758154630661e-04
3.016466507688164711e-04
2.898679813370108604e-04
2.786307595670223236e-04
2.419424126856029034e-04
2.342208317713811994e-04
2.187678037444129586e-04
2.074640506180003285e-04
1.982636458706110716e-04
1.715185062494128942e-04
1.462228101445361972e-04
-3.127014380766013346e-08
-2.517027475334998599e-08
2.291955603084261384e-08
1.922157721878647862e-08
1.842179386812858866e-08
-1.652161785159478313e-08
-1.560598938965540583e-08
1.508008473649624648e-08
-1.453300146891933764e-08
1.383328918080906078e-08
1.376055003277087962e-08
-1.316316833310793299e-08
-1.257087678396828778e-08
1.232347646151765730e-08
-1.226582835300860097e-08
1.200003385548598089e-08
1.162920426622804371e-08
-1.154615336673714410e-08
-1.101745272791276875e-08
1.070588417917406332e-08
1.024552442885351411e-08
-1.008527039658702051e-08
-9.853354576705442014e-09
9.573896342374155211e-09
-9.513461129984079889e-09
9.190462613162253547e-09
-9.031141168236445083e-09
9.014922142114301096e-09
-8.524505545892679947e-09
8.436994214378046308e-09
8.197646117480417161e-09
7.912589694569760468e-09
-7.823520498106972809e-09
7.621498099297241424e-09
-7.524839418238116195e-09
-7.417920944163824970e-09
7.155652514967414390e-09
6.993058576654220815e-09
-6.885616077312306516e-09
6.726346146734840659e-09
-6.713109623746049692e-09
6.505030292203173303e-09
-6.424794918302723090e-09
6.250965967069532780e-09
-6.139207808786295573e-09
-5.966230620657597683e-09
5.943056713419991866e-09
-5.840504080367736606e-09
5.802213820516044507e-09
-5.514554146657246747e-09
5.501438415933534998e-09
-5.452046369924801184e-09
5.337722708276260164e-09
-5.264938707227884152e-09
-5.236344691184058320e-09
5.220192278443391842e-09
5.077506859407776574e-09
-4.918149887345180105e-09
-4.860614133406215842e-09
4.758037963625838529e-09
-4.638217365737773434e-09
-4.537611619781500849e-09
4.537223041722882044e-09
4.452446411562505091e-09
-4.448679646884556860e-09
-4.281754506507695623e-09
4.253639662721298009e-09
4.221415661476157766e-09
-4.155939148375864534e-09
3.941618142988545515e-09
-3.930927583439824957e-09
3.834967010618584027e-09
-3.826492900316225132e-09
3.768921619240472864e-09
-3.725076691551976182e-09
3.672830262146931091e-09
-3.485277177972534446e-09
3.452296226669204771e-09
-3.404438064791293073e-09
3.293556982697509739e-09
-3.256188874090071295e-09
3.050287800121509463e-09
-2.956149103283678414e-09
2.931499931690950689e-09
2.837762025365009322e-09
-2.804408927303825294e-09
-2.759160011578387639e-09
2.671420196165286143e-09
-2.631458384527718408e-09
2.564349399492016346e-09
-2.527939635399434337e-09
2.507341667623563808e-09
-2.484837891003621735e-09
2.446406410783197316e-09
2.441482571668984747e-09
-2.320994729743119933e-09
2.301008050764608015e-09
-2.285657441092325826e-09
-2.131927301363134575e-09
2.104458163287858952e-09
-2.099795448629038219e-09
-2.057250814146982520e-09
2.054962422448625148e-09
2.006432575640815230e-09
-1.887925593635486621e-09
1.866164778263623703e-09
-1.753223455303043465e-09
1.742843869223520414e-09
-1.721655928932364077e-09
1.658311044039351145e-09
1.603301158503711576e-09
-1.569315011273886284e-09
1.494777523980417300e-09
1.460770837624636442e-09
-1.435264240789990708e-09
-1.375881963916469886e-09
1.324791054635454657e-09
1.294234830417906323e-09
-1.281381112328006111e-09
-1.254283343854467603e-09
-1.201267529893357278e-09
1.182665299026552930e-09
-1.118460879467875202e-09
1.053800824379891310e-09
-1.052697262693413904e-09
9.527264532849244461e-10
-8.841143372961823843e-10
8.757426450678451602e-10
-8.597249578912169454e-10
-8.305949816822533194e-10
8.221888725401527154e-10
7.843229954396235826e-10
-6.601923452365099365e-10
-6.521799211789414130e-10
6.242552585966620882e-10
5.941211966842274705e-10
-5.617033504989876747e-10
4.700287381531609299e-10
-4.548273146998127459e-10
4.427940791806861398e-10
4.013821497395042570e-10
-3.973160411785414681e-10
3.735409204175255127e-10
-3.210633148231778478e-10
-2.954091693485594305e-10
2.899388507060507436e-10
2.668087417667663885e-10
-2.483875327641271724e-10
2.072673144226655495e-10
-1.685267619899732949e-10
1.670601296188678475e-10
-1.451662817730792199e-10
9.092854941217254350e-11
-7.465864038103120492e-11
1.101930352520597012e-11
