3.957964142805151832e-03 1.715330165643023236e-02
5.823178567161766371e-03 1.276565122654021306e-02
6.524773139856387093e-03 1.548513550076184228e-02
4.311262182650427502e-03 1.989635078674422894e-02
4.855511077228120455e-03 1.629315334587479874e-02
4.252792394944296048e-03 1.982252454348432807e-02
7.837834217823880581e-03 1.717498932298445330e-02
7.106390627258718680e-03 1.533252605078575664e-02
6.875453353621925265e-03 1.929334835856352792e-02
3.419563753420336132e-03 1.799189780253081239e-02
5.437505948569584455e-03 2.083160748956645186e-02
2.866151595112479203e-03 1.940618944841997207e-02
5.012808469433449252e-03 1.593754796302582905e-02
4.313065324242955768e-04 1.867679976594954078e-02
4.938996006979693050e-03 2.108136004413547690e-02
4.656503105084808139e-04 1.870490480745561762e-02
2.696536750076509396e-03 1.382551944952688586e-02
3.895053539371300545e-03 1.198701366363960630e-02
4.234236072158894908e-03 2.043247911904814279e-02
6.004146542177570336e-03 1.647712071530784209e-02
3.992343609477363303e-03 2.196591786188934609e-02
5.803967727975571471e-03 5.803967727975571471e-03
4.109429570863356099e-04 1.573517821015230078e-02
3.013729296571582544e-03 2.059056513320509790e-02
2.444425286104727653e-03 2.066269922709956103e-02
3.596989739288145981e-03 1.891012821552759404e-02
4.312475288171305036e-03 1.725876268376691156e-02
4.129745204545850513e-03 1.131052744578422975e-02
2.886254838323263228e-03 1.609707614479134741e-02
4.926873361944589767e-03 1.659338247694640972e-02
3.900675235403029684e-03 1.865424610995106841e-02
1.255910820862071514e-03 1.838392564469398111e-02
2.643803714167410231e-03 2.077079602126678110e-02
1.071088743883835811e-03 2.221274045902783822e-02
5.169996014727784583e-03 1.138121436033352751e-02
5.868642611544815091e-03 1.367785848417029521e-02
1.311966700702907719e-03 2.048268935785960837e-02
5.780292410313124865e-03 1.490240722283838436e-02
1.986232062624721049e-03 2.061164446355202504e-02
5.378689285353606929e-03 1.459762640940456824e-02
4.036819581436393474e-03 1.159797399124368363e-02
7.931250722386673849e-03 1.415154415036839683e-02
5.992362141136943487e-03 2.259883295114928706e-02
5.464995780408442999e-03 2.030209055624911801e-02
5.181659019848627000e-03 1.519980509852937589e-02
4.598641678140790584e-03 2.146760913402752033e-02
5.693551070822697353e-03 1.935628652207642408e-02
2.578015694749617118e-03 1.946480797923189759e-02
4.089669847889991494e-03 1.143797276547464485e-02
3.667784797103476862e-03 1.250973521683291199e-02
7.160296755637250710e-03 8.343413993967613990e-03
4.826629741236525099e-03 7.159967379364221181e-03
3.029263121866950913e-03 1.350672475110822023e-02
6.773533907113879655e-03 1.756386826706030080e-02
4.243640976369195475e-03 1.983181245868890705e-02
6.609375601988896030e-03 1.747399719490363643e-02
1.251072460220802648e-03 1.921513015275419511e-02
4.954799554303938869e-03 2.290185208595333158e-02
2.262348319639445084e-03 1.634287535101689587e-02
1.599058905933904923e-03 2.303580090615064274e-02
4.653466109663005439e-03 1.712189892657480297e-02
6.434007478787022449e-03 1.586688511702413762e-02
1.184268459245677550e-03 1.918175429814797037e-02
4.513904432484998341e-03 1.668772201219179130e-02
1.176964077572430862e-03 2.041233297795820231e-02
4.176752806353773405e-03 1.452934396669624401e-02
1.668931665791040589e-03 2.063348012967066575e-02
4.710774213530973323e-03 1.320234488175281613e-02
4.172587515524256267e-03 1.116797281517017786e-02
4.563058427663461113e-03 2.042037389627414726e-02
6.788128013524610295e-03 1.680533560953421934e-02
2.462633118110830674e-03 1.947619375151399962e-02
5.600168849441611654e-03 1.778625068800395587e-02
1.560661468082541123e-03 1.419335987730525710e-02
3.799105054733527709e-03 1.788371181808819099e-02
4.250930430802409574e-04 1.867166373858409820e-02
1.198507815670344333e-03 2.031506774999380580e-02
1.240040180070520106e-03 1.920974911952733760e-02
1.658138866636183146e-03 1.419874012351134661e-02
4.950746314366918574e-03 1.579746980540613910e-02
2.562394546932536109e-03 1.857826908861131068e-02
5.740780745962901707e-03 1.317304437799454719e-02
3.961416513238498298e-03 1.873699081220137411e-02
2.911225099716932985e-03 1.926574400206178608e-02
2.188079741757881572e-03 1.947669127654395871e-02
1.744710516323351272e-03 2.065879749090620068e-02
1.062235304554160886e-03 1.407165188249348727e-02
5.914235237611317232e-03 2.156807464138959726e-02
3.944536212970311748e-03 1.810436911172889907e-02
2.034542327003768976e-03 1.860070610959398824e-02
2.624536763013219677e-03 2.199720702246323392e-02
5.209060638941869631e-03 1.543290695976473788e-02
5.403077801909126829e-03 1.878774093242487758e-02
2.816445343102107375e-03 2.075028055369698005e-02
3.523168363514876753e-03 1.278946093378654190e-02
2.656020764910523631e-03 1.621899888016746158e-02
4.868392252087296382e-03 1.626550344216125960e-02
3.843058456935525766e-03 2.018096210446490568e-02
5.203575557799772731e-03 1.660618471946982699e-02
7.870054371005590424e-03 7.870054371005590424e-03
