2.343038965287539632e+00
6.071094705453110585e-01
3.138494574313517305e-01
2.559034363328931971e-01
1.814874988194649374e-01
1.527862963254247586e-01
1.206606739998559580e-01
1.037058400801151303e-01
7.937794955829091670e-02
6.950947808724831922e-02
6.538486100263689316e-02
6.405239287265940273e-02
5.142039483495503688e-02
4.337123526840477167e-02
2.928934461251595997e-02
2.803562579648177441e-02
2.577751773320461487e-02
2.291626394380916545e-02
2.086045696993427817e-02
1.911054275112580511e-02
1.658780530957086261e-02
1.494482580571573384e-02
1.413931809462099128e-02
1.202951655415041357e-02
1.149642283805920630e-02
1.112262260049047893e-02
1.015961336554852858e-02
8.557215986566822988e-03
8.137309101813457526e-03
7.396283831719725234e-03
7.004561122530537226e-03
6.626935237445212394e-03
6.086091249053922521e-03
5.904740263629771994e-03
5.193504788793004701e-03
5.035261910571797728e-03
4.724804524129871432e-03
4.306598384395282988e-03
4.023080676744673380e-03
3.697973361169510330e-03
3.480676604983705315e-03
3.420642279204400265e-03
3.212171263482028073e-03
2.954320963559907941e-03
2.721271021776642922e-03
2.439029010305425026e-03
2.315585856401588746e-03
2.246477818212678796e-03
2.181619465921822050e-03
2.082645541508677031e-03
1.985298874449962451e-03
1.797887549953443645e-03
1.724573789357555526e-03
1.646184307176087706e-03
1.619423299415978382e-03
1.596359521342150325e-03
1.438193555734057884e-03
1.386806523912468506e-03
1.375887527653962090e-03
1.143462695436087443e-03
1.125645820089304396e-03
1.057162411175615636e-03
1.020330155284543535e-03
9.560677671390450027e-04
9.272674817563171957e-04
7.848772098752448013e-04
7.775248615404703988e-04
7.482067717930835022e-04
7.339698272047856867e-04
7.065181647057767415e-04
6.954152684533233819e-04
6.586473046079141394e-04
6.469516819956932022e-04
6.028516581046394198e-04
5.846930549282679419e-04
5.741195057093981821e-04
5.583245664182889161e-04
5.163819825963092240e-04
4.919117273413346628e-04
4.591223878618515362e-04
4.518930956529092365e-04
4.318056499007021055e-04
4.175868081431687137e-04
3.812480979343545206e-04
3.614973832632106766e-04
3.516934416680683653e-04
3.341465905521506471e-04
3.190107460552505064e-04
3.048136437201280071e-04
2.900963033805462662e-04
2.800507285575650840e-04
2.708353643937274637e-04
2.670788461957952580e-04
2.507971976875635620e-04
2.455404266786445481e-04
2.256868862938734774e-04
2.192926625311601967e-04
2.134805859673965622e-04
2.068685493800328926e-04
1.910593039606669542e-04
1.804219041838573431e-04
1.743140004217996514e-04
1.650069749266751826e-04
1.604401178200642267e-04
1.493949495203363671e-04
1.479046885418689730e-04
1.423776665804881629e-04
1.394982543418207691e-04
1.348604354102047914e-04
1.297185564096985013e-04
1.243432397729088694e-04
1.186348259885741310e-04
1.131544018530690986e-04
1.055293540168154680e-04
1.043672564931338192e-04
9.810622743916038596e-05
9.716230994733299274e-05
9.273569417478510373e-05
9.031940331054426352e-05
8.869989957313250913e-05
8.250776930735825626e-05
8.215918221391680385e-05
7.574860239494159413e-05
7.263799795758774504e-05
7.040558686103859365e-05
6.872532246198485200e-05
6.450787637664234168e-05
6.274527277806200257e-05
6.025470002400578544e-05
5.799077479892266444e-05
5.666687346081183979e-05
5.630621075301555669e-05
5.401626904675057580e-05
5.024500122587670424e-05
4.948968967078144196e-05
4.704979460779029545e-05
4.661261834809174464e-05
4.424340490176950538e-05
4.301008974056264728e-05
4.193370411304122138e-05
3.927592548944201984e-05
3.898536292131368845e-05
3.720315749779994736e-05
3.539018467198245697e-05
3.375391450461727672e-05
3.295223410675961157e-05
3.198778453181611589e-05
3.125255218109214921e-05
2.977287980662648401e-05
2.923297373124541254e-05
2.868278861542192823e-05
2.765853032166403630e-05
2.699263750945846350e-05
2.610952369114433709e-05
2.518357797018826925e-05
2.454440181668245341e-05
2.355094813890778218e-05
2.291709285826877082e-05
2.238277929586051198e-05
2.183172866963989383e-05
2.088107766430100771e-05
2.077474467602019345e-05
1.919350632168168838e-05
1.878079624957450442e-05
1.843153245609123524e-05
1.782127359756810478e-05
1.741294778094139482e-05
1.693367246834746799e-05
1.629871917884060758e-05
1.559769332544595438e-05
1.549504463116600458e-05
1.489671218100160689e-05
1.433538864786345861e-05
1.398182888542858022e-05
1.351932960375371471e-05
1.322714267037553285e-05
1.285261983353379999e-05
1.247407126732504020e-05
1.227690321968964752e-05
1.184543405177990482e-05
1.115050737855758452e-05
1.107109366767198827e-05
1.067722310950977227e-05
1.047345435495274603e-05
9.829153790334844125e-06
9.685115200202228168e-06
9.066023182114952241e-06
8.565589064259579942e-06
8.492013742103859210e-06
8.069995213165863582e-06
7.767675060713358367e-06
7.722388000188313686e-06
7.524207372492457283e-06
7.318821263189376948e-06
7.096747660289126913e-06
6.978226993752999938e-06
6.798566905719432647e-06
6.633903716989794056e-06
6.549286256940015388e-06
6.385277232399050010e-06
6.200105642017218562e-06
5.931146804641942351e-06
5.781042342365297221e-06
5.437826388053745361e-06
5.339666192848290010e-06
5.215955902266733248e-06
4.975746186576641500e-06
4.837726496561132061e-06
4.553071828394906619e-06
4.428127760924714247e-06
4.296491127497777513e-06
4.230540292691563891e-06
4.109584445292084715e-06
4.021032869637431077e-06
3.861094078176227835e-06
3.727562425794704168e-06
3.570688296453007057e-06
3.482863640569636820e-06
3.379288660245677602e-06
3.328479765157309852e-06
3.195366541896083782e-06
2.956645428335102149e-06
2.880459032903532409e-06
2.821578357193645245e-06
2.762432685773962267e-06
2.638816168660231091e-06
2.542760876131478560e-06
2.469248125541316297e-06
2.414418115442799901e-06
2.291892648718626605e-06
2.221192827140114004e-06
2.197991218377145312e-06
2.096733896851209991e-06
1.976609865000660635e-06
1.962265803046223835e-06
1.823202545716686423e-06
1.798461898886450553e-06
1.758556855027633886e-06
1.636144713567263241e-06
1.580291785537878297e-06
1.547603043842722756e-06
1.420541812106352658e-06
1.370330902263915037e-06
1.333516962184929246e-06
1.295006969728718396e-06
1.245259423866342592e-06
1.235259647325674746e-06
1.180494628495696768e-06
1.130126006392100326e-06
1.100923738308499400e-06
1.075656089961641361e-06
9.650733231753942479e-07
9.453964497377413629e-07
9.029525626140623039e-07
8.689765581417428618e-07
8.018716049207678153e-07
7.823096885430311302e-07
7.571474056756095031e-07
7.454849653881831164e-07
6.661766619289278096e-07
6.237758427251861949e-07
5.911745184127260646e-07
5.523889888635577860e-07
5.178859602736785123e-07
5.114081867063320221e-07
4.887043082100725738e-07
4.651636816112920079e-07
4.271052278439154572e-07
3.907966817673976190e-07
3.874496185839037330e-07
3.510785311286486439e-07
3.307934415635111157e-07
3.230191715925408399e-07
2.973365257876457551e-07
2.811282402705780028e-07
2.620739213647611856e-07
2.516637276323258034e-07
1.857373388361904220e-07
1.816961995820351115e-07
1.610205077099103913e-07
1.481386610307597252e-07
1.346991892507172837e-07
1.243021447620136992e-07
1.093418160017193262e-07
9.756392752401284247e-08
7.520689618226241842e-08
6.293027096597374557e-08
5.511422747205280083e-08
4.985035029052232058e-08
4.669639099080996941e-08
3.119449618608991637e-08
2.197137558293715833e-09
1.959305676983619430e-09
1.321046517560190986e-09
6.327999471771268504e-10
4.343782044959560150e-10
1.763708566048969779e-10
