3.725883960723876953e+00
1.000132083892822266e+00
5.455883741378784180e-01
3.568271100521087646e-01
3.475066721439361572e-01
2.284346222877502441e-01
2.001221925020217896e-01
1.561028957366943359e-01
1.076935976743698120e-01
1.010589376091957092e-01
8.630478382110595703e-02
8.104737848043441772e-02
6.240731105208396912e-02
5.282865092158317566e-02
3.738418221473693848e-02
3.366809710860252380e-02
3.142602369189262390e-02
2.451826259493827820e-02
2.033437415957450867e-02
1.894768513739109039e-02
1.701948978006839752e-02
1.463154610246419907e-02
1.296864356845617294e-02
1.102199871093034744e-02
9.972601197659969330e-03
8.586802519857883453e-03
7.841391488909721375e-03
7.601219229400157928e-03
7.006683852523565292e-03
5.903301760554313660e-03
5.446536000818014145e-03
5.215478595346212387e-03
5.085909273475408554e-03
4.366069566458463669e-03
4.059745930135250092e-03
3.856369061395525932e-03
3.606497077271342278e-03
3.246561391279101372e-03
2.959947334602475166e-03
2.783218864351511002e-03
2.539264038205146790e-03
2.487355144694447517e-03
2.166424179449677467e-03
1.929195597767829895e-03
1.890297629870474339e-03
1.721374457702040672e-03
1.651503611356019974e-03
1.593344961293041706e-03
1.442854641936719418e-03
1.432404271326959133e-03
1.302611897699534893e-03
1.220864593051373959e-03
1.095347339287400246e-03
1.064122421666979790e-03
1.042234362103044987e-03
1.028449041768908501e-03
9.664553217589855194e-04
9.187076357193291187e-04
8.473927737213671207e-04
8.300708723254501820e-04
7.932609878480434418e-04
7.581928512081503868e-04
7.246124441735446453e-04
6.781063857488334179e-04
6.775609799660742283e-04
5.969274789094924927e-04
5.937824025750160217e-04
5.591950030066072941e-04
5.078971735201776028e-04
4.831138357985764742e-04
4.750061489176005125e-04
4.528439603745937347e-04
4.302627348806709051e-04
4.162588738836348057e-04
4.011852142866700888e-04
3.707477299030870199e-04
3.488041984383016825e-04
3.277490031905472279e-04
3.159762709401547909e-04
3.014827962033450603e-04
2.861403336282819510e-04
2.752539003267884254e-04
2.728962572291493416e-04
2.672062546480447054e-04
2.453775377944111824e-04
2.341719664400443435e-04
2.236031868960708380e-04
2.199074515374377370e-04
2.118671254720538855e-04
1.982837420655414462e-04
1.849657128332182765e-04
1.751933014020323753e-04
1.621504488866776228e-04
1.557045470690354705e-04
1.521079248050227761e-04
1.464984670747071505e-04
1.383908966090530157e-04
1.346197386737912893e-04
1.334070548182353377e-04
1.241272111656144261e-04
1.195552031276747584e-04
1.139488886110484600e-04
1.096244159271009266e-04
1.078041896107606590e-04
1.004430814646184444e-04
9.583921200828626752e-05
9.066714846994727850e-05
8.689666719874367118e-05
8.546157914679497480e-05
8.258788875536993146e-05
7.804376946296542883e-05
7.608310261275619268e-05
7.200961408670991659e-05
6.898758147144690156e-05
6.802937423344701529e-05
6.466955528594553471e-05
6.305643182713538408e-05
6.017757550580427051e-05
5.499125109054148197e-05
5.333982699085026979e-05
5.195276389713399112e-05
4.911836003884673119e-05
4.630976400221697986e-05
4.421595076564699411e-05
4.314914622227661312e-05
3.934051346732303500e-05
3.784051659749820828e-05
3.672457023640163243e-05
3.622423173510469496e-05
3.472686876193620265e-05
3.311457112431526184e-05
3.234908217564225197e-05
3.081619070144370198e-05
2.903367021644953638e-05
2.765897443168796599e-05
2.712039895413909107e-05
2.594997022242750973e-05
2.548915836086962372e-05
2.417841460555791855e-05
2.357453013246413320e-05
2.272231904498767108e-05
2.157453673135023564e-05
2.137413866876158863e-05
2.024676723522134125e-05
1.950362457137089223e-05
1.887822327262256294e-05
1.847336898208595812e-05
1.770745438989251852e-05
1.715951293590478599e-05
1.601708754606079310e-05
1.542959762446116656e-05
1.511951268184930086e-05
1.487033387093106285e-05
1.452032483939547092e-05
1.385095492878463119e-05
1.330613758909748867e-05
1.287683699047192931e-05
1.252198944712290540e-05
1.233010243595344946e-05
1.153883749793749303e-05
1.134598551288945600e-05
1.077389060810673982e-05
1.065505875885719433e-05
1.023399454425089061e-05
9.949727427738253027e-06
9.855795724433846772e-06
9.280914127884898335e-06
8.993683877633884549e-06
8.697356861375737935e-06
8.290194273286033422e-06
8.191774213628377765e-06
7.860820915084332228e-06
7.664417353225871921e-06
7.297708634723676369e-06
7.224413366202497855e-06
6.951369869057089090e-06
6.839072284492431208e-06
6.419269539037486538e-06
6.280542947934009135e-06
6.070850758987944573e-06
5.945133125351276249e-06
5.558164502872386947e-06
5.393071205617161468e-06
5.184125257073901594e-06
5.032300123275490478e-06
4.965153038938296959e-06
4.772136435349239036e-06
4.564196387946140021e-06
4.527863438852364197e-06
4.279682343621971086e-06
4.078902748005930334e-06
3.967286374972900376e-06
3.863065558107336983e-06
3.768193437281297520e-06
3.694349743454949930e-06
3.589076186472084373e-06
3.396654847165336832e-06
3.372087348907371052e-06
3.178559381922241300e-06
3.097557737419265322e-06
3.023465296791982837e-06
2.853500063793035224e-06
2.679655608517350629e-06
2.568102672739769332e-06
2.539091383368941024e-06
2.503285259081167169e-06
2.450090732963872142e-06
2.319547320439596660e-06
2.260977908008499071e-06
2.122168325513484888e-06
2.084471134367049672e-06
2.065511353066540323e-06
2.002897417696658522e-06
1.943035613294341601e-06
1.888298470476001967e-06
1.769876575963280629e-06
1.706259126876830123e-06
1.696767071734939236e-06
1.622256377231678925e-06
1.597584969204035588e-06
1.481095296185230836e-06
1.469191147407400422e-06
1.413371251146600116e-06
1.352614503957738634e-06
1.321447143709519878e-06
1.255433630831248593e-06
1.192598119814647362e-06
1.131008616539475042e-06
1.112525296775856987e-06
1.066789309334126301e-06
1.018138959807401989e-06
9.680283028501435183e-07
9.527606152914813720e-07
9.309052302342024632e-07
8.896250278667139355e-07
8.826307293929858133e-07
8.524232839590695221e-07
8.074972015492676292e-07
7.935856842777866405e-07
7.710066824984096456e-07
7.681063607378746383e-07
6.915366270732192788e-07
6.763521014363504946e-07
6.433179464693239424e-07
6.170919277792563662e-07
5.954142920927552041e-07
5.748614171352528501e-07
5.733360239901230671e-07
5.385935537560726516e-07
5.188782097320654429e-07
4.825438963962369598e-07
4.549347067950293422e-07
4.482565998387144646e-07
4.179163681783393258e-07
4.041817192046437413e-07
3.895925999586324906e-07
3.780348549753398402e-07
3.660951790607214207e-07
3.367616727700806223e-07
2.936731675617920700e-07
2.888888843699533027e-07
2.837368242580851074e-07
2.698445200621790718e-07
2.559535232649068348e-07
2.470491722306178417e-07
2.184205953881246387e-07
2.089868900156943710e-07
2.008132327091516345e-07
1.846259038984499057e-07
1.812052659033724922e-07
1.694132976126638823e-07
1.527191102468350437e-07
1.435272167782386532e-07
1.398558708842756459e-07
1.362776060886972118e-07
1.204603279347793432e-07
1.077935536386576132e-07
9.534022638035821728e-08
8.445361032727305428e-08
7.566330850750091486e-08
7.018083891807691543e-08
6.825272436117302277e-08
5.968384897414580337e-08
5.321423302007133316e-08
5.024648785934004991e-08
3.547391713709657779e-08
3.471365772611534339e-08
3.029658657283107459e-08
2.817060895665690623e-08
2.364259898968157358e-08
1.899543278227611154e-08
1.344836242367364321e-08
9.283969149009863031e-09
6.867559854129012820e-09
5.824412063759609737e-09
4.024062860707999789e-09
1.878811106692523936e-09
