4.173784336879986512e+00
2.099046265472119810e+00
1.961634680889959625e+00
1.297181572001470107e+00
1.229202468081734168e+00
8.116990423831901280e-01
7.060053052002016605e-01
5.865544810741887272e-01
5.352773365084313451e-01
4.971302940540219817e-01
2.918856179600949896e-01
2.639610466498682473e-01
2.267566555523004013e-01
2.166906231640875480e-01
1.733840292305630915e-01
1.673794101447678428e-01
1.558684935968797092e-01
1.151520999335025330e-01
1.125739992433762299e-01
1.029034190297818396e-01
9.204080860012341103e-02
8.428678777719643411e-02
8.186771208156679025e-02
7.204260228359560259e-02
6.258756838407295020e-02
5.887803397455033949e-02
5.301047198130744847e-02
4.564237220272979179e-02
4.151286626818403297e-02
3.727604447701460960e-02
3.365740543010707631e-02
3.166744669231227188e-02
2.776066765554018392e-02
2.716461975130802717e-02
2.574256878455662145e-02
2.243882694935592573e-02
2.071485297791225005e-02
1.926304268544333856e-02
1.796046914746361745e-02
1.653386759770168746e-02
1.534305253625275513e-02
1.504050662258102182e-02
1.409674430062518406e-02
1.319405155018633403e-02
1.229424698288170137e-02
1.118055905992576711e-02
1.083490046270525753e-02
1.009696625037864205e-02
9.161460896743769261e-03
8.532148288356867713e-03
8.200582500187420659e-03
7.758337123001482830e-03
7.021804292412774963e-03
6.836410877573637253e-03
6.404224854620863688e-03
6.161922056424973433e-03
5.988038947250946299e-03
5.470273180644943771e-03
5.231431889375204487e-03
4.671729351229864102e-03
4.332307437021142883e-03
4.211281973218133565e-03
4.068136070911389582e-03
3.990007381840234187e-03
3.850993802871880128e-03
3.532459775762635066e-03
3.453336264577878695e-03
3.149591114717593694e-03
3.055739931901289234e-03
2.923631531537653188e-03
2.776505244858847900e-03
2.719630370738049859e-03
2.457905139365359343e-03
2.393110766879365942e-03
2.164363983129625763e-03
2.097390667608403213e-03
1.951228859989861172e-03
1.860802789995695972e-03
1.768738908827876188e-03
1.653384569672076152e-03
1.633042805383792991e-03
1.481356404458349704e-03
1.465839039165780892e-03
1.426179660103405389e-03
1.341638824302939523e-03
1.250750656126949556e-03
1.238951534355918959e-03
1.184893818742503279e-03
1.131676575712436570e-03
1.075286908718142351e-03
9.930443876270110028e-04
9.773201697760374677e-04
9.161264848611251708e-04
9.047267607680818972e-04
8.270033922364601999e-04
8.169773599386810550e-04
7.857933428394294970e-04
7.409403096929170806e-04
7.244320296940216612e-04
6.948000307510195442e-04
6.366015289008417283e-04
6.004199122484969427e-04
5.877173520950152233e-04
5.815099393170048390e-04
5.620585288633068175e-04
5.401689777897535115e-04
4.978720612783879692e-04
4.761403041616540932e-04
4.407645751331687478e-04
4.193309871402910432e-04
3.906033881864863196e-04
3.774301876806190350e-04
3.719392043454924088e-04
3.708456409536385438e-04
3.559221807337087048e-04
3.364889336284809709e-04
3.141632002488332562e-04
3.030198869919717539e-04
2.921552301875591693e-04
2.702616876683211510e-04
2.493411369218443427e-04
2.441599527772460743e-04
2.240739751940322238e-04
2.235368486242322015e-04
2.151975720348471772e-04
1.952958993137530845e-04
1.880568115716241978e-04
1.779438859961775883e-04
1.739162356539661553e-04
1.633315354256460793e-04
1.587030897759651195e-04
1.426032062644642386e-04
1.401159412003154486e-04
1.360154005350759632e-04
1.315731944603397939e-04
1.248160421003563015e-04
1.137296053049411342e-04
1.075935233404826964e-04
1.034512235675904754e-04
9.505742115627537623e-05
8.688722715327794137e-05
8.563087657014465445e-05
7.978560639292752571e-05
7.677122421586710565e-05
7.244675000045528585e-05
7.122212441308063062e-05
6.813655595965725776e-05
6.667474263326313123e-05
5.936562810444817774e-05
5.726929860738454322e-05
5.185683179050282155e-05
4.999097981307698086e-05
4.820116249946983461e-05
4.617110335361698786e-05
4.460985099609145849e-05
4.021442104852968529e-05
3.924704182530327682e-05
3.865323444985900602e-05
3.660372409652995723e-05
3.503723071311501148e-05
3.373698251346909222e-05
3.137741870674375035e-05
2.811467224391571773e-05
2.641259521289601365e-05
2.558594976628181592e-05
2.399323130207480607e-05
2.230348211021953368e-05
2.076509874163468266e-05
1.896300021143270973e-05
1.857593191650581127e-05
1.732126159136965172e-05
1.683697812250286647e-05
1.654366200979304078e-05
1.552826696736456401e-05
1.429141080294736494e-05
1.353594130884585535e-05
1.259904218293607973e-05
1.219890546223432226e-05
1.168551702453412299e-05
1.093490656504778378e-05
1.029104705970336679e-05
9.310741383809013389e-06
8.923746672235280874e-06
8.269084299439848179e-06
8.007641801450290879e-06
7.761305173117655993e-06
7.268760687212885622e-06
6.829910319279180667e-06
6.093249624724940742e-06
5.638643972916268098e-06
5.128071162125831271e-06
4.959643520140055439e-06
4.612284351615543461e-06
4.199802890731657009e-06
4.084581352083313253e-06
3.875019305585720953e-06
3.529924801486194733e-06
3.281905174329527370e-06
3.104521174221446632e-06
2.912065797553743081e-06
2.660430847977586303e-06
2.427272166486908497e-06
2.161942431735422671e-06
1.886738309067537774e-06
1.784284098634991301e-06
1.749617696752761965e-06
1.635056455519205716e-06
1.504670427466645645e-06
1.378693090984937275e-06
1.124927750844693118e-06
1.084751885510674924e-06
9.969411582692124261e-07
8.620085841003471193e-07
8.479406299576191998e-07
6.734283579103726266e-07
6.145462917652313751e-07
4.871436337884533694e-07
4.471775147784391535e-07
3.015124312784315174e-07
2.605930931489980480e-07
2.534521579814293612e-07
2.277907492344879366e-07
2.240136756600127534e-07
2.165789671237647843e-07
2.131828310424303218e-07
2.027022840375603083e-07
2.010528539728430321e-07
1.883737886767794457e-07
1.717567516757122394e-07
1.678463991363766433e-07
1.652149719649162048e-07
1.591498052578193853e-07
1.583107436444875054e-07
1.530127877232097700e-07
1.449691409987373266e-07
1.406234051497516545e-07
1.386293406003044317e-07
1.310364569892516809e-07
1.279654179146945201e-07
1.216902906453696421e-07
1.205420505860340559e-07
1.199389292833591826e-07
1.150092313716793264e-07
1.103136622565188682e-07
1.087230534803386273e-07
1.034750361285403633e-07
1.011240508959634024e-07
1.006286352848208306e-07
9.647171338819143742e-08
9.172304006650993330e-08
8.945350016721286769e-08
8.819937170699167023e-08
8.381380063901372668e-08
8.303238267786480550e-08
7.853775918589246863e-08
7.586449438950868533e-08
7.459584350980718881e-08
6.983593532971491339e-08
6.706692147495956938e-08
6.334109665349353089e-08
6.095658401333758682e-08
5.880753700680686353e-08
5.689896258995180380e-08
5.568793501636597808e-08
5.481995515576339610e-08
5.195180002347990884e-08
4.876881902383629794e-08
4.675108356242608141e-08
4.345946725368622763e-08
4.314320344416534996e-08
4.104136055125369974e-08
3.957471736118733033e-08
3.598812773753581546e-08
3.507422660614324182e-08
3.507325118521588674e-08
3.217162970078481696e-08
2.950522623106513962e-08
2.826065953379020864e-08
2.713636654120728431e-08
2.539926066921225162e-08
2.382356435235834954e-08
2.292259921222367885e-08
2.147151554196599727e-08
2.037295215386519364e-08
1.804324768274067407e-08
1.570573367805064793e-08
1.305252388462774656e-08
1.212812827972936073e-08
1.129449174243164531e-08
1.082017624716954945e-08
6.412639080508294558e-09
5.353265941570530369e-09
3.537441363101311458e-09
2.560507428486268381e-09
2.175188357806476606e-09
1.263006967490479513e-09
7.444644556300429225e-10
