8.319239616394042969e+00
4.133985996246337891e+00
3.867220878601074219e+00
2.910612344741821289e+00
2.077660799026489258e+00
1.628519654273986816e+00
1.478444218635559082e+00
1.135589480400085449e+00
1.002772331237792969e+00
8.366383314132690430e-01
5.988753437995910645e-01
4.443202912807464600e-01
4.109359681606292725e-01
3.553178310394287109e-01
3.160032033920288086e-01
2.777867615222930908e-01
2.527458071708679199e-01
1.805546283721923828e-01
1.685950160026550293e-01
1.604698151350021362e-01
1.443707048892974854e-01
1.404834389686584473e-01
1.178364977240562439e-01
9.831307828426361084e-02
8.728943020105361938e-02
7.681396603584289551e-02
7.221186161041259766e-02
5.826672539114952087e-02
4.564772918820381165e-02
4.357902333140373230e-02
3.780363127589225769e-02
3.651040419936180115e-02
3.315602242946624756e-02
2.810284495353698730e-02
2.326879091560840607e-02
2.075752988457679749e-02
1.839669235050678253e-02
1.754364185035228729e-02
1.670886948704719543e-02
1.520952582359313965e-02
1.429736427962779999e-02
1.327306125313043594e-02
1.217529177665710449e-02
1.165787782520055771e-02
1.109145767986774445e-02
9.491963312029838562e-03
8.799763396382331848e-03
8.515990339219570160e-03
7.442399859428405762e-03
6.928690243512392044e-03
5.981490481644868851e-03
5.465427879244089127e-03
5.343316122889518738e-03
5.136190913617610931e-03
4.809008445590734482e-03
4.715685732662677765e-03
4.082634579390287399e-03
3.901365445926785469e-03
3.754324279725551605e-03
3.535819705575704575e-03
3.302916418761014938e-03
2.997039351612329483e-03
2.913048490881919861e-03
2.691061934456229210e-03
2.504418371245265007e-03
2.310280920937657356e-03
2.259281231090426445e-03
2.152466448023915291e-03
2.094094408676028252e-03
1.980301924049854279e-03
1.871153945103287697e-03
1.721300184726715088e-03
1.584054436534643173e-03
1.499343314208090305e-03
1.415475620888173580e-03
1.338567701168358326e-03
1.301985932514071465e-03
1.226450782269239426e-03
1.202607760205864906e-03
1.156385871581733227e-03
9.903550380840897560e-04
9.440577123314142227e-04
9.135444415733218193e-04
8.753701695241034031e-04
8.511089254170656204e-04
8.084067958407104015e-04
7.638160022906959057e-04
7.458114414475858212e-04
7.302482263185083866e-04
6.910624215379357338e-04
6.417288677766919136e-04
6.113601266406476498e-04
6.038135034032166004e-04
5.609235959127545357e-04
5.416933563537895679e-04
5.249859532341361046e-04
4.794362466782331467e-04
4.746054182760417461e-04
4.328342038206756115e-04
4.140140372328460217e-04
4.012837889604270458e-04
3.873202658724039793e-04
3.719616215676069260e-04
3.395183011889457703e-04
3.238265053369104862e-04
3.153919242322444916e-04
3.067870566155761480e-04
2.997118281200528145e-04
2.907525922637432814e-04
2.734557783696800470e-04
2.532322250772267580e-04
2.494213113095611334e-04
2.367974375374615192e-04
2.298962936038151383e-04
2.139799762517213821e-04
1.988369913306087255e-04
1.769047376001253724e-04
1.720400468911975622e-04
1.690878998488187790e-04
1.564961421536281705e-04
1.521031081210821867e-04
1.432021672371774912e-04
1.415031147189438343e-04
1.342665345873683691e-04
1.283143792534247041e-04
1.133464611484669149e-04
1.107599964598193765e-04
1.055682005244307220e-04
1.036825924529694021e-04
9.500386659055948257e-05
9.380371920997276902e-05
8.492347114952281117e-05
8.158921991707757115e-05
7.898839248809963465e-05
7.530327275162562728e-05
6.941048195585608482e-05
6.655358447460457683e-05
6.084969936637207866e-05
6.027242125128395855e-05
5.574787064688280225e-05
5.125872485223226249e-05
4.875889499089680612e-05
4.628554961527697742e-05
4.532582534011453390e-05
4.323625034885481000e-05
4.124479528400115669e-05
3.834781819023191929e-05
3.629942511906847358e-05
3.428172567510046065e-05
3.232031303923577070e-05
3.023455792572349310e-05
2.850459350156597793e-05
2.775960820144973695e-05
2.570967808424029499e-05
2.509719706722535193e-05
2.409209992038086057e-05
2.237105036329012364e-05
2.077166027447674423e-05
2.009079435083549470e-05
1.915553548315074295e-05
1.794484887795988470e-05
1.627517667657230049e-05
1.511044320068322122e-05
1.491758848715107888e-05
1.400563996867276728e-05
1.217678163811797276e-05
1.202317343995673582e-05
1.109460572479292750e-05
1.065052401827415451e-05
1.001751206786138937e-05
9.120880349655635655e-06
8.918487765186000615e-06
8.413693649345077574e-06
7.908315637905616313e-06
7.769899639242794365e-06
7.443803042406216264e-06
7.030457709333859384e-06
6.602014309464721009e-06
5.777153546659974381e-06
5.418488399300258607e-06
5.043793862569145858e-06
4.867390998697374016e-06
4.509192422119667754e-06
4.348638867668341845e-06
3.970854777435306460e-06
3.659934691313537769e-06
3.560087861842475832e-06
3.402223455850617029e-06
3.131944367851247080e-06
2.760480128927156329e-06
2.694216391319059767e-06
2.494449745427118614e-06
2.378013959969393909e-06
2.157896005883230828e-06
1.951933427335461602e-06
1.889855525405437220e-06
1.753526589709508698e-06
1.592089461155410390e-06
1.486021687924221624e-06
1.335515094069705810e-06
1.196091716337832622e-06
1.180036974801623728e-06
9.874116813080036081e-07
9.410586585545388516e-07
9.210949087901099119e-07
8.187579396690125577e-07
7.592372526232793462e-07
7.087367066560545936e-07
6.608780154238047544e-07
5.981122512821457349e-07
4.740440999739803374e-07
4.446408752301067580e-07
4.039980296965950401e-07
3.878064376294787508e-07
3.089689641910808859e-07
2.750136616214149399e-07
2.196420609834603965e-07
2.073822997772367671e-07
1.231483111041598022e-07
-1.196327303887301241e-07
-1.156667224222474033e-07
-1.101572237871550897e-07
1.065662971200254105e-07
1.024047904252256558e-07
-9.689635049880962470e-08
9.339854756262866431e-08
9.065587391887675039e-08
-8.840021337164216675e-08
-8.401086404319357825e-08
8.237513782205496682e-08
-8.046141886097757379e-08
7.857977379899239168e-08
-7.853573436022998067e-08
7.784207411987154046e-08
7.368108612126889057e-08
-7.045013461492999340e-08
-6.880209468818065943e-08
-6.680394193381289369e-08
6.551127285092661623e-08
6.393464957454852993e-08
-6.333386437518129242e-08
6.098392191233870108e-08
-5.642403877459400974e-08
-5.476045217278624477e-08
5.397900437742464419e-08
5.265160041290073423e-08
-5.184315554629392864e-08
-4.981232848422223469e-08
4.929015773313949467e-08
4.820395815841038711e-08
-4.711611722996167373e-08
-4.436894585069239838e-08
-4.376198603495140560e-08
4.306616219196257589e-08
-4.178301438173548377e-08
4.054514946005838283e-08
-4.010587417724309489e-08
3.873799059306293202e-08
3.705867257508543844e-08
-3.629313383157750650e-08
-3.556431238393997774e-08
-3.223546940489541157e-08
3.218370991930896707e-08
3.118175584404525580e-08
-3.032342377196073357e-08
2.992775449683904299e-08
-2.653917796635596460e-08
2.579042579498036503e-08
2.458138226302253315e-08
-2.455314529470342677e-08
2.183312730608122365e-08
-2.133734611220461375e-08
2.104482987874689570e-08
-2.022304990134671243e-08
1.987732822783527808e-08
1.840813368403360073e-08
-1.817617878430155542e-08
1.729176091203044052e-08
-1.633995516669983772e-08
-1.617779332718782825e-08
1.430543772329428975e-08
-1.322417464422187550e-08
-1.297232188335328829e-08
1.220488243802719808e-08
-1.163981799834346020e-08
1.083002931778764832e-08
-1.002323912757674407e-08
8.858566324931871350e-09
-8.254830596854390024e-09
7.025251047565461704e-09
5.341829201199743693e-09
-4.953790710970906730e-09
-3.442893969918259245e-09
-2.676405319590458021e-09
2.263580878292259513e-09
-1.013575445796277563e-09
7.087944120520717206e-10
