3.829224192896414549e-03 1.741075997053298519e-02
6.092963186124678888e-03 1.103701839456070789e-02
5.531078489829755786e-03 1.852367828312537559e-02
3.100527942139010961e-03 2.068467222238461189e-02
4.237239905323471854e-03 1.736580781950855523e-02
4.332915611669883697e-03 1.973854857053868386e-02
7.096237640073138619e-03 2.009687492241048895e-02
6.842681996783298894e-03 1.658177038338767492e-02
6.196494606805887095e-03 2.102161574554926859e-02
4.458346859460647800e-03 1.678251418947690823e-02
3.936284411409427322e-03 2.010935735409084130e-02
1.989574513186963007e-03 1.945450288135974412e-02
4.293584247603033158e-03 1.728618404089865210e-02
4.755992757127212606e-04 1.993231248672939701e-02
5.122360963733613159e-03 2.083680856263082914e-02
1.857274544498360583e-03 2.069199695142941511e-02
3.889314673182777370e-03 1.200164558474156248e-02
4.708192621774260483e-03 8.421512381529621186e-03
5.261233018103234765e-03 1.905711813935034166e-02
5.875624364295103930e-03 1.687402821991845769e-02
4.159794746856217140e-03 2.185054646958618438e-02
4.823875701667652838e-03 1.283253039227563209e-02
3.362994729838757798e-04 1.567397606632228019e-02
3.852794477805916891e-03 2.017374594047636333e-02
2.401658616871027874e-03 2.066191304046554461e-02
4.173366707048617105e-03 1.783992443714373793e-02
5.280008826503590491e-03 1.523130270042670834e-02
4.263847638732431826e-03 1.084005582719166708e-02
2.732109833979839975e-03 1.618294736038316736e-02
4.684109637131812255e-03 1.706746713359942602e-02
3.714549088996721166e-03 1.832675652092788723e-02
3.759942411946500733e-04 1.781099126197541876e-02
2.073089180452890225e-03 1.946609578102524718e-02
4.755992757127212606e-04 1.982463754154555058e-02
4.169977858168974309e-03 1.454272987725772903e-02
5.581963448313108540e-03 8.000593231542224917e-03
2.912438868833548775e-03 2.197867665159066244e-02
6.320730478014499609e-03 1.222748083771168018e-02
2.243397296746799281e-03 2.065178725693661566e-02
5.564206646156073452e-03 1.393010886777687994e-02
4.316571096187465928e-03 1.063351564299869212e-02
8.041355705901753748e-03 1.311059667995198574e-02
6.143796524371665860e-03 2.233623455833545074e-02
6.143796524371665860e-03 1.886831135086508571e-02
5.317361552716548360e-03 1.479553405623149770e-02
5.304051490407743659e-03 2.056662661199658640e-02
5.689825330820167185e-03 1.936402441333235150e-02
3.303618149630938201e-03 2.061233831009896475e-02
3.932691271079202799e-03 1.188900125252031863e-02
3.341909915529100127e-03 1.309171827058134077e-02
6.207891516576783189e-03 1.597910452605289661e-02
5.033269629033208271e-03 5.033269629033208271e-03
3.437829484253807945e-03 1.293801867830124061e-02
6.757443985704035885e-03 1.762206557861877021e-02
3.036022537075845368e-03 2.070313931041086603e-02
6.842681996783298894e-03 1.658177038338767492e-02
1.177048155443565121e-03 1.917803355895566705e-02
4.142767271590457913e-03 2.355110068155539735e-02
2.868419627556551953e-03 2.114582788717767059e-02
1.664597464994524521e-03 2.306444384468656073e-02
4.355694896916995767e-03 1.759518810819707749e-02
6.360862503276025134e-03 1.615343338087829594e-02
2.419253420714288175e-03 2.077650097319414663e-02
5.314702206937452558e-03 1.825089975032959111e-02
7.133989135690819994e-04 2.011634934370230485e-02
3.490879245014758599e-03 1.557538711045624788e-02
5.576895845408891012e-04 1.999828957274309496e-02
3.972037047451588976e-03 1.723517926813197126e-02
4.240575002184017624e-03 1.092705065420272389e-02
4.911008735647783702e-03 1.998072768836284957e-02
6.534083268698471017e-03 1.773016360480864778e-02
1.247031821377043862e-03 1.623333840492080862e-02
4.988127285508175447e-03 1.900187541600932908e-02
1.630272181243661240e-03 1.419784118899998331e-02
3.260544362487322479e-03 1.830945356679035407e-02
1.681497364919378899e-04 1.844555799611305447e-02
1.396756613687317409e-03 2.041362123342012683e-02
4.118810547886961044e-04 1.866069062961012506e-02
7.329477087513505381e-04 1.390916938365862818e-02
5.038883986193044839e-03 1.558144679312639669e-02
1.975312146410921916e-03 1.859435885433315463e-02
5.433084259711945009e-03 1.441324340349072960e-02
4.028581344399647518e-03 1.866935616905978160e-02
1.673068753622667520e-03 1.926315262001308815e-02
3.003250323975058863e-03 2.071170755744788580e-02
4.448823857787099893e-04 1.990696370648810040e-02
2.377996378563606303e-04 1.354811382328868427e-02
5.778580129669045641e-03 2.180240988949058711e-02
4.452000455019968113e-03 1.800342085355041005e-02
7.886921740519420385e-04 2.006200005823471563e-02
2.293256658577341560e-03 2.065619373468752934e-02
5.420058385637386775e-03 1.479851618972208988e-02
5.055689649257216062e-03 1.940823204216539366e-02
2.113609413634573008e-03 2.074760080712278673e-02
3.531144466330695363e-03 1.277497627381965831e-02
3.523128236998090794e-03 1.769254827404853972e-02
4.381583356058312700e-03 1.715525940168342867e-02
3.383948170751850931e-03 2.045567625039777446e-02
4.388031605840121696e-03 1.809275349213882583e-02
7.302423823774757336e-03 1.513968005905187188e-02
