1.347401261329650879e+00
8.390414714813232422e-01
6.795353889465332031e-01
4.471077322959899902e-01
3.243441879749298096e-01
3.090694844722747803e-01
2.384487539529800415e-01
1.552308350801467896e-01
1.242661923170089722e-01
1.140876635909080505e-01
9.051815420389175415e-02
8.228912949562072754e-02
5.855809897184371948e-02
5.661479756236076355e-02
5.220940709114074707e-02
4.689917340874671936e-02
3.976155817508697510e-02
3.899709135293960571e-02
3.214930370450019836e-02
3.094457276165485382e-02
2.902175672352313995e-02
2.848460152745246887e-02
2.693351358175277710e-02
2.441110089421272278e-02
2.385450899600982666e-02
2.129460684955120087e-02
2.000064216554164886e-02
1.939250156283378601e-02
1.735194399952888489e-02
1.595714688301086426e-02
1.544868759810924530e-02
1.466356869786977768e-02
1.409930735826492310e-02
1.321792136877775192e-02
1.313699223101139069e-02
1.280329842120409012e-02
1.165664382278919220e-02
1.125662866979837418e-02
1.086430437862873077e-02
1.005983818322420120e-02
9.821031242609024048e-03
9.246178902685642242e-03
8.956013247370719910e-03
8.448404259979724884e-03
8.107800967991352081e-03
7.984227500855922699e-03
7.686282508075237274e-03
7.465883158147335052e-03
7.175879087299108505e-03
6.734420079737901688e-03
6.524852011352777481e-03
6.376102101057767868e-03
5.986567120999097824e-03
5.574298091232776642e-03
5.295990966260433197e-03
5.148600321263074875e-03
4.926927387714385986e-03
4.811584483832120895e-03
4.663349129259586334e-03
4.577479790896177292e-03
4.451213870197534561e-03
4.352477379143238068e-03
4.179775249212980270e-03
4.123887512832880020e-03
3.971176221966743469e-03
3.874150337651371956e-03
3.739181905984878540e-03
3.655952634289860725e-03
3.529865061864256859e-03
3.284113015979528427e-03
3.249492263421416283e-03
3.205602057278156281e-03
3.092139726504683495e-03
2.933280309662222862e-03
2.821290865540504456e-03
2.811268903315067291e-03
2.662526210770010948e-03
2.638939768075942993e-03
2.509582322090864182e-03
2.447281731292605400e-03
2.324639819562435150e-03
2.206793520599603653e-03
2.185191260650753975e-03
2.078471472486853600e-03
2.014528494328260422e-03
1.929140766151249409e-03
1.924320124089717865e-03
1.847301609814167023e-03
1.773864612914621830e-03
1.733856974169611931e-03
1.669500488787889481e-03
1.619034446775913239e-03
1.534304581582546234e-03
1.493200892582535744e-03
1.442480483092367649e-03
1.429119962267577648e-03
1.397039275616407394e-03
1.362632610835134983e-03
1.274002832360565662e-03
1.251188339665532112e-03
1.196127384901046753e-03
1.173949218355119228e-03
1.116483472287654877e-03
1.091177458874881268e-03
1.072130980901420116e-03
1.038458431139588356e-03
1.027642167173326015e-03
9.832736104726791382e-04
9.605413069948554039e-04
9.209548006765544415e-04
9.088735678233206272e-04
8.518114918842911720e-04
8.397588972002267838e-04
8.195459377020597458e-04
7.992628961801528931e-04
7.802136824466288090e-04
7.547232089564204216e-04
7.466963143087923527e-04
7.235199445858597755e-04
6.928251823410391808e-04
6.708206492476165295e-04
6.565473158843815327e-04
6.431489600799977779e-04
6.199849885888397694e-04
6.095953867770731449e-04
5.682928021997213364e-04
5.499295657500624657e-04
5.355062894523143768e-04
5.151634104549884796e-04
5.079645779915153980e-04
4.765475168824195862e-04
4.748262290377169847e-04
4.391385300550609827e-04
4.294083628337830305e-04
4.056546895299106836e-04
3.985251823905855417e-04
3.878999268636107445e-04
3.775043587666004896e-04
3.639161586761474609e-04
3.591390268411487341e-04
3.501001338008791208e-04
3.299025993328541517e-04
3.214835014659911394e-04
3.192182048223912716e-04
3.018598072230815887e-04
2.943847794085741043e-04
2.763029478956013918e-04
2.625866909511387348e-04
2.567799820099025965e-04
2.512680075597018003e-04
2.454140048939734697e-04
2.359573845751583576e-04
2.240465983049944043e-04
2.154881658498197794e-04
2.069289766950532794e-04
2.005910064326599240e-04
1.859546609921380877e-04
1.795541465980932117e-04
1.699504937278106809e-04
1.609843893675133586e-04
1.547384599689394236e-04
1.503732928540557623e-04
1.429963012924417853e-04
1.296608534175902605e-04
1.273482484975829720e-04
1.238521654158830643e-04
1.164082495961338282e-04
1.082105227396823466e-04
1.028909173328429461e-04
9.697641507955268025e-05
8.729268301976844668e-05
8.517767128068953753e-05
8.157092088367789984e-05
6.954190030228346586e-05
6.626277172472327948e-05
5.958330075372941792e-05
5.768000846728682518e-05
5.063598655397072434e-05
-1.580488451224937307e-08
1.375820612992129099e-08
1.271313720963007654e-08
-1.266119387111075412e-08
-1.201933663708132372e-08
1.099234747670152501e-08
-9.933334155221018591e-09
9.175422199803051626e-09
8.441293886107814615e-09
-8.291914710412129352e-09
-7.965747172988812963e-09
7.928901091247553268e-09
-7.649273214838103740e-09
7.346272479225035568e-09
6.978211786190513521e-09
6.894296689097245689e-09
-6.828857479490579863e-09
-6.474081715168722440e-09
-6.182254264075481842e-09
6.159210474976362093e-09
-5.928782353947781303e-09
5.887356380185337912e-09
-5.703836514214799536e-09
-5.608646436172648464e-09
-5.500587541007462278e-09
5.419360959990626725e-09
5.320300200395422507e-09
5.243856460168672129e-09
-4.963232935750738761e-09
4.922249274841306033e-09
-4.913860429667238350e-09
-4.844463941111598615e-09
4.663925246006783709e-09
-4.439406620093677702e-09
4.376936146854859544e-09
4.246299312171686324e-09
4.187254099008441699e-09
4.053918534197009649e-09
-4.011685206251058844e-09
-3.954107707926368676e-09
3.867698605830582892e-09
-3.784331514822270037e-09
-3.647802282458201262e-09
3.642982582263698532e-09
3.575274742928513660e-09
-3.533258574606179536e-09
3.388115565883254021e-09
-3.366769529833391061e-09
3.270188120296779744e-09
-3.243823210041796301e-09
-3.026638273340154228e-09
-2.990620862064474750e-09
2.980856894652106348e-09
2.914117613883604463e-09
-2.885109262606988523e-09
-2.789894093524480922e-09
2.730790926719350864e-09
2.613709026988431106e-09
-2.591584724598305911e-09
2.531283627149605309e-09
-2.510877727956994931e-09
2.381421282393603178e-09
-2.377889440907665630e-09
2.283445210693457739e-09
-2.270363674838904444e-09
2.149203925938536486e-09
-2.098737184041965520e-09
2.098304641151571559e-09
2.034205470735628296e-09
-2.002790600030834867e-09
1.969952645453076912e-09
-1.873729393864209669e-09
-1.841171881622472029e-09
1.824961848306827505e-09
-1.774809077481620534e-09
1.764121404512764002e-09
1.699100526941776934e-09
-1.627291523753626734e-09
-1.583681852324048123e-09
1.573345009830973140e-09
1.460884413440055596e-09
1.425016660228095589e-09
-1.415874972821029587e-09
-1.363963386680211443e-09
-1.346633471399627524e-09
1.345307976130527550e-09
1.249130132663367476e-09
-1.207458910634784388e-09
1.165009866355148915e-09
-1.133024007948790768e-09
1.016011941246119932e-09
9.514042886848983471e-10
-9.186199578792297871e-10
8.954320063203624613e-10
-8.607191070986175419e-10
-8.175504717655712739e-10
8.106750826186726044e-10
-7.718030659020769235e-10
7.661222212185236913e-10
7.270042901019735382e-10
-6.596354018562067267e-10
6.401199570404969563e-10
-5.911376388390010561e-10
5.820316451021767534e-10
-5.018191973071850498e-10
-4.358443883578644318e-10
-4.278824794479163529e-10
3.922625280150526805e-10
3.648787105792195007e-10
-3.078052812632847690e-10
2.530276821399723985e-10
-2.462483272847038052e-10
1.957687068010471876e-10
-1.923179254736950838e-10
-1.754526107733411777e-10
1.391090159730268283e-10
7.650473310416572303e-11
-3.535041356861334805e-11
-1.673047464456622890e-11
