3.689149668324914533e+00
2.912857417732135357e+00
1.485894194188973394e+00
1.300816861220342791e+00
9.719214280093174674e-01
7.809822905846703911e-01
4.813951846463925266e-01
4.216669374554097294e-01
3.538162852393156310e-01
3.446441101445993915e-01
2.292179265534157739e-01
1.803925244356325841e-01
1.505136345204295956e-01
1.307723429650857194e-01
1.074059216907208708e-01
1.017785127153302271e-01
8.068566967500701015e-02
7.236763523595605985e-02
7.081160011490436612e-02
6.292788792585823909e-02
5.448964724038149465e-02
4.913323160840456227e-02
4.282927726458910650e-02
3.696594732710394016e-02
3.325203552843902094e-02
3.232481069760882730e-02
2.856950749810225135e-02
2.618244571806986956e-02
2.444747469146486482e-02
2.189215718157863991e-02
2.126367662450797877e-02
2.020808033739557308e-02
1.935998588548251687e-02
1.774577366532502018e-02
1.660146088010403323e-02
1.585065752574034079e-02
1.274833692571116645e-02
1.170884511458365751e-02
1.021680147674346346e-02
9.835697777174733439e-03
9.462287841214955114e-03
8.458667603852117189e-03
8.253620072662809504e-03
7.885581756135595990e-03
7.175788230902350844e-03
6.806887731786150086e-03
5.930620405556277959e-03
5.412610144225397241e-03
5.040798191859380793e-03
4.981704969827067606e-03
4.835429808667012289e-03
4.417731546769805041e-03
4.037471678896244719e-03
3.964890418797467619e-03
3.787532748166883619e-03
3.390482722678424699e-03
3.366584532534386970e-03
2.985891991181753927e-03
2.791717732471515282e-03
2.753635704012940763e-03
2.551663449591348547e-03
2.446434382315508613e-03
2.317270969633090580e-03
2.154186424065042838e-03
1.953317681437956831e-03
1.924291470156529009e-03
1.804762781170409728e-03
1.782599201875252138e-03
1.640879511253928551e-03
1.559697246424228976e-03
1.477213446113162043e-03
1.439856365199715079e-03
1.372174573230919856e-03
1.250482997520080018e-03
1.224602121246411331e-03
1.175936010956107154e-03
1.146398494834731212e-03
1.118507732027229770e-03
1.018879010330346916e-03
9.895258379391054689e-04
9.494575369035991759e-04
8.574658046090320338e-04
8.441356503897722930e-04
8.282418776303582123e-04
7.364756991823130650e-04
7.312603166770898942e-04
7.045215582651375135e-04
6.828533834028089342e-04
6.687736144884915595e-04
6.421290583806113983e-04
6.059649154983511336e-04
5.906420305719625513e-04
5.627957947503351441e-04
5.573788027939617076e-04
4.926424008646041559e-04
4.524708162868051409e-04
4.472019655531792840e-04
4.362842656980887466e-04
4.171438771840097013e-04
4.070836512506714787e-04
3.934872595747464989e-04
3.757448554361613184e-04
3.681003380539726757e-04
3.354220489702033144e-04
3.262938516734215262e-04
3.195065217437204931e-04
3.080194255491335085e-04
2.855363429899337893e-04
2.771885929767709195e-04
2.650339798223063747e-04
2.615380125871731814e-04
2.369305095298384841e-04
2.290506932270165458e-04
2.281724879762544664e-04
2.133738170306067358e-04
2.065480369380151213e-04
1.954709041564951680e-04
1.936322411553778990e-04
1.858937580402735543e-04
1.763838529988945357e-04
1.709825411696012888e-04
1.609718787887789299e-04
1.563898826432752779e-04
1.504657699468275574e-04
1.489196941020358184e-04
1.400512018428390782e-04
1.321586392848356033e-04
1.248724147612803809e-04
1.211560429073839075e-04
1.144762567066370600e-04
1.107261616665404215e-04
1.090240697510688040e-04
1.071604477795592378e-04
1.009449749134558875e-04
9.711696651143786915e-05
9.136089978045388617e-05
8.945885464058952281e-05
8.680933624496320322e-05
8.528989318118077999e-05
7.934946851300930153e-05
7.832280506022861854e-05
7.533958580334722819e-05
7.201624434126461128e-05
6.954451914719072788e-05
6.780681157028686594e-05
6.318484116385883270e-05
6.169995974828132988e-05
5.818677779856934771e-05
5.580739695148419791e-05
5.390454598065652999e-05
5.367942714056344412e-05
5.196083926505779075e-05
5.111943712404020112e-05
4.893417380433032600e-05
4.477209621040902196e-05
4.330919387041509135e-05
4.090003763177771048e-05
4.009654590702075688e-05
3.763153434123251518e-05
3.662242022857204913e-05
3.605193054848407743e-05
3.521046350392927868e-05
3.467234033870871549e-05
3.150286452164938194e-05
3.080272579784810630e-05
2.969064144924692437e-05
2.836165947788575774e-05
2.775466563466830736e-05
2.628938223144387898e-05
2.527042084210641987e-05
2.436651649453105015e-05
2.340326901138010303e-05
2.296145142628848001e-05
2.251681996080895343e-05
2.116000917569569589e-05
2.038918988378039877e-05
1.979230180757661397e-05
1.838311370677293342e-05
1.818793727942597815e-05
1.733021219907458760e-05
1.693210370431237976e-05
1.572674504366549319e-05
1.537759727240023091e-05
1.456257241337854824e-05
1.371773549511329032e-05
1.337496354366438919e-05
1.318479914387334044e-05
1.276386548815673503e-05
1.198928980704393275e-05
1.169612296617998794e-05
1.114215789133353495e-05
1.090523287970198591e-05
1.052878716293871972e-05
1.022051740299899917e-05
9.703798983663913287e-06
9.568240348168783563e-06
9.063117574831890648e-06
8.694577830056125238e-06
8.476326422846624655e-06
8.069359656002355981e-06
7.755220860099078879e-06
7.276941661662780393e-06
7.155416860278630526e-06
6.929939898254258136e-06
6.729625459560789215e-06
6.294368216076365250e-06
6.148387554943073601e-06
5.821303729042683620e-06
5.661244152133437517e-06
5.366924494719473532e-06
5.218263422202378361e-06
5.103305342291080351e-06
4.834484945792020660e-06
4.728594590976170736e-06
4.535006168999892031e-06
4.276663976565638271e-06
4.171006714568462409e-06
4.064025754052951847e-06
3.810259214460089909e-06
3.655277436838990226e-06
3.543050003813734404e-06
3.513789881911361882e-06
3.328310050250170121e-06
3.134980795783351267e-06
2.842074865489687591e-06
2.791112183312498500e-06
2.745463048319420797e-06
2.614730428108994061e-06
2.563857970670876278e-06
2.483757107822088027e-06
2.345900174949831677e-06
2.286857618418352821e-06
2.172921704466416514e-06
2.085199576967218566e-06
2.046215652126908424e-06
1.959099825269457817e-06
1.927388515173418894e-06
1.845036404039732663e-06
1.769936493777437877e-06
1.705022684279502555e-06
1.661274098662724231e-06
1.623107770702215503e-06
1.614854169719153068e-06
1.575649892099615451e-06
1.486221253317029367e-06
1.425459622095082849e-06
1.385999850849255385e-06
1.334116513979573845e-06
1.272342500334825228e-06
1.195453319171561226e-06
1.133504851604299721e-06
1.071147741150188117e-06
1.055431814597533342e-06
9.785992288842551683e-07
9.757210481017249988e-07
9.331805520408936782e-07
8.866215201363734054e-07
8.416329036095122517e-07
8.174756199228530650e-07
7.790052145096576483e-07
7.463065340108546651e-07
7.343083370446604126e-07
6.837849152914953120e-07
6.811302006334274336e-07
6.715639218202887773e-07
6.247810702679807672e-07
6.097616490768906614e-07
5.741052572451322322e-07
5.491889283491112321e-07
5.105309260259627016e-07
4.977151528596270855e-07
4.820481177631099326e-07
4.700236933034513785e-07
4.438677257955636482e-07
4.246384553062411389e-07
4.043305446038374891e-07
3.647938187420386132e-07
3.588016019536397142e-07
3.451657651356783229e-07
3.299627676181728008e-07
3.141905580369496374e-07
2.825115523952081279e-07
2.623342064732919458e-07
2.493793960154473462e-07
2.025340080155015581e-07
1.900943229289091485e-07
1.831111713072868666e-07
1.548240816725879278e-07
1.398106241781633679e-07
1.216696432682055503e-07
7.836420306583930982e-08
1.508261586854870560e-08
1.207127482506329060e-08
4.451843783354511125e-09
2.477520571854018014e-09
9.009582045335453310e-10
3.021843448259046451e-10
