7.712737560272216797e+00
5.612169265747070312e+00
2.858506202697753906e+00
2.382898569107055664e+00
1.719630479812622070e+00
1.176952838897705078e+00
1.049918055534362793e+00
7.489958405494689941e-01
6.912379264831542969e-01
5.745800733566284180e-01
3.765824437141418457e-01
3.405209779739379883e-01
2.629996836185455322e-01
2.092862129211425781e-01
1.732408255338668823e-01
1.560703665018081665e-01
1.458609700202941895e-01
1.104087531566619873e-01
9.472055733203887939e-02
8.140385150909423828e-02
7.280600070953369141e-02
5.967163667082786560e-02
5.414211004972457886e-02
4.614317789673805237e-02
4.121910408139228821e-02
3.984261304140090942e-02
3.535177931189537048e-02
3.298701718449592590e-02
2.899226173758506775e-02
2.803567238152027130e-02
2.279689535498619080e-02
2.036551199853420258e-02
1.761723123490810394e-02
1.705711521208286285e-02
1.447090506553649902e-02
1.341386977583169937e-02
1.195222698152065277e-02
1.084264926612377167e-02
9.735491126775741577e-03
9.622084908187389374e-03
8.398025296628475189e-03
7.435240317136049271e-03
7.212953176349401474e-03
6.364007480442523956e-03
6.140129640698432922e-03
5.482990760356187820e-03
5.179608706384897232e-03
4.621004685759544373e-03
4.292580299079418182e-03
3.764862893149256706e-03
3.625702578574419022e-03
3.373818472027778625e-03
3.075146814808249474e-03
2.981010358780622482e-03
2.942738588899374008e-03
2.633910393342375755e-03
2.285266527906060219e-03
2.214453881606459618e-03
2.112397924065589905e-03
2.023448701947927475e-03
1.922690775245428085e-03
1.735895290039479733e-03
1.652160775847733021e-03
1.582641154527664185e-03
1.477266894653439522e-03
1.323427888564765453e-03
1.269959728233516216e-03
1.182362670078873634e-03
1.127471798099577427e-03
1.103338785469532013e-03
1.034431159496307373e-03
9.651103755459189415e-04
9.058088180609047413e-04
9.036179981194436550e-04
8.224809425882995129e-04
8.154654642567038536e-04
7.694346713833510876e-04
7.207748130895197392e-04
6.459282594732940197e-04
6.429966306313872337e-04
5.990056670270860195e-04
5.766302347183227539e-04
5.311028216965496540e-04
5.251126713119447231e-04
5.165768088772892952e-04
4.827718075830489397e-04
4.626581794582307339e-04
4.525434342212975025e-04
4.235286614857614040e-04
4.101973609067499638e-04
3.816885291598737240e-04
3.567432577256113291e-04
3.434453392401337624e-04
3.235340700484812260e-04
3.141609195154160261e-04
3.087331715505570173e-04
2.922413405030965805e-04
2.880296669900417328e-04
2.605778863653540611e-04
2.580402942840009928e-04
2.495645894668996334e-04
2.448499726597219706e-04
2.372899907641112804e-04
2.222806942882016301e-04
1.976600615307688713e-04
1.877502654679119587e-04
1.805352367227897048e-04
1.762212486937642097e-04
1.731189695419743657e-04
1.639774418435990810e-04
1.620780531084164977e-04
1.507250126451253891e-04
1.436401071259751916e-04
1.408624957548454404e-04
1.312781823799014091e-04
1.261124270968139172e-04
1.227567699970677495e-04
1.146699214586988091e-04
1.099427754525095224e-04
1.075611071428284049e-04
1.020780036924406886e-04
9.718912770040333271e-05
9.389445040142163634e-05
8.896200597519055009e-05
8.719773177290335298e-05
8.612515375716611743e-05
8.119792619254440069e-05
7.963891403051093221e-05
7.515442848671227694e-05
7.125529373297467828e-05
6.827756442362442613e-05
6.764791032765060663e-05
6.272958125919103622e-05
5.832694660057313740e-05
5.647625948768109083e-05
5.455276914290152490e-05
5.243883424554951489e-05
5.057517410023137927e-05
4.954715404892340302e-05
4.726565384771674871e-05
4.636990706785582006e-05
4.196320514893159270e-05
3.988880052929744124e-05
3.940700844395905733e-05
3.736272992682643235e-05
3.613785520428791642e-05
3.379105328349396586e-05
3.318408926133997738e-05
3.101782567682676017e-05
3.059748996747657657e-05
2.951655733340885490e-05
2.867782859539147466e-05
2.703759855648968369e-05
2.666635009518358856e-05
2.486017729097511619e-05
2.441766628180630505e-05
2.330241659365128726e-05
2.226977994723711163e-05
2.147445047739893198e-05
2.087778557324782014e-05
1.982997127925045788e-05
1.916917972266674042e-05
1.851673005148768425e-05
1.849868385761510581e-05
1.762129795679356903e-05
1.675124985922593623e-05
1.655844425840768963e-05
1.566918763273861259e-05
1.481260278524132445e-05
1.458433052903274074e-05
1.398374388372758403e-05
1.353769494016887620e-05
1.267703191842883825e-05
1.231415080837905407e-05
1.202491876028943807e-05
1.105597402784042060e-05
1.078973764379043132e-05
1.060032354871509597e-05
9.924460755428299308e-06
9.507061804470140487e-06
9.106726793106645346e-06
8.619672371423803270e-06
8.362177140952553600e-06
8.262440132966730744e-06
7.814782293280586600e-06
7.726646799710579216e-06
7.247759640449658036e-06
7.133453891583485529e-06
6.683818355668336153e-06
6.608475814573466778e-06
6.534420663228956982e-06
6.080412731535034254e-06
5.882517598365666345e-06
5.797810445073992014e-06
5.216190857026958838e-06
5.028529812989290804e-06
4.579988853947725147e-06
4.493625510804122314e-06
4.270941190043231472e-06
4.121859547012718394e-06
4.017074388684704900e-06
3.737970018846681342e-06
3.631206482168636285e-06
3.554559725671424530e-06
3.311262616989552043e-06
3.226955641366657801e-06
3.052579813811462373e-06
2.944302195828640833e-06
2.863756435544928536e-06
2.699066726563614793e-06
2.651298473210772499e-06
2.505191332602407783e-06
2.406537305432721041e-06
2.188407506764633581e-06
2.133685029548360035e-06
2.031390977208502591e-06
1.979986109290621243e-06
1.933301064127590507e-06
1.784288201633899007e-06
1.746574866956507321e-06
1.711391064418421593e-06
1.663286411712761037e-06
1.580580715199175756e-06
1.504644274064048659e-06
1.444637518943636678e-06
1.421690853931067977e-06
1.375295596517389640e-06
1.352540266452706419e-06
1.294129333473392762e-06
1.241370000570896082e-06
1.170112454929039814e-06
1.144715611189894844e-06
1.081349182641133666e-06
1.025906271934218239e-06
9.708218158266390674e-07
9.462637535762041807e-07
9.172760542242031079e-07
8.520756296093168203e-07
8.420898893746198155e-07
8.406494202972680796e-07
7.969012472130998503e-07
7.594234148200484924e-07
7.445121923410624731e-07
7.000092523412604351e-07
6.550539524141640868e-07
6.413489472834044136e-07
6.024885692568204831e-07
5.869550818715651985e-07
5.635123443425982259e-07
5.202863917475042399e-07
5.009487153984082397e-07
4.830740749639517162e-07
4.727122018266527448e-07
4.635285506537911715e-07
4.462831952878332231e-07
4.400321529374195961e-07
3.970411910358961904e-07
3.764820633023191476e-07
3.728971478267339990e-07
3.565758390777773457e-07
3.507085466480930336e-07
3.227315232834371272e-07
3.022906014393811347e-07
2.980696649501624051e-07
2.904043583384918747e-07
2.838156945017544786e-07
2.748527947460388532e-07
2.640346679072536062e-07
2.519514339383022161e-07
2.477502789588470478e-07
2.303368802358818357e-07
2.233703355614125030e-07
2.137571470939292340e-07
2.092557878086154233e-07
1.937466862500514253e-07
1.897092261060606688e-07
1.871779886641888879e-07
1.703431564692436950e-07
1.681953278875880642e-07
1.571156360569148092e-07
1.446425130779971369e-07
1.435638807834038744e-07
1.259909225836963742e-07
1.234626552104600705e-07
1.139850169806777558e-07
1.097847004416507843e-07
1.023262328203600191e-07
9.121380628585029626e-08
8.061284262339540874e-08
7.601297369319581776e-08
6.625860038411701680e-08
5.624096033329806232e-08
4.950565468675449665e-08
3.109801838263592799e-08
1.841402408331305196e-08
6.044136746652384318e-09
-2.859178893643843367e-09
