3.889732112614229919e-03 1.693113656325582334e-02
6.269076813726907199e-03 9.159892326030590753e-03
7.034208149752126625e-03 1.244242875745798366e-02
4.729164630344955163e-03 1.939132847272733232e-02
4.496237174110182151e-03 1.697204042780968078e-02
6.505895620267457442e-03 1.446220560170857761e-02
8.211838180901090065e-03 1.475620013770401889e-02
5.913996196516799718e-03 1.759410723515060504e-02
7.246063622370854142e-03 1.799468949079591207e-02
2.902714504894999756e-03 1.828120095287703861e-02
4.747066894851975812e-03 1.922280933622095428e-02
2.604964516409763453e-03 1.946117070552502368e-02
4.996622541084936447e-03 1.597601444843034513e-02
2.912438868833548992e-04 1.855721804575475101e-02
5.005103377526283134e-03 2.099630465763563381e-02
1.681497364919378899e-04 1.966240867297966086e-02
3.194844993346819366e-03 1.330236967239142171e-02
4.066999547719455689e-03 1.150769137784606218e-02
3.718353031712921981e-03 2.082675511297981882e-02
5.890043096072565022e-03 1.683131199974477119e-02
4.586513317154683120e-03 2.324291481061558501e-02
5.697274374373217758e-03 5.697274374373217758e-03
0.000000000000000000e+00 1.536489520675160189e-02
2.951015898932248058e-03 2.060630333262606501e-02
3.123242736227254540e-03 2.055823975700803163e-02
3.527138629004476951e-03 1.847855271681553627e-02
4.063521992959795610e-03 1.759179733548752941e-02
4.394470393758099190e-03 1.030122075345527716e-02
2.172973483120642802e-03 1.635713031046415883e-02
4.968248532355744318e-03 1.650437735203980072e-02
3.986248316632717836e-03 1.805950307629509283e-02
2.377996378563606303e-04 1.769076162684544290e-02
2.100189535646740206e-03 2.074538934602424695e-02
3.362994729838757798e-04 2.165790117979633778e-02
5.188175580679334209e-03 1.128635758448022844e-02
5.744227331909278894e-03 1.420943157321113808e-02
1.140446999463883004e-03 2.039206291517039332e-02
5.841842260447121203e-03 1.466948597729402295e-02
2.003735364584793323e-03 2.061528967420587707e-02
5.464219667959679949e-03 1.430368876682196026e-02
4.118810547886960285e-03 1.134584932864612580e-02
7.329477087513506899e-03 1.395316754015556333e-02
5.827304264636614869e-03 2.286227938867024800e-02
4.388031605840121696e-03 1.714534162803007383e-02
5.404385894847285945e-03 1.451160183536896048e-02
4.391252179929336190e-03 2.166372367200209217e-02
5.546392995808289809e-03 1.964930691325730491e-02
2.477000293189499189e-03 1.947514299548255140e-02
4.197012033420677649e-03 1.108358747416378007e-02
3.860126158038929781e-03 1.207482491598905333e-02
7.257760262142864960e-03 7.257760262142864960e-03
4.876342358266198482e-03 6.247576555400098652e-03
2.965352902674120439e-03 1.357704800973477850e-02
7.003996665176578061e-03 1.664606902430677479e-02
3.834403945700065250e-03 2.165458756974472654e-02
6.707045937426718736e-03 1.712000257241408710e-02
1.291582633460275657e-03 1.923444394139864691e-02
4.823875701667652838e-03 2.303257165692522770e-02
3.203682755716903349e-03 2.106485256348006319e-02
1.787456217282208052e-03 2.311395662644691665e-02
4.847264327040363106e-03 1.675763473214655214e-02
6.542731959802000445e-03 1.540580448946403738e-02
1.485058262432836351e-03 1.931696183751361109e-02
4.489944326835879594e-03 1.810289248963081743e-02
2.912438868833548992e-04 1.977478285613950074e-02
4.316571096187465928e-03 1.423632354726792580e-02
1.200829308435513937e-03 2.042529584394989217e-02
5.086355817509422873e-03 1.515245604077752536e-02
4.577256974082876025e-03 9.349292078608857637e-03
5.404385894847285945e-03 1.916995035279923237e-02
6.484129431388010317e-03 1.789278330159477584e-02
1.872436220918141095e-03 1.943280206664801946e-02
4.527570216426620407e-03 1.691936037134270446e-02
4.755992757127212606e-04 1.638821923859495183e-02
3.947044206637644742e-03 1.749846460516808755e-02
0.000000000000000000e+00 1.828312262845219541e-02
1.269502670848535186e-03 2.035216978692793582e-02
1.188998189281803260e-03 1.918417963152631300e-02
1.465895417502701076e-03 1.418219822969997088e-02
4.985292316659961816e-03 1.571446364267893928e-02
1.723022071141967152e-03 1.854821405516389465e-02
6.020605952652857695e-03 1.158120061571268726e-02
4.339436180613469828e-03 1.973150186872291156e-02
2.425089987509761093e-03 1.935549847011348509e-02
2.917288895288697864e-03 2.073160965237947143e-02
1.681497364919378899e-04 1.966240867297966086e-02
0.000000000000000000e+00 1.332600106675778731e-02
5.274651129713813467e-03 2.253502281540346527e-02
3.012650191479407814e-03 1.923087237877153105e-02
2.377996378563606303e-04 1.850949174150981480e-02
1.612835613809525523e-03 2.050293809441281617e-02
5.016388856065112124e-03 1.592897810646765402e-02
5.226184701128505986e-03 1.912015500967078480e-02
3.543134804624968517e-03 2.037453420150667910e-02
3.989793224684642578e-03 1.173318671787025938e-02
3.815924782983633710e-03 1.741351710539988315e-02
5.255856181728629263e-03 1.530118011819624896e-02
5.212641831250073611e-03 1.845213504253016140e-02
5.975824938312297892e-03 1.411386853213391149e-02
8.046628150379861455e-03 8.046628150379861455e-03
