2.452706440029386592e-01
4.426298904093621533e-02
2.473852289350704850e-02
1.343685832100446897e-02
1.080280095671630643e-02
7.071289062441994851e-03
5.556008674178299425e-03
4.457359963133676259e-03
3.318072455716454625e-03
2.670802588429430947e-03
2.394815157493516717e-03
2.211936765720527633e-03
1.931802281132175957e-03
1.421955299988974120e-03
1.332812665256884145e-03
1.206944562322256193e-03
9.719994682138333479e-04
8.165768441678755317e-04
7.583838430729190460e-04
7.155366371922770386e-04
6.572405445151943432e-04
5.909316012887590695e-04
5.190808195191481782e-04
4.322172542218799692e-04
4.080433644609069528e-04
3.922706176404094761e-04
3.638214241816019648e-04
3.096173958109570221e-04
2.912882577820418675e-04
2.850188521248966868e-04
2.509503224720209297e-04
2.403883298982521517e-04
2.277747713812483781e-04
2.243871187357042842e-04
2.187469247598266262e-04
1.994621164638981454e-04
1.864562256095490735e-04
1.711630027663480782e-04
1.688674634815303169e-04
1.596944493767087428e-04
1.550392637822028854e-04
1.485410227380984589e-04
1.424056005730416183e-04
1.384302855605085494e-04
1.323311582709219936e-04
1.292620510359889082e-04
1.139661136751198809e-04
1.056950638881572397e-04
1.043802868280187203e-04
1.028706817748063383e-04
1.001081055942649106e-04
9.871227974531076438e-05
9.157754446890215472e-05
8.870535421977461792e-05
8.248517261772043139e-05
8.120782492471871389e-05
7.996183533166310929e-05
7.916521722585570303e-05
7.486496931822509868e-05
7.434440881520642402e-05
7.073514321018858724e-05
6.761049061849165912e-05
6.537348243762535665e-05
6.401473368386821725e-05
6.079263459329803203e-05
5.950226787597625032e-05
5.515762763823025481e-05
5.422373222866792972e-05
5.392061804596568213e-05
5.366812233419473061e-05
5.053071066689943894e-05
4.881492772865654855e-05
4.720929065991621493e-05
4.693235921073967559e-05
4.395853521569544764e-05
4.268146083278305292e-05
4.076226721265593326e-05
3.970112686106527067e-05
3.855094268295748022e-05
3.748192778463200114e-05
3.644313036956306902e-05
3.557014507792082063e-05
3.480341799768090725e-05
3.436862621567272100e-05
3.315836626189162112e-05
3.100365919769121218e-05
3.051052967790775369e-05
2.977566700161477000e-05
2.921525909451958239e-05
2.779309933535982271e-05
2.647267920598872683e-05
2.619672267812201398e-05
2.542985906938123757e-05
2.457145041017905221e-05
2.413897260571760470e-05
2.361562118334848288e-05
2.268715502222474741e-05
2.228927442812552115e-05
2.160675909607781122e-05
2.044197191412587723e-05
2.015280033365820202e-05
1.895211305283513352e-05
1.882181829311933182e-05
1.847980827813333848e-05
1.792789524220913351e-05
1.700264651658718804e-05
1.689243365635561699e-05
1.656457189072037703e-05
1.569217522231883377e-05
1.530970364005094798e-05
1.476607268989334394e-05
1.458225118834465399e-05
1.441713193268550440e-05
1.418340374772748415e-05
1.395626736937411942e-05
1.356067775562866395e-05
1.263597012619667265e-05
1.240616062958094699e-05
1.223475002473336380e-05
1.214724529889726213e-05
1.173225205604265068e-05
1.153168559063893610e-05
1.111121975957091865e-05
1.081323222682433827e-05
1.059612150556505785e-05
1.030680583621823353e-05
9.921910205319368155e-06
9.446204736837640731e-06
9.341681959909757592e-06
9.259718405624176249e-06
9.045039478220501377e-06
8.756509549793141061e-06
8.526143301576179594e-06
8.406545132204908840e-06
8.322231156003574969e-06
8.167476092357850491e-06
7.856385279273598771e-06
7.486380258930121137e-06
7.431186433160220852e-06
7.208835263949018287e-06
7.003732137327053362e-06
6.830446128223678007e-06
6.605510126871644549e-06
6.484968538812808334e-06
6.212821980173655887e-06
6.157369992902729707e-06
6.019597749718744855e-06
5.829839069873173040e-06
5.715904027090824888e-06
5.472243325779691527e-06
5.354855779683928246e-06
5.229279772579950705e-06
5.176355190634029128e-06
5.079460381321839898e-06
5.031126517440806472e-06
4.903012356928887497e-06
4.781126075816712226e-06
4.710491855253344843e-06
4.513608555291453113e-06
4.373077242755094226e-06
4.305692724423401693e-06
4.230295182261981005e-06
4.065594753431134272e-06
3.975875692050043382e-06
3.961247750827375929e-06
3.839062108803107080e-06
3.714206534121799246e-06
3.508009681628329449e-06
3.476475745988279168e-06
3.361318311709637367e-06
3.299491732041046366e-06
3.206796785529033095e-06
3.179901450220402001e-06
3.136379843847864301e-06
3.025312455441588386e-06
2.996844440338900952e-06
2.907886301644234522e-06
2.842188770836443977e-06
2.740531303743905420e-06
2.713603449739002223e-06
2.644250817462437667e-06
2.612328984086536341e-06
2.570989457405859024e-06
2.462844028314517306e-06
2.436834444990248131e-06
2.361376044564642204e-06
2.264603885869967529e-06
2.244870542718319903e-06
2.152409509551013151e-06
2.120432866366183417e-06
2.072125507279784638e-06
2.026109605599227078e-06
1.984016681405524466e-06
1.903642050214111020e-06
1.871692810970305863e-06
1.822880299345545133e-06
1.795448813511266264e-06
1.761399537537384275e-06
1.701507552559320215e-06
1.622982423344649282e-06
1.607210189288392961e-06
1.563989561817603542e-06
1.532864929268571611e-06
1.465372352409646369e-06
1.409875673846596086e-06
1.390576257886119524e-06
1.352327157546016599e-06
1.280512262804425995e-06
1.267675580246117586e-06
1.222555398151976073e-06
1.210985843899539595e-06
1.179379857034089662e-06
1.127146729060974485e-06
1.078430650006949195e-06
1.053469952590518767e-06
1.047970472948200655e-06
1.018415582717649562e-06
9.899983795687779591e-07
9.510847933373004704e-07
9.353440839297332185e-07
9.086599752748633035e-07
8.625573518706016276e-07
8.239700895082908043e-07
8.041829950584648647e-07
7.747211552491615697e-07
7.478571949072139103e-07
7.385252965433646136e-07
7.127181235187472888e-07
6.736052405332826786e-07
6.478489343953813399e-07
6.226695315934800890e-07
6.043753203783033702e-07
5.800154986904868087e-07
5.769669171135158591e-07
5.476100623022704087e-07
5.306190608285186608e-07
4.959181190915050378e-07
4.863329727282463924e-07
4.482117097890169279e-07
4.212686803073428236e-07
4.146821018687387518e-07
3.970642788810757742e-07
3.741862161515164884e-07
3.601183313134813934e-07
3.429209779784616498e-07
3.267308164206707707e-07
3.074453163738992615e-07
3.065919031527531431e-07
2.940853204909107812e-07
2.864780977377389499e-07
2.655614868009672135e-07
2.453434126742879769e-07
2.311977357026537147e-07
2.179320395829532253e-07
1.987163878997264087e-07
1.900099113721574384e-07
1.821080892935587865e-07
1.704038082457943633e-07
1.588584649512663810e-07
1.465366600926625404e-07
1.448989739868559720e-07
1.310559777155851087e-07
1.195860285646858618e-07
1.169205009427894839e-07
1.119817768901838210e-07
9.595877955237262951e-08
9.164746671185529968e-08
8.897090258948918980e-08
8.442546103638305086e-08
8.007210838857150598e-08
6.486518075340002933e-08
5.511369642466188924e-08
5.473674362612039841e-08
4.601694861468896203e-08
3.635128853337880902e-08
3.105658053362706082e-08
3.064890850880707566e-08
2.629743079830451682e-08
2.501532574747981868e-08
2.109332237599690530e-08
1.533304590791152145e-08
1.240141463535439866e-08
8.879975239267659439e-09
7.342885956826985481e-09
6.792428699508126854e-09
2.836081274478219831e-09
2.031895296225802066e-09
1.356191091669242560e-09
9.258362485970090615e-10
6.810993881257928078e-10
3.095473754530566152e-10
1.350294538257471462e-10
1.345216948885485994e-10
1.260388667541295944e-10
4.878577147347402270e-11
3.075056740507761751e-11
3.368161905068272478e-12
