4.738532602787017822e-01
8.596106618642807007e-02
4.750449210405349731e-02
2.302414923906326294e-02
1.919184997677803040e-02
9.024865925312042236e-03
8.022215217351913452e-03
4.953540861606597900e-03
4.421438090503215790e-03
3.751215757802128792e-03
2.972232876345515251e-03
2.709332853555679321e-03
2.286471193656325340e-03
1.818849239498376846e-03
1.418287167325615883e-03
1.329201739281415939e-03
9.531073737889528275e-04
7.969688158482313156e-04
7.484186789952218533e-04
6.163348443806171417e-04
5.827062996104359627e-04
5.355718312785029411e-04
4.994765622541308403e-04
4.348807560745626688e-04
4.048447299282997847e-04
3.723926784005016088e-04
3.571798733901232481e-04
3.158372710458934307e-04
2.681631012819707394e-04
2.665616921149194241e-04
2.557531697675585747e-04
2.513966464903205633e-04
2.374412433709949255e-04
2.194763947045430541e-04
2.029489405686035752e-04
1.948587596416473389e-04
1.684606686467304826e-04
1.590477622812613845e-04
1.550115266581997275e-04
1.493594754720106721e-04
1.347209908999502659e-04
1.265178871108219028e-04
1.213350406032986939e-04
1.161714826594106853e-04
1.078233690350316465e-04
1.047406694851815701e-04
1.000399133772589266e-04
9.688343561720103025e-05
8.581335714552551508e-05
8.526271994924172759e-05
7.881890633143484592e-05
7.729429489700123668e-05
7.171055767685174942e-05
6.784362631151452661e-05
6.373057112796232104e-05
6.298074731603264809e-05
5.930396946496330202e-05
5.829739893670193851e-05
5.707444142899475992e-05
5.549942943616770208e-05
5.237520963419228792e-05
4.860404078499414027e-05
4.697380063589662313e-05
4.456687020137906075e-05
4.426599844009615481e-05
4.317943603382445872e-05
4.147684376221150160e-05
3.788926551351323724e-05
3.710591772687621415e-05
3.516427022987045348e-05
3.435909820836968720e-05
3.343684875289909542e-05
3.210105933248996735e-05
3.110685065621510148e-05
2.955767558887600899e-05
2.939634214271791279e-05
2.853024125215597451e-05
2.726423372223507613e-05
2.565210525062866509e-05
2.532616781536489725e-05
2.381354170211125165e-05
2.361608494538813829e-05
2.233808299934025854e-05
2.156990194635000080e-05
2.059145299426745623e-05
1.995163620449602604e-05
1.925100332300644368e-05
1.879734008980449289e-05
1.781033279257826507e-05
1.734254146867897362e-05
1.696864637779071927e-05
1.638147114135790616e-05
1.605493889655917883e-05
1.576085560373030603e-05
1.524910840089432895e-05
1.466278899897588417e-05
1.385172799928113818e-05
1.362192779197357595e-05
1.338056517852237448e-05
1.286962924496037886e-05
1.237597098224796355e-05
1.174801309389295056e-05
1.141388111136620864e-05
1.117844203690765426e-05
1.099972541851457208e-05
1.058254747476894408e-05
9.888997738016769290e-06
9.524414963379967958e-06
9.345699254481587559e-06
9.250520633941050619e-06
8.960528248280752450e-06
8.590048309997655451e-06
8.404295840591657907e-06
8.337147846759762615e-06
8.136400538205634803e-06
8.046886250667739660e-06
7.719157110841479152e-06
7.290890152944484726e-06
7.051781722111627460e-06
6.609031061088899150e-06
6.500779363705078140e-06
6.462082637881394476e-06
6.269528057600837201e-06
6.021241460985038429e-06
5.691366368409944698e-06
5.624080131383379921e-06
5.461389264382887632e-06
5.325378424458904192e-06
5.324501671566395089e-06
5.106458047521300614e-06
5.021530341764446348e-06
4.775561592396115884e-06
4.599034127750201151e-06
4.458802777662640437e-06
4.423661721375538036e-06
4.321671895013423637e-06
4.267859367246273905e-06
4.137765245104674250e-06
4.051844825880834833e-06
3.919075879821320996e-06
3.881861175614176318e-06
3.778472319027059712e-06
3.690369567266316153e-06
3.532283017193549313e-06
3.499860667943721637e-06
3.382108388905180618e-06
3.232447397749638185e-06
3.126323690594290383e-06
3.008617795785539784e-06
2.937297495009261183e-06
2.831718802553950809e-06
2.801418986564385705e-06
2.695225020943325944e-06
2.579900865384843200e-06
2.562847384979249910e-06
2.524841193007887341e-06
2.427977051411289722e-06
2.323890157640562393e-06
2.300941105204401538e-06
2.265759121655719355e-06
2.213274910900508985e-06
2.162369582947576419e-06
2.038806542259408161e-06
2.014823166973656043e-06
1.991201315831858665e-06
1.986534925890737213e-06
1.849039790613460355e-06
1.843749487306922674e-06
1.818929604269214906e-06
1.739670210554322693e-06
1.708518084342358634e-06
1.689802388682437595e-06
1.645820589146751445e-06
1.597591676727461163e-06
1.525975562799430918e-06
1.517863324806967285e-06
1.451417688258516137e-06
1.433108650417125318e-06
1.427070060344703961e-06
1.360941723760333844e-06
1.345581949863117188e-06
1.285692974306584802e-06
1.265590412913297769e-06
1.199690245812234934e-06
1.177274384644988459e-06
1.150590151155483909e-06
1.113657731366402004e-06
1.099356268241535872e-06
1.064090952240803745e-06
1.048498347699933220e-06
1.006988441076828167e-06
9.886576890494325198e-07
9.709625601317384280e-07
9.408033747604349628e-07
9.264430218536290340e-07
9.099173894355772063e-07
8.674772402628150303e-07
8.516170169059478212e-07
8.237191195803461596e-07
8.205843755604291800e-07
7.840838520678516943e-07
7.627007221344683785e-07
7.294333954632747918e-07
7.075989287841366604e-07
6.910572096785472240e-07
6.859153813820739742e-07
6.491549697784648743e-07
6.308182491920888424e-07
6.222053343662992120e-07
6.027277095199679025e-07
5.921330057390150614e-07
5.565329388446116354e-07
5.512914071914565284e-07
5.378145715440041386e-07
5.263648290565470234e-07
5.132567935106635559e-07
5.048317461842088960e-07
4.756000748784572352e-07
4.619912772341194795e-07
4.590488345002086135e-07
4.323466953337629093e-07
4.200022658551461063e-07
4.104623201328649884e-07
4.002811238024150953e-07
3.837979534182522912e-07
3.733215123702393612e-07
3.572070852442266187e-07
3.449903829277900513e-07
3.222847908546100371e-07
3.175371148245176300e-07
3.043984690975776175e-07
2.869370518965297379e-07
2.848419455858675065e-07
2.682735100734134903e-07
2.613307401588826906e-07
2.437758439555182122e-07
2.310920024228835246e-07
2.285500926291206270e-07
2.258917248809666489e-07
2.163803856092272326e-07
2.113354184984927997e-07
2.025606704592064489e-07
1.911477909288805677e-07
1.840775212258449756e-07
1.728747776041927864e-07
1.673403602353573660e-07
1.602424646307554212e-07
1.512673009074205766e-07
1.418694353105820483e-07
1.373535241100398707e-07
1.274121359529090114e-07
1.252408736718280124e-07
1.177184287826094078e-07
1.035975287777546328e-07
1.010950327895443479e-07
9.120520871874759905e-08
8.627807090988426353e-08
8.202016488212393597e-08
7.746799468577592052e-08
7.432132775875288644e-08
7.240524269036541227e-08
7.062689633130503353e-08
6.629634441424059332e-08
5.982155215633611078e-08
5.644957212780354894e-08
5.003150249649479520e-08
4.769139394511512364e-08
4.708636680561539833e-08
4.201004344395187218e-08
4.126506780721683754e-08
3.564642270248441491e-08
2.929821718566927302e-08
2.525731979119427706e-08
2.422900813314754487e-08
2.065383597482650657e-08
1.764669477211100457e-08
1.599936538809743070e-08
1.469000032727763028e-08
1.372444913272374833e-08
1.123370285682767644e-08
1.097634161340010905e-08
8.330447442972399585e-09
6.566490462489582569e-09
5.906323874427243936e-09
4.995486246883729109e-09
2.433775847521246760e-09
1.989845399563705541e-09
1.873913912930902370e-09
1.020411088958894652e-09
9.156356783890373663e-10
7.198392437679501654e-10
2.788152209109995283e-10
-1.952578376762659218e-10
1.570742286238768770e-10
8.944408408373405450e-11
-4.815339793573514271e-11
-1.646860078863277010e-11
