3.806060440961613577e-03 1.704647688982975987e-02
5.136141889803424836e-03 1.532601028948017349e-02
6.700719528909214115e-03 1.464388943535243313e-02
3.774952221774906420e-03 2.035624262183649211e-02
4.552481382249889443e-03 1.687664871226614294e-02
5.795680171660791587e-03 1.710316703614511713e-02
8.079940404127341699e-03 1.574196498261720700e-02
6.475402469921308357e-03 1.792062263218997809e-02
7.084274320006031869e-03 1.860227880984871920e-02
2.599531842057651015e-03 1.837369256654236213e-02
4.567981874432449664e-03 1.946339795992533053e-02
2.354096310887130242e-03 1.948080594376059432e-02
4.993792394983573996e-03 1.598269438805077075e-02
4.755992757127212606e-04 1.993231248672939701e-02
5.320019569154839194e-03 2.054147407236235276e-02
3.362994729838757798e-04 1.981447624619261591e-02
3.756180587681024093e-03 1.231953540411775266e-02
4.388031605840121696e-03 1.033004646008708546e-02
4.416932236155838090e-03 2.025058089290155544e-02
6.079025775909881538e-03 1.622780582920265238e-02
3.251861139714185955e-03 2.229617109717963244e-02
5.674897910266666658e-03 5.674897910266666658e-03
0.000000000000000000e+00 1.536489520675160189e-02
3.054591655387293644e-03 2.057922935455101104e-02
2.395764967209544974e-03 2.066173912608094271e-02
3.474642509344749112e-03 1.851660873325318077e-02
4.489944326835879594e-03 1.698248240127566561e-02
4.555585699952770240e-03 9.478467127116030344e-03
2.172973483120642802e-03 1.635713031046415883e-02
5.105774754088561115e-03 1.618932881381056343e-02
3.885678099528130577e-03 1.816525335787116252e-02
2.912438868833548992e-04 1.773821960850752513e-02
1.826573677165079608e-03 1.942259512477655103e-02
1.681497364919378899e-04 1.955494225923132615e-02
4.832659701115578355e-03 1.280208809209406988e-02
5.333289780764026086e-03 1.042309571136139888e-02
1.841988074303679227e-03 2.187014544477649744e-02
5.982917908094854444e-03 1.408236186805147949e-02
2.317784165455995509e-03 2.065795255695569016e-02
5.393912268928284862e-03 1.454689340186577327e-02
4.084342908052874567e-03 1.145450526176943623e-02
8.002584972584044637e-03 1.350653373073813432e-02
5.985280363431976294e-03 2.261061145301498237e-02
5.682366522285930109e-03 1.990329851331407163e-02
5.538741035858630972e-03 1.402858930089045594e-02
4.623353373367100443e-03 2.144233565354806970e-02
5.892442787798145634e-03 1.891716277793086681e-02
2.773196497904144905e-03 2.075676439815665048e-02
4.129094735051716362e-03 1.131264041000456730e-02
3.936284411409427322e-03 1.187945431785264461e-02
7.220655903654196912e-03 7.220655903654196912e-03
4.942572657464352169e-03 4.942572657464352169e-03
2.993820943325048185e-03 1.354628752210598752e-02
6.759535749872912572e-03 1.761453837534816824e-02
3.629853934961514619e-03 2.044883621514247823e-02
6.668997465651842899e-03 1.726098652951073981e-02
1.436671978361273114e-03 1.929784178612443599e-02
4.056557939867657357e-03 2.359898395881988853e-02
2.700884696101538574e-03 2.116593342357477384e-02
1.494547549160729410e-03 2.298693950257884450e-02
4.530691602675655794e-03 1.732887744259218807e-02
6.585805051431501550e-03 1.520993674702625711e-02
2.287083681946728772e-03 2.076909616929301788e-02
5.061279136480340175e-03 1.872783686657546881e-02
2.912438868833548992e-04 1.977478285613950074e-02
4.381583356058312700e-03 1.408844080466798224e-02
2.912438868833548992e-04 1.977478285613950074e-02
3.932691271079202799e-03 1.728218809701585756e-02
4.339436180613469828e-03 1.053954472001883934e-02
4.951146077017033395e-03 1.992350542014188763e-02
6.499373417504825980e-03 1.784375266994094392e-02
8.737316606500646976e-04 1.605395415718448987e-02
5.223478936152356304e-03 1.858861665418585357e-02
1.747463321300129395e-03 1.419812216935133729e-02
3.490879245014758599e-03 1.815304308739713532e-02
0.000000000000000000e+00 1.828312262845219541e-02
4.755992757127212606e-04 1.982463754154555058e-02
5.317361552716549011e-04 1.875763447237736858e-02
4.755992757127212606e-04 1.373874149639310593e-02
4.744087875484314515e-03 1.625301949705031807e-02
2.293256658577341560e-03 1.860780649265766223e-02
6.067386811038603597e-03 1.123863480777611418e-02
3.771205370011158128e-03 1.891008356145465821e-02
1.755534788368372755e-03 1.928613223526403492e-02
3.036022537075845368e-03 2.070313931041086603e-02
0.000000000000000000e+00 1.949961671010448302e-02
0.000000000000000000e+00 1.332600106675778731e-02
5.459042765169804141e-03 2.229044216205150822e-02
3.358788355797511383e-03 1.906658715067428150e-02
2.912438868833548992e-04 1.966725698564634681e-02
1.258317407258302068e-03 2.034645782536222483e-02
5.144392725467255949e-03 1.560738788330323992e-02
5.362368651846623722e-03 1.886745927237859499e-02
2.539005341697070373e-03 2.077636288553508931e-02
3.863786781107194680e-03 1.206575942954445438e-02
3.404772663739289579e-03 1.778639825241472294e-02
4.896594238059479888e-03 1.620408110254379502e-02
5.002278029642365578e-03 1.882841732126188175e-02
5.091911642013888413e-03 1.686111711461734525e-02
8.000818202505642282e-03 8.000818202505642282e-03
