2.342433519706036971e-01
4.059063175816437358e-02
9.733897195868406599e-03
7.627176752210086154e-03
3.706025245084651303e-03
2.871544879482068515e-03
2.312774573085208708e-03
1.600050257670687735e-03
1.243752959871118882e-03
8.493118588175157472e-04
5.345324258783630631e-04
4.793936513394591432e-04
3.619953183459306096e-04
2.316624004872930060e-04
1.965121403362429841e-04
1.468059918354898115e-04
1.363296400899076475e-04
1.197547585451201005e-04
8.660477736541578517e-05
8.543396813063648340e-05
8.142226408601174672e-05
6.405795035200458423e-05
5.438060096612595487e-05
4.951003447266184528e-05
4.120315931493975857e-05
4.000358406884138362e-05
3.603474547078765330e-05
3.037457157945789842e-05
2.796903152608518485e-05
2.683304672510724833e-05
2.437712087289035809e-05
2.204385133195843952e-05
2.101393801603015219e-05
1.972020283074651977e-05
1.893155537187587710e-05
1.804016941307993576e-05
1.553644763025617008e-05
1.543923538368145119e-05
1.342952267262649606e-05
1.246085795219696346e-05
1.210067190607728792e-05
1.159001028787580892e-05
1.107639755545503295e-05
1.073058519772650842e-05
1.014868516648951527e-05
9.801860180762540659e-06
9.395904021315713091e-06
8.958396565188723806e-06
7.939420848123570232e-06
7.734849710919995677e-06
7.511149416788527185e-06
7.342595786441752641e-06
6.807588313443059332e-06
6.496682601234174834e-06
6.291026509364671309e-06
5.962938497471299619e-06
5.828520456562196793e-06
5.686070482605271892e-06
5.667749226863536131e-06
5.273524582502651387e-06
5.006195239592149526e-06
4.885556007969811692e-06
4.599466479220470630e-06
4.469352076952874950e-06
4.329181619284973556e-06
4.177089617855123936e-06
4.030117294058873041e-06
3.949309846868444209e-06
3.920774299241666817e-06
3.739424864335147774e-06
3.504869795261299408e-06
3.441601915222534685e-06
3.332960033097666150e-06
3.214236695911965954e-06
3.113602660970197939e-06
3.090152339944080140e-06
2.965816485673397995e-06
2.848032280764309041e-06
2.791231642873621591e-06
2.691794362429076278e-06
2.617609337275119718e-06
2.500480954373021638e-06
2.466675864383068680e-06
2.407553391831231602e-06
2.380992172488434910e-06
2.310834999569222633e-06
2.275101997324683374e-06
2.250740584044762035e-06
2.146123894087721425e-06
2.118439318779179279e-06
2.086212150247664660e-06
2.076290176873298032e-06
2.012318686680888712e-06
1.958730732481079641e-06
1.891355639148368964e-06
1.869997291430577244e-06
1.809417462175352566e-06
1.770636949748095398e-06
1.740774698777192366e-06
1.693476741850679402e-06
1.666811526800237935e-06
1.617129450107091480e-06
1.553181775769133096e-06
1.518618428638466639e-06
1.493084080601135474e-06
1.460586924655928382e-06
1.439446810887055159e-06
1.401917451309200868e-06
1.374902303348601015e-06
1.344340028586037243e-06
1.296776632200209532e-06
1.285926261672654821e-06
1.281339062612250816e-06
1.248275458878140966e-06
1.217640556554392747e-06
1.201522035848082049e-06
1.170280041622955209e-06
1.158878088391346544e-06
1.130653240591144536e-06
1.126649393116106686e-06
1.111617725990584812e-06
1.075646258390392620e-06
1.040468419868060045e-06
1.020826266121221450e-06
1.005806329269276382e-06
9.878338709107593997e-07
9.666971252107865253e-07
9.517964575541301172e-07
9.337674537473580821e-07
9.018462039884275049e-07
8.953933757353603749e-07
8.766931176823039136e-07
8.561440892897274063e-07
8.326105691169519451e-07
8.026044572962795468e-07
7.998136951721359114e-07
7.843336005511946920e-07
7.775319666373995848e-07
7.594112811017123881e-07
7.519176366079629536e-07
7.477498786747411945e-07
7.328077445498115520e-07
7.062264578897374406e-07
6.897335822846585441e-07
6.819274494116937233e-07
6.632339379606287787e-07
6.447579745901529151e-07
6.375414446945619614e-07
6.237256888391519038e-07
6.057925811659840129e-07
5.946530557674911128e-07
5.818469656235369390e-07
5.721297531629888649e-07
5.610536501360134968e-07
5.597801990290837045e-07
5.409930949094821744e-07
5.330380032851457232e-07
5.231489356710299538e-07
5.160251749577836294e-07
5.044838137469095661e-07
5.021750173606060038e-07
4.858275167095091468e-07
4.818403146623755358e-07
4.780296834450510302e-07
4.604238228482049598e-07
4.543960301897741229e-07
4.407205362477671201e-07
4.315264919194408474e-07
4.257809342417444654e-07
4.161822992366294932e-07
4.118434384048151422e-07
4.077905556068330669e-07
3.935426982898950760e-07
3.849045268585651609e-07
3.780806512709258047e-07
3.728428917360147746e-07
3.718848336008842472e-07
3.680938432388555355e-07
3.537977847297112211e-07
3.487751551616121702e-07
3.343183585260743937e-07
3.248611453571013974e-07
3.148560426673300807e-07
3.141292858754546298e-07
3.044348588979433071e-07
2.966994436171200359e-07
2.949150159335760163e-07
2.887297300228693522e-07
2.773698405791686808e-07
2.751859588542672106e-07
2.722178411235199974e-07
2.669578750571405486e-07
2.565332174821356580e-07
2.463847317154330606e-07
2.417098215724580036e-07
2.392638872050049536e-07
2.364262130524205206e-07
2.285877329448206932e-07
2.240262691183615982e-07
2.219654193673446373e-07
2.189284367277378395e-07
2.142429579874938510e-07
2.095469255774431748e-07
2.086426121580884488e-07
2.004471813627065916e-07
1.938795162267166311e-07
1.897794093803302039e-07
1.873549552782579941e-07
1.798930828644087838e-07
1.745764204706685239e-07
1.730230476054507982e-07
1.705753464274250425e-07
1.661372970951095372e-07
1.627482941999542804e-07
1.551947409575019693e-07
1.524603490052689408e-07
1.475326928854083269e-07
1.458901489096941672e-07
1.410345747900111741e-07
1.398572670840585657e-07
1.374712100146133248e-07
1.309305844583024187e-07
1.271128089676402743e-07
1.234873146484395613e-07
1.188556944132821889e-07
1.176637832702194261e-07
1.140483652827668257e-07
1.049661094244766782e-07
1.042388725592447652e-07
1.011136243462955377e-07
9.699687746749780786e-08
9.428523167198369338e-08
9.283912768824691928e-08
9.237621180033196162e-08
8.901427098462352890e-08
8.544180826947018814e-08
8.328614050662980852e-08
8.044922744746833944e-08
7.552614246271986800e-08
7.397190208569945587e-08
7.320958094407657587e-08
6.978173836330997886e-08
6.792097802634327006e-08
6.247120315458691346e-08
6.177039990141997463e-08
6.134968049758767250e-08
5.603478544679214438e-08
5.397056203296441798e-08
5.169958233433887839e-08
5.104755084396043820e-08
4.881568387648579826e-08
4.621316468604956871e-08
4.555251677278787129e-08
4.331551265267741809e-08
4.092879379857410527e-08
3.938581936422163083e-08
3.807278132605416862e-08
3.549400979274854420e-08
3.510924760867177750e-08
3.446342300679428434e-08
3.165617002669401533e-08
3.059159319949611757e-08
2.884692355903007079e-08
2.789465961531794895e-08
2.507552308076403813e-08
2.422460466189887473e-08
2.348243043274034100e-08
2.232543648213071988e-08
2.085993781067577451e-08
1.914584093159348728e-08
1.812485913028559843e-08
1.574297526480784683e-08
1.492291065235300739e-08
1.454974368298703450e-08
1.235999222149469055e-08
1.209594666510314665e-08
1.164484059791884984e-08
1.035207053927117544e-08
1.001834907775382732e-08
9.480216071510168168e-09
8.533744597660028635e-09
7.939085189832995553e-09
7.018443703585192218e-09
6.475940383040567774e-09
5.665649587863035349e-09
5.215094070087007577e-09
3.719163317976860265e-09
3.696044896972915486e-09
3.256917076506467801e-09
2.467838276981207063e-09
2.260159638076716390e-09
1.470843234406074081e-09
1.161394419033986532e-09
7.907007921609009615e-10
6.818542774619944180e-10
4.241871279730781216e-10
3.011857272526316522e-10
