3.563156723976135254e-01
5.621528625488281250e-02
1.749303191900253296e-02
1.121641974896192551e-02
4.067632835358381271e-03
3.122949041426181793e-03
2.581864595413208008e-03
1.775940880179405212e-03
1.771403360180556774e-03
1.168094458989799023e-03
5.962172872386872768e-04
5.070884944871068001e-04
2.939219411928206682e-04
2.721398195717483759e-04
2.231171383755281568e-04
1.868851104518398643e-04
1.560654782224446535e-04
1.269630010938271880e-04
1.066493932739831507e-04
8.716945012565702200e-05
6.803744327044114470e-05
6.220553041202947497e-05
5.506313391379080713e-05
4.683612496592104435e-05
4.131699461140669882e-05
3.989200558862648904e-05
3.312729677418246865e-05
3.182612272212281823e-05
2.739978117460850626e-05
2.688676067919004709e-05
2.522032082197256386e-05
2.119113196386024356e-05
2.055052391369827092e-05
1.784225423762109131e-05
1.735262958391103894e-05
1.479466482123825699e-05
1.347543002339079976e-05
1.315312692895531654e-05
1.250699824595358223e-05
1.241332665813388303e-05
1.085517760657239705e-05
1.050624359777430072e-05
9.960946044884622097e-06
9.337400115327909589e-06
8.671371688251383603e-06
8.050506039580795914e-06
7.800627827236894518e-06
7.098321930243400857e-06
6.940753792150644585e-06
6.776575901312753558e-06
6.272874088608659804e-06
6.043325356586137787e-06
5.579596745519666001e-06
5.266262178338365629e-06
4.822725713893305510e-06
4.669882400776259601e-06
4.643224656319944188e-06
4.382412498671328649e-06
3.967209067923249677e-06
3.919344180758344010e-06
3.724207545019453391e-06
3.632196239777840674e-06
3.505263293845928274e-06
3.358353751536924392e-06
3.284929107394418679e-06
3.148204314129543491e-06
3.010637328770826571e-06
2.840130719050648622e-06
2.614741106299334206e-06
2.551654461058205925e-06
2.438298452034359798e-06
2.324563183719874360e-06
2.271016455779317766e-06
2.208641490142326802e-06
2.162386635973234661e-06
2.114241624440182932e-06
2.024482910201186314e-06
1.985002654691925272e-06
1.876802798506105319e-06
1.824199330258124974e-06
1.770089284036657773e-06
1.679651859376463108e-06
1.629159328331297729e-06
1.607515741852694191e-06
1.552989374431490432e-06
1.510877496002649423e-06
1.465749278395378496e-06
1.407578452017332893e-06
1.374458634018083103e-06
1.355872313979489263e-06
1.267682250727375504e-06
1.251520757250546012e-06
1.201772079184593167e-06
1.187378188660659362e-06
1.139400751526409294e-06
1.085152689483948052e-06
1.071920451067853719e-06
1.065903575181437191e-06
1.019020601233933121e-06
9.837442576099419966e-07
9.445359410165110603e-07
9.170767611976771150e-07
9.001921625895192847e-07
8.630163961242942605e-07
8.529779051968944259e-07
8.094828558569133747e-07
7.976258871167374309e-07
7.897180012150784023e-07
7.588350285914202686e-07
7.514859134971629828e-07
7.350383270932070445e-07
7.193374926828255411e-07
6.938355454622069374e-07
6.753957677574362606e-07
6.573499149453709833e-07
6.461640964516845997e-07
6.289855605245975312e-07
6.221418402674316894e-07
6.158285827950749081e-07
6.018642579874722287e-07
5.849101398780476302e-07
5.716127589039388113e-07
5.625433914246968925e-07
5.484743041961337440e-07
5.327968892743228935e-07
5.185576696931093466e-07
5.058276997260691132e-07
4.886389319835870992e-07
4.854152848565718159e-07
4.841405711886181962e-07
4.702990850091737229e-07
4.671724127547349781e-07
4.588656850046390900e-07
4.461201115191215649e-07
4.401061630687763682e-07
4.254135888004384469e-07
4.162610025559843052e-07
4.148419918692525243e-07
4.088994955964153633e-07
3.957498222462163540e-07
3.917315041235269746e-07
3.848865333111461950e-07
3.758106572604447138e-07
3.652694999800587539e-07
3.622237443323683692e-07
3.525578620156011311e-07
3.480870418570702896e-07
3.409167845802585362e-07
3.355157218720705714e-07
3.292867916115937987e-07
3.171533649037883151e-07
3.111778426045930246e-07
3.075392100981844123e-07
3.012276010849745944e-07
2.907412408603704534e-07
2.889772758862818591e-07
2.871567801321361912e-07
2.827446508035791339e-07
2.754738659405120416e-07
2.732765835844475077e-07
2.681385069536190713e-07
2.627733977078605676e-07
2.568397121649468318e-07
2.501917322206281824e-07
2.434570092191279400e-07
2.367963816141127609e-07
2.359664250661808182e-07
2.314961449201291543e-07
2.284240991912156460e-07
2.239837897377583431e-07
2.184083740530695650e-07
2.162625918344929232e-07
2.091472737220101408e-07
2.053527197176663321e-07
2.031163148785708472e-07
1.982376147680042777e-07
1.892815788551160949e-07
1.875272346296696924e-07
1.812918526411522180e-07
1.805251201858482091e-07
1.778838907284807647e-07
1.762386290238282527e-07
1.707666825723208603e-07
1.686569390813019709e-07
1.638997702002598089e-07
1.594375476088316645e-07
1.584637203677630168e-07
1.565231428912738920e-07
1.515491874215513235e-07
1.494946673119557090e-07
1.471626660531910602e-07
1.434638079444994219e-07
1.412954446777803241e-07
1.368013755609354121e-07
1.358936287942924537e-07
1.344853757245800807e-07
1.262547613123388146e-07
1.239831988186779199e-07
1.212345210888088332e-07
1.182322648674016818e-07
1.154027771121945989e-07
1.138163838731998112e-07
1.129381388409456122e-07
1.118790677878678252e-07
1.066142445438345021e-07
1.056449363545652886e-07
1.014449182434873364e-07
9.983641291455569444e-08
9.649527044075512094e-08
9.502955578000182868e-08
9.289722413541312562e-08
9.106935294767026789e-08
8.963108655279938830e-08
8.629714898233942222e-08
8.327740630420521484e-08
8.280272822958067991e-08
8.221875447134152637e-08
7.681773439571770723e-08
7.494897857895921334e-08
7.278989500036914251e-08
7.080260644443114870e-08
7.031545834479402401e-08
6.998261881108192028e-08
6.910595828912846628e-08
6.599729829304123996e-08
6.465535307142999955e-08
6.083013914803814259e-08
5.953671688985195942e-08
5.807218883546738653e-08
5.710531425506815140e-08
5.546066361716839310e-08
5.528399427134900179e-08
5.289796689567083376e-08
5.173727046781095851e-08
5.105259504034620477e-08
4.712717327493010089e-08
4.672443409958759730e-08
4.347507243096515595e-08
4.312451551413687412e-08
4.248910201454236812e-08
4.063900149731125566e-08
4.023850408430007519e-08
3.910052726041612914e-08
3.690488625807120115e-08
3.604868226148028043e-08
3.495992828561611532e-08
3.337220277899177745e-08
3.197161646539825597e-08
3.086405442331852100e-08
2.975079027578431123e-08
2.878257099325765012e-08
2.775918339636973542e-08
2.612360816556247300e-08
2.522262931847762957e-08
2.431040080352886434e-08
2.366421547606023523e-08
2.293949386000804225e-08
2.140691890417656396e-08
2.096934004214290326e-08
1.987515396706385218e-08
1.838276908472380455e-08
1.821381623301476793e-08
1.770246171872713603e-08
1.698457197107927641e-08
1.620693090842451056e-08
1.496737667139313999e-08
1.478692901457634434e-08
1.410553363001554317e-08
1.283803907625724605e-08
1.230827351150765026e-08
1.192276855022100790e-08
1.156040863037333111e-08
1.110406167015298706e-08
9.908569964522939699e-09
9.148048540907893766e-09
8.433910458904847474e-09
8.397491590983463539e-09
7.491753883925866830e-09
7.085714237575757579e-09
6.352863568537259198e-09
5.932941693487236989e-09
5.799956070973166788e-09
5.146651993470641173e-09
4.827252375605439738e-09
4.534606912187655325e-09
4.175825019103740487e-09
3.658181313426212000e-09
3.510372215131951634e-09
3.155784300545860788e-09
2.553038891406345101e-09
2.319213932011621182e-09
1.705351082570416565e-09
1.428592799612715680e-09
1.320085707412488318e-09
9.632179498453297128e-10
6.841542332658434589e-10
5.416709858430124314e-10
