1.001071946098486265e+00
4.198593873224222284e-01
2.230063472108338163e-01
2.112113423028776082e-01
1.958594851419402372e-01
1.473698673768308043e-01
1.310582657497851855e-01
1.032295311864499660e-01
7.977905573443015708e-02
7.377707978226882846e-02
5.284924433598784527e-02
5.215473514685733253e-02
5.018878008060268653e-02
4.710180749219702173e-02
3.765174870016688158e-02
3.499785015574576053e-02
3.401298759184600423e-02
3.125766370957260010e-02
2.867589530058837696e-02
2.745042897226315781e-02
2.421015760401336661e-02
2.325170518978406792e-02
2.217400046456278681e-02
2.149221763110772954e-02
2.048475684116440876e-02
2.008878236071954745e-02
1.864173126695728086e-02
1.850781739138964571e-02
1.722796696207355704e-02
1.672415336838726369e-02
1.620135924470300984e-02
1.593823063284784125e-02
1.497377726954691665e-02
1.473163421527221711e-02
1.357857846084334699e-02
1.334499882178617064e-02
1.256111337824165723e-02
1.211013656060215028e-02
1.169126936068667216e-02
1.087029232330619100e-02
1.076310519099882117e-02
1.063833599688832239e-02
1.007856206045396226e-02
9.866519560191695792e-03
9.702620194368009876e-03
9.422935838658372254e-03
8.659852706195340921e-03
8.616347447849921973e-03
8.443093942710542046e-03
8.065732002092502323e-03
7.636008542169597964e-03
7.507122231321158162e-03
7.413337530201121600e-03
7.230215114889327992e-03
7.111869604943927246e-03
6.829502090220247387e-03
6.725901122367954586e-03
6.507028940546873662e-03
6.286808156391685692e-03
6.201225381302065756e-03
6.154866033849909143e-03
5.830534854819485226e-03
5.613954263345237103e-03
5.448434574233833490e-03
5.361158410937678399e-03
5.313764996030923005e-03
5.167136021368820900e-03
4.915835767520738281e-03
4.800523792600031731e-03
4.499936082701543050e-03
4.404901908450724497e-03
4.329025093006340710e-03
4.163131117177948370e-03
4.100187217589951194e-03
4.023348958921711509e-03
3.975880231568932645e-03
3.790582781003092733e-03
3.681557087866041064e-03
3.637147455207557275e-03
3.513068323661473324e-03
3.466229728568432505e-03
3.366068140969226581e-03
3.231317762305787548e-03
3.199582332311200553e-03
3.114783290717904052e-03
2.973502485382702176e-03
2.914364385504685483e-03
2.841474211425151341e-03
2.757637015207834840e-03
2.703278384350086844e-03
2.626984695901648983e-03
2.610886397362725386e-03
2.509033965951273752e-03
2.478822238412193516e-03
2.418769517690685759e-03
2.359535183898949298e-03
2.330985413714538584e-03
2.271015495229012672e-03
2.223069561223048763e-03
2.165925149400525340e-03
2.099099254744847716e-03
2.017094645114871337e-03
1.963767172184123673e-03
1.894430399199055438e-03
1.875362511201300033e-03
1.813510118113276486e-03
1.751114569572584422e-03
1.706854990589516717e-03
1.650035354873571501e-03
1.634756911156417473e-03
1.538128237060412901e-03
1.506664123828152816e-03
1.478768553386539814e-03
1.444361171982672803e-03
1.379624295632228201e-03
1.351977490715298557e-03
1.319770344627294208e-03
1.297326554555086001e-03
1.267548482591574410e-03
1.193638846806745072e-03
1.160518771833315499e-03
1.142169177065032078e-03
1.090043202123843012e-03
1.057373664223698953e-03
1.026436336080476094e-03
1.001263549336612506e-03
9.858267147926421531e-04
9.735518483749260998e-04
9.481801467231775176e-04
8.913980604109371635e-04
8.504879034599727725e-04
8.375333795585909432e-04
8.012224587392484994e-04
7.755604028798851685e-04
7.568593589285364407e-04
7.380845647803074448e-04
7.226107584891459977e-04
7.024807418917115940e-04
6.820854898673655567e-04
6.571691288496652947e-04
6.330526671540203385e-04
5.920540139988084670e-04
5.831878279661161174e-04
5.743204651169117993e-04
5.431336192164895041e-04
5.163521512720879334e-04
5.051349400089301432e-04
4.855577990240058815e-04
4.770574722722555061e-04
4.606258412524098442e-04
4.481727550284875304e-04
4.292887012367478682e-04
4.280445303909974353e-04
4.128139858497646632e-04
3.882956073969207728e-04
3.743919544262581467e-04
3.513550967776377424e-04
3.323443079541490942e-04
3.167585700804816193e-04
3.027569501691139615e-04
2.752692499642446391e-04
2.622904748274480151e-04
2.610564296540542669e-04
2.483705779544984234e-04
2.418059372422639078e-04
2.351538846358417021e-04
2.207211507324064858e-04
2.087547919370051641e-04
1.960486399454911476e-04
1.858512366870300079e-04
1.728333422621700251e-04
1.530882653620331915e-04
1.461892596619938575e-04
1.345342517070976390e-04
1.076526101944133676e-04
2.851258124900124721e-08
2.383305021985617135e-08
2.291027317635985546e-08
2.185961566382032781e-08
2.018702672639176749e-08
1.901298762417231086e-08
1.840072173127068236e-08
1.669121261306390361e-08
1.620624832052996212e-08
1.543796204649573303e-08
1.491427588243028411e-08
1.471660873668988694e-08
1.436924823805166396e-08
1.384011610894594092e-08
1.333346283990279038e-08
1.306873943030704638e-08
1.296435825466173718e-08
1.237158372828222283e-08
1.186692911998383678e-08
1.131066835405102490e-08
1.098922275720339553e-08
1.063991060516245168e-08
1.054623766582577938e-08
1.028880422689926746e-08
9.950555241114550507e-09
9.520755867862841697e-09
9.269260183124316467e-09
8.824843276258580643e-09
8.580531957852428598e-09
8.441098919069131352e-09
8.327506901746155283e-09
8.316006775101840735e-09
7.935663050120053701e-09
7.877109065492408808e-09
7.685274801248586694e-09
7.572452236288565801e-09
7.287923202181147044e-09
7.269572795973614219e-09
7.265447587294747773e-09
7.000080276995647023e-09
6.817775819255981226e-09
6.510123142636328611e-09
6.409779468136461014e-09
6.354779404040081288e-09
6.080198617312013535e-09
6.043653699853745215e-09
5.845344560805255411e-09
5.704976150516212291e-09
5.664959235551948933e-09
5.609223417539587382e-09
5.409944652032979025e-09
5.346208716950398053e-09
5.102318738122511754e-09
5.060441988018659991e-09
4.946080967422353759e-09
4.873941457580225098e-09
4.583356372874694519e-09
4.547590811717303568e-09
4.427742536897203333e-09
4.346458588539290470e-09
4.271766031211120134e-09
4.064739093550075603e-09
3.971784610620170155e-09
3.949671088716280381e-09
3.831615329245511326e-09
3.726655446141823892e-09
3.699119756375001845e-09
3.665642201889498117e-09
3.547885122591093652e-09
3.408643430843535323e-09
3.379432476525489531e-09
3.334962352916399944e-09
3.079010141430289064e-09
3.018800087058093425e-09
2.971726867150189856e-09
2.878242302584860924e-09
2.755385691073735821e-09
2.652972595564659409e-09
2.643038474178827546e-09
2.431062376032520353e-09
2.427794041363036231e-09
2.270453695770413866e-09
2.216936132776849375e-09
2.190167601917691440e-09
2.169566680929838774e-09
1.995236380111393758e-09
1.930974403464343411e-09
1.859467414634487244e-09
1.829111113913015821e-09
1.696152990212686398e-09
1.664308346357680061e-09
1.624392050798656575e-09
1.543330970959666061e-09
1.496823751640003606e-09
1.453567483958524437e-09
1.391141971774826126e-09
1.371207364510106843e-09
1.277323880248771267e-09
1.239495183654578601e-09
1.180501137441607416e-09
1.077960340752284508e-09
1.071337082337305696e-09
9.059437376530416778e-10
9.044665924045768062e-10
8.157214908028323145e-10
7.989323586095887152e-10
7.109335275273602314e-10
5.919279014024175146e-10
5.741335968008967358e-10
5.550724741038210371e-10
5.297606256380445572e-10
4.319626906955501878e-10
4.113325736567023284e-10
2.939912927060878141e-10
2.540572626306016398e-10
2.250635126366543775e-10
2.185151131043760294e-10
1.573875189403813787e-10
1.441403828533872002e-10
9.799068806208530630e-11
8.076113300937745149e-11
1.925378170904313604e-11
