1.560437083244323730e+00
7.838873863220214844e-01
4.628162384033203125e-01
4.270192682743072510e-01
3.642674088478088379e-01
2.902720868587493896e-01
2.230751216411590576e-01
1.780776679515838623e-01
1.104016080498695374e-01
1.033926308155059814e-01
8.558712899684906006e-02
7.849768549203872681e-02
6.891021877527236938e-02
5.965966731309890747e-02
4.703696072101593018e-02
4.585694894194602966e-02
3.975172713398933411e-02
3.414324298501014709e-02
3.085477463901042938e-02
2.874692901968955994e-02
2.481698431074619293e-02
2.284092083573341370e-02
2.231932431459426880e-02
2.057792432606220245e-02
1.994560658931732178e-02
1.823030225932598114e-02
1.768151298165321350e-02
1.575615629553794861e-02
1.524161454290151596e-02
1.407094392925500870e-02
1.361144613474607468e-02
1.292946841567754745e-02
1.250149682164192200e-02
1.188594661653041840e-02
1.179877948015928268e-02
1.142852380871772766e-02
1.088624726980924606e-02
1.017460320144891739e-02
9.595084004104137421e-03
9.211662225425243378e-03
9.034691378474235535e-03
8.834687061607837677e-03
8.010451681911945343e-03
7.886169478297233582e-03
7.594672031700611115e-03
7.531268987804651260e-03
7.069820072501897812e-03
6.906900554895401001e-03
6.736180745065212250e-03
6.388322450220584869e-03
6.169602274894714355e-03
6.067103240638971329e-03
5.735182203352451324e-03
5.609261803328990936e-03
5.425083450973033905e-03
5.292513407766819000e-03
4.914214834570884705e-03
4.782473668456077576e-03
4.677900113165378571e-03
4.523255862295627594e-03
4.353671334683895111e-03
4.207092337310314178e-03
4.030101932585239410e-03
3.964024595916271210e-03
3.737247781828045845e-03
3.612463828176259995e-03
3.572737099602818489e-03
3.478764323517680168e-03
3.357697976753115654e-03
3.250527661293745041e-03
3.114191349595785141e-03
2.959374105557799339e-03
2.917377278208732605e-03
2.838555024936795235e-03
2.722468692809343338e-03
2.603686647489666939e-03
2.529070712625980377e-03
2.487260382622480392e-03
2.329084556549787521e-03
2.246473683044314384e-03
2.221850212663412094e-03
2.184871584177017212e-03
2.084275009110569954e-03
2.027545589953660965e-03
1.997457817196846008e-03
1.945693511515855789e-03
1.909256679937243462e-03
1.871596206910908222e-03
1.830466324463486671e-03
1.719628809951245785e-03
1.698534702882170677e-03
1.678390195593237877e-03
1.596730900928378105e-03
1.505129970610141754e-03
1.473012147471308708e-03
1.450507785193622112e-03
1.405469025485217571e-03
1.373071107082068920e-03
1.316123292781412601e-03
1.268298248760402203e-03
1.229231245815753937e-03
1.189119066111743450e-03
1.178129692561924458e-03
1.150261959992349148e-03
1.101448317058384418e-03
1.050386228598654270e-03
1.022623036988079548e-03
9.974515996873378754e-04
9.691509767435491085e-04
9.285690612159669399e-04
9.057390270754694939e-04
8.762735524214804173e-04
8.658858132548630238e-04
8.215410634875297546e-04
7.861382910050451756e-04
7.564013940282166004e-04
7.473922451026737690e-04
7.133185281418263912e-04
7.022159406915307045e-04
6.597683532163500786e-04
6.539819878526031971e-04
6.393014919012784958e-04
6.277897045947611332e-04
5.995053797960281372e-04
5.926486337557435036e-04
5.635997513309121132e-04
5.161588778719305992e-04
4.981027450412511826e-04
4.891404532827436924e-04
4.701713332906365395e-04
4.682099097408354282e-04
4.442523641046136618e-04
4.372585390228778124e-04
4.123912367504090071e-04
3.992840356659144163e-04
3.916266432497650385e-04
3.866826009470969439e-04
3.720682288985699415e-04
3.603857767302542925e-04
3.416986146476119757e-04
3.312313638161867857e-04
3.262542304582893848e-04
3.122315974906086922e-04
3.037773713003844023e-04
2.883799315895885229e-04
2.796997432596981525e-04
2.729128464125096798e-04
2.678234595805406570e-04
2.617347927298396826e-04
2.370233560213819146e-04
2.330772695131599903e-04
2.204658230766654015e-04
2.118606353178620338e-04
2.012431359617039561e-04
1.938110071932896972e-04
1.790190581232309341e-04
1.694404927548021078e-04
1.677210966590791941e-04
1.631766353966668248e-04
1.593672495801001787e-04
1.476977777201682329e-04
1.338001602562144399e-04
1.283302699448540807e-04
1.257765543414279819e-04
1.233454240718856454e-04
1.189162721857428551e-04
1.140751337516121566e-04
1.075600666808895767e-04
1.044137316057458520e-04
9.793638309929519892e-05
8.495571091771125793e-05
8.050724864006042480e-05
7.079596980474889278e-05
6.678634235868230462e-05
5.440480526885949075e-05
1.499218527101220388e-08
1.353139822413140791e-08
-1.292568452271325441e-08
-1.240735159058203863e-08
1.165314955642315908e-08
-1.027617635429578513e-08
9.968898595502651006e-09
8.918913607658396359e-09
-8.450413702121295501e-09
7.762686493606452132e-09
-7.596173468016331753e-09
-7.460466910913510219e-09
7.419965974975184508e-09
7.116546019148017876e-09
6.726135648449371729e-09
6.561147181116666616e-09
-6.459945467440775246e-09
-6.352300463419169319e-09
-5.936262148509285907e-09
-5.794247748269754084e-09
5.670905967036787843e-09
5.477305720091862895e-09
-5.434580341301398221e-09
5.276966863476673097e-09
-5.075805553644840984e-09
5.031842498226524185e-09
-4.938564224232777633e-09
4.700948963431983429e-09
-4.577217715961978683e-09
4.456432556310119253e-09
4.303089440327312332e-09
-4.256001773228490492e-09
4.216468951767637918e-09
-4.215773952154222570e-09
-4.108047235718004231e-09
3.996596387167983266e-09
-3.977191909143584780e-09
3.861110986491667063e-09
3.788250602099196840e-09
-3.770381784562459870e-09
-3.658771063896892883e-09
3.638655154958314597e-09
-3.478689558633618617e-09
3.452143237936411424e-09
-3.353432864727778906e-09
3.228654010811737862e-09
-3.179116747631383078e-09
3.053907793315602248e-09
2.983980840198796614e-09
-2.971107582183662998e-09
2.881566318890804723e-09
-2.859493752893627061e-09
2.757817307852405975e-09
2.743447691244682574e-09
2.659783282510375102e-09
-2.612329685902636811e-09
-2.569502610683116473e-09
2.513376617940821234e-09
-2.461509218676383171e-09
2.444779045873701762e-09
-2.354784811586796422e-09
2.353988337588930335e-09
-2.318941705325983094e-09
-2.242402707963719877e-09
2.159229683940111499e-09
2.099890261675341208e-09
2.039417079657823706e-09
-2.030549284270932731e-09
-1.997075838033879336e-09
1.973680552325163262e-09
-1.831278129138524946e-09
1.766612300890813003e-09
1.753463041431757574e-09
1.745893429827560794e-09
-1.735253274404158219e-09
1.693683304715420945e-09
1.659040793633437261e-09
-1.626139112254065822e-09
-1.613719824433701433e-09
-1.480925826413681534e-09
1.432044260951670367e-09
-1.400406235418927281e-09
-1.347641220839079779e-09
1.342854161201501029e-09
1.291816653647970270e-09
1.180071262929516251e-09
-1.173970809453805941e-09
1.130684990080510488e-09
-1.111697622846463673e-09
1.039964003801685521e-09
-9.629046449077804937e-10
9.276774903810292017e-10
8.869928125321280277e-10
-8.792344630137449712e-10
-8.668249451559972840e-10
8.643375459804758520e-10
-7.700890480855093756e-10
7.629912257556270561e-10
7.270151147764636335e-10
6.851892941917014923e-10
-6.683178455091365322e-10
6.558175669191257384e-10
-6.453360623659420980e-10
-5.602854846742388872e-10
5.385195067653114620e-10
4.956712817971720142e-10
-4.847911516669967114e-10
-4.572475176267687402e-10
4.361466465763186307e-10
3.740086018666488599e-10
-3.478055621286557653e-10
2.683628042010610670e-10
-2.500150919626520363e-10
2.449894453970813402e-10
-2.316579289507458839e-10
-1.621983658495196323e-10
-1.377784275558013860e-10
1.352452316805141663e-10
9.820188412446029247e-11
-6.333179120021625863e-11
4.782834892025356055e-11
1.161375249442153645e-11
