3.843691650741439675e-03 1.677983666417887446e-02
6.769984876144221134e-03 6.769984876144221134e-03
7.155754234241142389e-03 1.121835294617376695e-02
5.795680171660791587e-03 1.728644456544996960e-02
4.536927932678710799e-03 1.690340286165551917e-02
6.830274584949599936e-03 1.242831475300468572e-02
8.032560607890064028e-03 1.605424810563960830e-02
6.438180913228808491e-03 1.803752187086195627e-02
6.906431876117641311e-03 1.919664826744380340e-02
3.979149026373926014e-03 1.746101505427664555e-02
4.770832084160797279e-03 1.918872916950635499e-02
2.803616382332230206e-03 1.942266309025446683e-02
4.990960644035722336e-03 1.598936449965907697e-02
0.000000000000000000e+00 1.949961671010448302e-02
5.393912268928284862e-03 2.042198290906347552e-02
0.000000000000000000e+00 1.949961671010448302e-02
3.559059086229679914e-03 1.272344580755828056e-02
4.286993937889379234e-03 1.075105393381126095e-02
4.423328955273079198e-03 2.024377740242390075e-02
6.074372866100015249e-03 1.624371784433839561e-02
3.404772663739289579e-03 2.225058410454648639e-02
5.793240398800981669e-03 5.793240398800981669e-03
0.000000000000000000e+00 1.536489520675160189e-02
2.998539340174476847e-03 2.059456078778594892e-02
3.633746540836042382e-03 2.032179128609602065e-02
3.470571456383410216e-03 1.851948066068644094e-02
5.594612373320881696e-03 1.418232955709556112e-02
4.303450788949704509e-03 1.068619861728395751e-02
2.255965447167900331e-03 1.634405759077161083e-02
5.282685637233976161e-03 1.573569225326292009e-02
3.819627767632731603e-03 1.823027785725261224e-02
0.000000000000000000e+00 1.746492836817278155e-02
1.894951293055610999e-03 1.943746216126981258e-02
0.000000000000000000e+00 1.949961671010448302e-02
4.767867913583150388e-03 1.302062725566568296e-02
5.320019569154839194e-03 1.051142845325520221e-02
2.052529110259806912e-03 2.192885667019771681e-02
5.138893640276649688e-03 1.286878512930513495e-02
1.968142205704713661e-03 2.060773865012236264e-02
5.304051490407743659e-03 1.483717038178630418e-02
4.257211295972930520e-03 1.086511223759327807e-02
7.949411061642156634e-03 1.399598551971491592e-02
6.173637669425650377e-03 2.228199217346328934e-02
5.824877737667097551e-03 1.961318894392050094e-02
5.508026893154810595e-03 1.414426263919118729e-02
4.477332098756632746e-03 2.158573418002352959e-02
5.887642426278092908e-03 1.892839284708101519e-02
2.783373399986503998e-03 2.075532025353255330e-02
4.461516676327112810e-03 9.984411957838489407e-03
3.718353031712921981e-03 1.240283628022771298e-02
7.265547560801546498e-03 7.265547560801546498e-03
4.826805477644806504e-03 7.157455453941996906e-03
2.912438868833548775e-03 1.363186968324311618e-02
6.887984629375493335e-03 1.712898164106838386e-02
3.737314669366257995e-03 2.038148466707772125e-02
6.924829980901669318e-03 1.622499279000972489e-02
1.723022071141967152e-03 1.939605054508524926e-02
4.303450788949704509e-03 2.345169427395246350e-02
2.892957453742313074e-03 2.114176702856374046e-02
1.324012349150529731e-03 2.289887174540097825e-02
4.635568330911991018e-03 1.715316668745750159e-02
6.385263460366247257e-03 1.605978259328266072e-02
1.939197361370673112e-03 2.071281300158373320e-02
5.247780597678234661e-03 1.854238939217129137e-02
2.377996378563606303e-04 1.972669932779979457e-02
4.499380297300132302e-03 1.379954310640818874e-02
3.759942411946500733e-04 1.984880734177706108e-02
4.087802750187941904e-03 1.469949785724860430e-02
4.511930894335800662e-03 9.723422673094591143e-03
5.052892586996506757e-03 1.977194185677274077e-02
6.466663731162595845e-03 1.794833373144647318e-02
3.759942411946500733e-04 1.570685863051355172e-02
5.019206260868002561e-03 1.895071776269099603e-02
1.909813883816365802e-03 1.418301958686370157e-02
3.610327951827098456e-03 1.805717666690103904e-02
0.000000000000000000e+00 1.828312262845219541e-02
2.912438868833548992e-04 1.966725698564634681e-02
6.291587036291510339e-04 1.883211692565612064e-02
6.932991244760362262e-04 1.388536713304107557e-02
4.879240630354630438e-03 1.596279469007663362e-02
2.249690148650066151e-03 1.860899877694395521e-02
6.025300382958815627e-03 1.154819566447019483e-02
4.197012033420677649e-03 1.848390077508997587e-02
2.237086743326807334e-03 1.935769603419628532e-02
3.225671227619051045e-03 2.064268475003934109e-02
0.000000000000000000e+00 1.949961671010448302e-02
0.000000000000000000e+00 1.332600106675778731e-02
5.525964222911038115e-03 2.219521964555471946e-02
3.649275442956742901e-03 1.887072994616425387e-02
5.317361552716549011e-04 1.986997395235012148e-02
6.725989459677515596e-04 1.997839908342458060e-02
5.116838200980889338e-03 1.567919926536621641e-02
5.002278029642365578e-03 1.949244572864294520e-02
3.375582402278187559e-03 2.058139965996076681e-02
4.552481382249889443e-03 9.496536590685914977e-03
4.349198704044705648e-03 1.416308096893727567e-02
