9.645349492929249091e-02
3.206893200359226676e-02
2.060719004555441186e-02
7.893471836321252696e-03
4.560137377064856466e-03
4.019903131393318119e-03
3.033874399817975808e-03
2.597365770364092313e-03
1.401417520061052670e-03
1.254200458989460391e-03
1.094460624175024824e-03
9.962737395195350124e-04
6.774448404468502716e-04
5.818011763163887439e-04
5.281957491113676304e-04
4.207275338817036288e-04
3.694809451999471668e-04
3.462205036151099575e-04
3.058677398923195356e-04
2.677413439648361568e-04
2.571011476553918505e-04
2.417748145586445406e-04
2.353675705040093749e-04
2.067104864767105364e-04
1.994527561177608513e-04
1.853182337422419417e-04
1.695473369394629110e-04
1.614649372615408103e-04
1.478666140653431943e-04
1.434635438931285926e-04
1.295686716467513351e-04
1.274554106201941563e-04
1.240624260498497840e-04
1.146824960029390358e-04
1.092788912083135473e-04
1.034784664744143944e-04
9.895880716394869986e-05
9.309297469362586843e-05
9.240378123326658448e-05
9.179822852701976761e-05
8.716518524301384999e-05
8.416914317006178418e-05
8.020104961227305718e-05
7.687332156184519265e-05
7.553235362829841849e-05
7.186834574038220296e-05
6.692080815212521989e-05
6.492263269019770398e-05
6.400480784814319059e-05
6.200262150584697060e-05
5.909619273054083456e-05
5.840851428917030568e-05
5.464681400875133260e-05
5.187190531055486638e-05
4.996660176713463297e-05
4.704817614056261947e-05
4.632207885274527786e-05
4.536007775491301513e-05
4.333378191795325045e-05
4.275003164241824118e-05
4.034990020842419794e-05
3.960409648617626264e-05
3.914539722096987403e-05
3.762909860806757490e-05
3.637277207351056937e-05
3.601095877284376720e-05
3.576947216916044885e-05
3.402615949780000688e-05
3.266298962973228121e-05
3.156446464119484795e-05
3.008057676170563215e-05
2.917356422692264685e-05
2.808754479665726399e-05
2.758828926961843879e-05
2.719379031174966619e-05
2.654927576697100515e-05
2.549258077660549411e-05
2.432923616903196295e-05
2.347350893917652520e-05
2.328079785980368763e-05
2.157098553406709693e-05
2.113894679189275003e-05
1.956924228805934467e-05
1.926469856176105290e-05
1.897009956501701422e-05
1.860254551668348753e-05
1.772110353424854228e-05
1.710828570132911367e-05
1.662159430900429427e-05
1.613797138820224127e-05
1.563354712141711169e-05
1.537766390152426636e-05
1.471375476819102444e-05
1.432189498065064925e-05
1.398426256738462870e-05
1.376702710162316004e-05
1.305767406073510079e-05
1.295705933160728955e-05
1.232936358694477198e-05
1.230202425902713653e-05
1.194781666973442118e-05
1.159553129979438510e-05
1.120681412363851682e-05
1.046601085112894966e-05
1.031708769848944775e-05
1.018026584387550727e-05
9.768365035973543931e-06
9.611906837615468918e-06
9.417421294171894524e-06
9.040976384720795619e-06
8.875713372905375104e-06
8.712266599483239990e-06
8.582913148680429470e-06
8.514055057989849753e-06
8.194956883533628081e-06
8.036335186402248306e-06
7.729880104349650253e-06
7.510509045107937423e-06
7.483930855421353415e-06
7.124451751719537686e-06
6.913161176586819267e-06
6.778141644988079424e-06
6.570724098347899725e-06
6.525398117989740289e-06
6.374508598403417837e-06
6.138782000407635795e-06
6.049852259146134381e-06
5.925102177974646918e-06
5.626645473905474559e-06
5.539812802681861046e-06
5.317879737215157402e-06
5.210815952676741628e-06
5.098648828146835142e-06
5.028825977116224492e-06
4.992475615586549362e-06
4.889713966387495559e-06
4.802868881533906344e-06
4.633996756186813648e-06
4.484025368359708089e-06
4.379926473986895858e-06
4.327414379390541506e-06
4.260313477481745089e-06
4.104153130951543729e-06
4.069644762924296249e-06
3.918769948941444412e-06
3.849361210979769411e-06
3.716644377363367455e-06
3.692735536809124382e-06
3.626166442742321181e-06
3.536817593709096953e-06
3.433692915804162569e-06
3.382269606428121651e-06
3.314268334719010570e-06
3.247068507704017372e-06
3.077569518158352539e-06
3.014035545329866335e-06
2.920395434925309994e-06
2.903109969767996568e-06
2.758523609866274488e-06
2.721095263252366217e-06
2.677182577803024265e-06
2.537971515023373660e-06
2.485401672695541619e-06
2.455297438596699394e-06
2.370380733262617575e-06
2.312046419000211746e-06
2.249175758374385113e-06
2.209137275986878890e-06
2.155262015234190099e-06
2.116057424222394095e-06
2.093296128396477773e-06
1.988519570397270043e-06
1.896900779679958205e-06
1.875601292843957703e-06
1.829966390639782304e-06
1.799313731873384372e-06
1.749412610493514784e-06
1.732530772882372602e-06
1.651442852700850511e-06
1.647826144548381089e-06
1.600462167240361744e-06
1.543819024375964172e-06
1.507719210398679770e-06
1.483892401053051112e-06
1.457106328540354581e-06
1.372801047136260176e-06
1.371890012372321301e-06
1.319986244463362740e-06
1.277305395486500591e-06
1.250851346231681159e-06
1.244915594253092768e-06
1.182268259253386990e-06
1.139600997012252097e-06
1.105428606207123106e-06
1.053166236782284747e-06
1.001318817664268455e-06
9.548574609876942158e-07
9.511635222747725312e-07
9.110962885246343474e-07
8.937744499038526395e-07
8.642890936309987401e-07
8.134054459415801112e-07
7.913215717093072453e-07
7.657603632145143125e-07
7.584858529033089153e-07
7.016519038693633901e-07
6.821371254990604759e-07
6.648375794710820542e-07
6.392508403920452158e-07
6.350502193899426411e-07
6.147146665324277203e-07
6.097695690061030958e-07
5.700350146528681206e-07
5.551339544379046170e-07
5.302987959997006836e-07
4.820226004362449760e-07
4.689587201748697410e-07
4.576292805783159115e-07
4.435020218276880315e-07
4.229227564162063374e-07
4.058641419266947507e-07
3.964945716295248225e-07
3.897288503691596104e-07
3.682742934646009169e-07
3.606201547242644537e-07
3.433167688363101009e-07
3.342838228276524036e-07
3.184161523070907158e-07
2.964842732722970654e-07
2.688228625167056622e-07
2.590108658102102039e-07
2.477846816245585782e-07
2.413617877687277250e-07
2.188224406133006974e-07
1.935421949175921310e-07
1.904277668704461169e-07
1.887646512247601010e-07
1.609860199439089781e-07
1.588483096241282895e-07
1.527190489860067758e-07
1.402730808902325280e-07
1.254750293998771369e-07
1.122585345075238546e-07
1.036886018866607532e-07
1.003011663887430705e-07
8.638766002161878538e-08
8.251786063098002163e-08
7.944028445525277306e-08
6.942071987986813625e-08
6.876860159120510202e-08
6.045693056185477553e-08
5.747818679364125773e-08
4.578007801311731306e-08
4.084274115789062464e-08
3.424863761649568353e-08
2.774324968553169873e-08
2.371324428258816452e-08
2.170597758192296571e-08
1.853277084473444797e-08
1.569355543610482437e-08
7.746173834800339862e-09
3.016985823061310591e-09
4.795531270274106101e-10
3.853180228248144390e-10
3.682156253753858814e-10
2.753974542254915456e-10
2.748209196691344260e-10
2.192174242590614191e-10
1.973166007041630861e-10
1.818287610149080526e-10
1.651140842503101956e-10
1.444748017775577040e-10
1.209441923990393860e-10
9.645026003235186925e-11
8.062331053283391012e-11
7.412464828029159133e-11
6.005635291375156297e-11
4.731993284790820515e-11
4.181829747160834401e-11
2.878943325071274120e-11
2.798588102668125558e-11
1.608696670802847909e-11
1.550820168318278713e-11
5.843094709078441905e-12
1.093682945577059133e-12
