2.120864987373352051e-01
7.213592529296875000e-02
3.801670297980308533e-02
1.810841634869575500e-02
6.931636948138475418e-03
5.313684698194265366e-03
3.925122786313295364e-03
3.132582874968647957e-03
1.807142281904816628e-03
1.516829477623105049e-03
1.212222618050873280e-03
8.678958402015268803e-04
7.368096848949790001e-04
6.292445468716323376e-04
4.957675701007246971e-04
4.715110408142209053e-04
3.975531435571610928e-04
3.616690228227525949e-04
3.456196282058954239e-04
3.023370227310806513e-04
2.953269286081194878e-04
2.536961692385375500e-04
2.311753924004733562e-04
1.992216421058401465e-04
1.938626955961808562e-04
1.822532503865659237e-04
1.656194799579679966e-04
1.471954747103154659e-04
1.345719356322661042e-04
1.315863337367773056e-04
1.221439306391403079e-04
1.188981186714954674e-04
1.095219122362323105e-04
1.051956642186269164e-04
9.976602450478821993e-05
9.875623800326138735e-05
9.162195783574134111e-05
8.680273458594456315e-05
7.910341082606464624e-05
7.462567009497433901e-05
7.218950486276298761e-05
6.870155630167573690e-05
6.486952042905613780e-05
6.289086013566702604e-05
6.018197382218204439e-05
5.891219188924878836e-05
5.515618977369740605e-05
4.957512282999232411e-05
4.897694088867865503e-05
4.832420745515264571e-05
4.447274841368198395e-05
4.115349292987957597e-05
3.970253965235315263e-05
3.822435610345564783e-05
3.666132761281915009e-05
3.443948662606999278e-05
3.301322067272849381e-05
3.232038579881191254e-05
3.111578553216531873e-05
2.925778244389221072e-05
2.889651113946456462e-05
2.865860733436420560e-05
2.734918962232768536e-05
2.647733163030352443e-05
2.477525413269177079e-05
2.358166966587305069e-05
2.272532947245053947e-05
2.184870027122087777e-05
2.176318048441316932e-05
2.049915929092094302e-05
2.020326428464613855e-05
1.944354517036117613e-05
1.847534076659940183e-05
1.774599695636425167e-05
1.722441265883389860e-05
1.648227953410241753e-05
1.614836764929350466e-05
1.584714118507690728e-05
1.538257674837950617e-05
1.451963908039033413e-05
1.400561359332641587e-05
1.395973595208488405e-05
1.296292975894175470e-05
1.241086101799737662e-05
1.210611299029551446e-05
1.178283582703443244e-05
1.137633898906642571e-05
1.114532096835318953e-05
1.087292002921458334e-05
1.031802275974769145e-05
9.993771527661010623e-06
9.736877473187632859e-06
9.208204573951661587e-06
8.946827620093245059e-06
8.824471478874329478e-06
8.392923518840689212e-06
8.094842087302822620e-06
7.898592230048961937e-06
7.649253348063211888e-06
7.325922069867374375e-06
7.043476216495037079e-06
6.897666480654152110e-06
6.734331691404804587e-06
6.710796697007026523e-06
6.370283244905294850e-06
6.116264103184221312e-06
6.029240466887131333e-06
5.835137471876805648e-06
5.754064659413415939e-06
5.498910923051880673e-06
5.341043561202241108e-06
5.158917701919563115e-06
5.081134986539836973e-06
4.959826128470012918e-06
4.764220193465007469e-06
4.667357643484137952e-06
4.509069640334928408e-06
4.305668426241027191e-06
4.201235242362599820e-06
4.071548119100043550e-06
3.901171112374868244e-06
3.810562475337064825e-06
3.730608568730531260e-06
3.701090463437139988e-06
3.628806325650657527e-06
3.564799726518685929e-06
3.382740487722912803e-06
3.300127445982070640e-06
3.235439407944795676e-06
3.156585535180056468e-06
3.093045961577445269e-06
2.976310724989161827e-06
2.817885615513660014e-06
2.742684955592267215e-06
2.735392399699776433e-06
2.628426500450586900e-06
2.570061724327388220e-06
2.462327756802551448e-06
2.447492761348257773e-06
2.357533048780169338e-06
2.267522177135106176e-06
2.239076366095105186e-06
2.202455107180867344e-06
2.122631940437713638e-06
2.109689376084133983e-06
2.079538035104633309e-06
1.984895334317116067e-06
1.948980070665129460e-06
1.931078031702782027e-06
1.852225523180095479e-06
1.746640350575034972e-06
1.698515688985935412e-06
1.633225565456086770e-06
1.600635300746944267e-06
1.575811666043591686e-06
1.562155262035958003e-06
1.545735585750662722e-06
1.469315066060516983e-06
1.451293996979075018e-06
1.392438321090594400e-06
1.381681840939563699e-06
1.326225515185797121e-06
1.310926336373086087e-06
1.243214114765578415e-06
1.216826717609365005e-06
1.187279963232867885e-06
1.169739903161826078e-06
1.121411855820042547e-06
1.109542154154041782e-06
1.062955675479315687e-06
1.033912099046574440e-06
1.014941858556994703e-06
9.875645901047391817e-07
9.588031844032229856e-07
9.360206263409054372e-07
9.140745760305435397e-07
8.903705293050734326e-07
8.765587722336931620e-07
8.524417012267804239e-07
8.379049063478305470e-07
8.111341003314009868e-07
7.845880531931470614e-07
7.729995559202507138e-07
7.472185643564444035e-07
7.125599381652136799e-07
6.881824674564995803e-07
6.728572543579502963e-07
6.499915343738393858e-07
6.457747758759069256e-07
6.284151368163293228e-07
6.231449560800683685e-07
5.774348323939193506e-07
5.543303132071741857e-07
5.398202347350888886e-07
5.331376655703934375e-07
5.149176445229386445e-07
4.894253038401075173e-07
4.792069603354320861e-07
4.683993211074266583e-07
4.552838106519629946e-07
4.429929560956225032e-07
4.232999799569370225e-07
4.199903855806041975e-07
4.067194936396845151e-07
3.916289585959020769e-07
3.830227797152474523e-07
3.614743206981074763e-07
3.511724457894160878e-07
3.371034154042718001e-07
3.237856276427919511e-07
3.079428267938055797e-07
3.005160635893844301e-07
2.938968748367187800e-07
2.832994994150794810e-07
2.653215176451340085e-07
2.541278263379354030e-07
2.461439976286783349e-07
2.384150974421572755e-07
2.338008044944217545e-07
2.232563645065965829e-07
2.048307266022675321e-07
1.988246083328704117e-07
1.918187280125493999e-07
1.799512148181747762e-07
1.738006432105976273e-07
1.702629361943763797e-07
1.603879269396202289e-07
1.598840242422738811e-07
1.517263399364310317e-07
1.416576083101972472e-07
1.321652689512120560e-07
1.262078370700692176e-07
1.182038502633986354e-07
1.113538701247307472e-07
1.075434497010974155e-07
9.923565613689788734e-08
8.828702391383558279e-08
8.712373045227650437e-08
8.443775101341088885e-08
7.867223672519685351e-08
7.456776529579656199e-08
6.285732467858906602e-08
5.854962736862034944e-08
5.696649196806902182e-08
4.975350620384233480e-08
4.616335758100831299e-08
4.463386460429319413e-08
4.136483156003123440e-08
4.038536260964065150e-08
3.783876678653541603e-08
3.249904523272562074e-08
2.994714876081161492e-08
2.364332729598572769e-08
2.186130743098146922e-08
1.782070491174181370e-08
1.572967356366916647e-08
1.365618818027769521e-08
1.294314255773088007e-08
1.166222851622933376e-08
8.443935328728002787e-09
4.864443958751962782e-09
2.373660379362263484e-09
-1.101967406214043876e-09
5.037067429825015097e-10
2.909651131144386227e-10
-2.550996081041034813e-10
-1.803769911212782517e-10
1.679220512640355878e-10
1.436398916476733234e-10
1.289020695738329891e-10
-1.200232552234226091e-10
-9.505822518018902656e-11
-9.263485811761285049e-11
-7.835764676000778195e-11
-6.337896873986892388e-11
5.853329626548386955e-11
5.235380531876110410e-11
-5.018682344704039622e-11
-4.631667618881785131e-11
3.286789243550636286e-11
2.281199534825972819e-11
-1.786753210664127067e-11
1.276937236505126805e-11
-7.480257732672690452e-12
-2.746227073871509994e-12
