2.350619729463320762e-01
4.924988156879975265e-02
3.593804507078078581e-02
1.753795403954484800e-02
1.074625808471385904e-02
7.694610174275294881e-03
6.498314213502228744e-03
4.381552675227814130e-03
3.804856043373462497e-03
2.933566863114203671e-03
2.395789537899187596e-03
2.340408228084582022e-03
1.978157250632126083e-03
1.533822581759947731e-03
1.440360774169771596e-03
1.227691372770369632e-03
1.043353986777633682e-03
9.342662290148587290e-04
8.128357176415787911e-04
7.413781890607666104e-04
6.469277557656340433e-04
5.985948069082310235e-04
5.557789067010534753e-04
5.266023738147186922e-04
4.345594521946394241e-04
3.910720841820866070e-04
3.707679189266272109e-04
3.401075174221212909e-04
2.971118307678828402e-04
2.814253684131657750e-04
2.707037417874634446e-04
2.448380284791299051e-04
2.400010113047883989e-04
2.212389785588230687e-04
2.180370355491701069e-04
2.058619774085047990e-04
1.990401781696734510e-04
1.915075101856770383e-04
1.763371439489512993e-04
1.667610795855954090e-04
1.593966287757105787e-04
1.534782035146170205e-04
1.467038203130262546e-04
1.414248929205606450e-04
1.350031355313300501e-04
1.299314036714629419e-04
1.264517694526483250e-04
1.146580458449141811e-04
1.100554837109417056e-04
1.030609448441398637e-04
1.017483015378049409e-04
9.498760316446304083e-05
8.984190758715726610e-05
8.887427773626195701e-05
8.640456267373524985e-05
8.341752133804488235e-05
7.904681451992286525e-05
7.678187911415810662e-05
7.651049166734312111e-05
7.376135531942476259e-05
7.083129741207198015e-05
7.048449970814838004e-05
6.681811944553455482e-05
6.566399002954094433e-05
6.288571762556515127e-05
6.036292747487901830e-05
5.906600099074048928e-05
5.747799433255722853e-05
5.586643272806761552e-05
5.457645102631109404e-05
5.283518166332805535e-05
4.991243749595700261e-05
4.880581329522348962e-05
4.666403831375516239e-05
4.562963083190986149e-05
4.361265845005819189e-05
4.227930080376106998e-05
4.074235476871991194e-05
3.937124712656565721e-05
3.796011354383311095e-05
3.774112582076835149e-05
3.674347405640766482e-05
3.669429772289407919e-05
3.553081329453084965e-05
3.406503947807691505e-05
3.337230051987927069e-05
3.243164374145622022e-05
3.110746826535740330e-05
3.009221487440401187e-05
2.967967248427408580e-05
2.891507571739528173e-05
2.756432980593139415e-05
2.610800939909406688e-05
2.583871262348877209e-05
2.518823855618812960e-05
2.454662048563259580e-05
2.401762874733614800e-05
2.301199469992713898e-05
2.265544099245708228e-05
2.237751024216176057e-05
2.151267817966097837e-05
2.071624960606611147e-05
2.041977970211443245e-05
1.955351883477478907e-05
1.894798364246340014e-05
1.842591155342504869e-05
1.771040434930071055e-05
1.752078216205609932e-05
1.693646371495546740e-05
1.661201261461165240e-05
1.622562657772325378e-05
1.546819350421710357e-05
1.542980012578731923e-05
1.488750224829306649e-05
1.437446522763404687e-05
1.389580606400994584e-05
1.385999700767761801e-05
1.346706288867389967e-05
1.288986508879161880e-05
1.275864316238896493e-05
1.242895462739406151e-05
1.178846598750174023e-05
1.161540675410971992e-05
1.140494034007796607e-05
1.109201654584637824e-05
1.097431692218966876e-05
1.093599917679354236e-05
1.043049930976959323e-05
1.029318553768904301e-05
9.855719786479020766e-06
9.515962794109767380e-06
9.184716607914323911e-06
8.964875651661727765e-06
8.796358925425258124e-06
8.537406662935042651e-06
8.402292208165321888e-06
8.273969639225693180e-06
7.931030028275319632e-06
7.728408116824854863e-06
7.584350461006770699e-06
7.492256056875810127e-06
7.115673578206754799e-06
6.914898957179204208e-06
6.906209251086630972e-06
6.595638906993129508e-06
6.524419701357305550e-06
6.363119527711007406e-06
6.311249100971273671e-06
6.274622614525755156e-06
6.148478582837589484e-06
5.863106237232798851e-06
5.777971684029436701e-06
5.616976237024150448e-06
5.456875777157377787e-06
5.336603232881817778e-06
5.333878963031160547e-06
5.163813734561033610e-06
4.994518541257894024e-06
4.918335824892715472e-06
4.861838001948932572e-06
4.645833194636729466e-06
4.596150373671112260e-06
4.471976520605936959e-06
4.397836429340125619e-06
4.291350096893747165e-06
4.195444198506807891e-06
4.108252525245458884e-06
3.961593993537790561e-06
3.824827939349573905e-06
3.734474353285697036e-06
3.675134189505109896e-06
3.533401869920210478e-06
3.480594601065580654e-06
3.347592163012367090e-06
3.323073047416034372e-06
3.298655614063110728e-06
3.186003972105166846e-06
3.153214754114276699e-06
3.099234237450188598e-06
3.068029363982542969e-06
3.000904025321427008e-06
2.913168908069044821e-06
2.821167876163653251e-06
2.728977459432693774e-06
2.636283233436179743e-06
2.593763943720410643e-06
2.555932720695340846e-06
2.481191341886811619e-06
2.437859032124837015e-06
2.388288747416210829e-06
2.298828067171194862e-06
2.252943785106245005e-06
2.197799303427275671e-06
2.169028345150256570e-06
2.118001579730689793e-06
2.075713011579406283e-06
2.045457356433182858e-06
1.965664457468903260e-06
1.899701488401867471e-06
1.865229240269627240e-06
1.827518908674861065e-06
1.776354437771186913e-06
1.727402617913712479e-06
1.662693286789281794e-06
1.658800424557719057e-06
1.591640620224038206e-06
1.526663987025384569e-06
1.497910891296817180e-06
1.468006956596797600e-06
1.420057386313296489e-06
1.375776191211001785e-06
1.353302155296375039e-06
1.342134135611835912e-06
1.287180753862515327e-06
1.257572313432772297e-06
1.229257290031745207e-06
1.219308313183387820e-06
1.161548707606233752e-06
1.127534835807283228e-06
1.111128554052379743e-06
1.069173560518536717e-06
1.042427358801405078e-06
1.005847424278327876e-06
9.874089143505386594e-07
9.639756399372646569e-07
9.068452428315962444e-07
8.745307272230035786e-07
8.178637530396356904e-07
7.939784448378362740e-07
7.804591852823720353e-07
7.599479889764011688e-07
7.507781481756103733e-07
7.139941361562930085e-07
7.046566786151997960e-07
6.829433490496647959e-07
6.537032644598796695e-07
6.270140429284949636e-07
6.023075355045469837e-07
5.850314102227972179e-07
5.808424416253068456e-07
5.479805616271784362e-07
5.374306866791760732e-07
5.311718048763237606e-07
5.113597025141582356e-07
4.988259634316992826e-07
4.571995452664888290e-07
4.310015833303463498e-07
4.189768187404160715e-07
4.043264277490852641e-07
4.012982492710134072e-07
3.944894695543515254e-07
3.784275584862253571e-07
3.436484304981867219e-07
3.274699732666380985e-07
3.208615112803985619e-07
3.109201278780349536e-07
2.714656788812351586e-07
2.643436785059993752e-07
2.586569345535142300e-07
2.565548125726887592e-07
2.465229061015010365e-07
2.283152849249541165e-07
2.187421225740275647e-07
2.157582421704038084e-07
2.011668464739343773e-07
1.751252535463875687e-07
1.711785961786176929e-07
1.657380155323376813e-07
1.622459329100035477e-07
1.497724808681498692e-07
1.437802334834363048e-07
1.385445521369624915e-07
1.246780326462619024e-07
1.157299855101269059e-07
1.034895313027553585e-07
9.566719618886363958e-08
8.928802598577560389e-08
7.745360151536209090e-08
7.274497637308725492e-08
6.430226905750351704e-08
6.010348228749664770e-08
5.780529605888280114e-08
4.998648164925760266e-08
4.702372058692266992e-08
4.006598515657210942e-08
3.309613955415744418e-08
2.763099615409476802e-08
2.264308679776871756e-08
1.858314806086662216e-08
1.517414038793010725e-08
8.438294256999896339e-09
2.355385996630685781e-09
2.076208456117612879e-09
1.343764343501461756e-09
6.799314037417841536e-10
4.627877539833356142e-10
2.381402163661188113e-10
