4.535377621650695801e-01
1.060338392853736877e-01
6.369811296463012695e-02
2.860389277338981628e-02
1.891268044710159302e-02
1.086255908012390137e-02
8.354526944458484650e-03
4.949020221829414368e-03
4.592257086187601089e-03
3.804903943091630936e-03
3.111472586169838905e-03
2.934655174612998962e-03
2.447713632136583328e-03
1.911116996780037880e-03
1.440711203031241894e-03
1.329972292296588421e-03
1.078076660633087158e-03
8.806714904494583607e-04
7.845402578823268414e-04
6.240850780159235001e-04
5.715172737836837769e-04
5.479042883962392807e-04
4.869050171691924334e-04
4.355795681476593018e-04
4.349709779489785433e-04
3.838624688796699047e-04
3.566617961041629314e-04
3.223630192223936319e-04
3.108955279458314180e-04
2.629507507663220167e-04
2.536073152441531420e-04
2.484652213752269745e-04
2.343295782338827848e-04
2.263258065795525908e-04
2.204431220889091492e-04
1.907518308144062757e-04
1.854706351878121495e-04
1.656496606301516294e-04
1.601324329385533929e-04
1.502887316746637225e-04
1.380872563458979130e-04
1.301759621128439903e-04
1.231534552061930299e-04
1.203792926389724016e-04
1.193163043353706598e-04
1.128600997617468238e-04
1.024657321977429092e-04
9.965720528271049261e-05
9.247779962606728077e-05
8.794124005362391472e-05
8.644979970995336771e-05
8.145658648572862148e-05
7.851327245589345694e-05
6.935810233699157834e-05
6.879686407046392560e-05
6.717112410115078092e-05
6.320945976767688990e-05
6.058047074475325644e-05
5.877558942302130163e-05
5.518033867701888084e-05
5.395385596784763038e-05
5.059093746240250766e-05
4.986797284800559282e-05
4.845247531193308532e-05
4.680724305217154324e-05
4.490515857469290495e-05
4.290573269827291369e-05
4.022434950456954539e-05
3.825235035037621856e-05
3.722380279214121401e-05
3.552439011400565505e-05
3.413251397432759404e-05
3.352711792103946209e-05
3.304435085738077760e-05
3.049496081075631082e-05
3.009460306202527136e-05
2.989757922478020191e-05
2.861734719772357494e-05
2.779499300231691450e-05
2.569999924162402749e-05
2.558744563430082053e-05
2.482554555172100663e-05
2.430187851132359356e-05
2.262612724734935910e-05
2.223394585598725826e-05
2.181706440751440823e-05
2.099502489727456123e-05
2.009178388107102364e-05
1.837977288232650608e-05
1.814462120819371194e-05
1.755943958414718509e-05
1.684907510934863240e-05
1.668252843955997378e-05
1.596919537405483425e-05
1.549889748275745660e-05
1.484274343965807930e-05
1.452863943995907903e-05
1.433057605026988313e-05
1.415824408468324691e-05
1.346783483313629404e-05
1.298870120081119239e-05
1.272520330530824140e-05
1.196239099954254925e-05
1.174918907054234296e-05
1.133760815719142556e-05
1.118891759688267484e-05
1.088112276192987338e-05
1.049020011123502627e-05
1.023427466861903667e-05
9.822590072872117162e-06
9.323037374997511506e-06
9.139540452451910824e-06
8.811167390376795083e-06
8.718195203982759267e-06
8.314644219353795052e-06
8.165940016624517739e-06
7.933261258585844189e-06
7.849514076951891184e-06
7.507719601562712342e-06
7.093691692716674879e-06
7.001548055995954201e-06
6.680584647256182507e-06
6.466923423431580886e-06
6.341056177916470915e-06
6.195106834638863802e-06
6.000570465403143317e-06
5.777925707661779597e-06
5.700221663573756814e-06
5.630010036838939413e-06
5.538054665521485731e-06
5.464638434204971418e-06
5.191621312405914068e-06
5.067331130703678355e-06
4.917228125123074278e-06
4.885374437435530126e-06
4.775769866682821885e-06
4.599362910084892064e-06
4.499282113101799041e-06
4.344360604591201991e-06
4.255672138242516667e-06
4.074986463820096105e-06
4.002388322987826541e-06
3.800848617174779065e-06
3.731541710294550285e-06
3.697743977681966498e-06
3.594570216591819189e-06
3.554609293132671155e-06
3.494541033433051780e-06
3.314286459499271587e-06
3.249545216021942906e-06
3.114575747531489469e-06
3.057219828406232409e-06
2.926607749031973071e-06
2.884866262320429087e-06
2.814251956806401722e-06
2.725496415223460644e-06
2.565233899076702073e-06
2.515070036679389887e-06
2.484171773176058196e-06
2.426040282443864271e-06
2.394878492850693874e-06
2.362681016165879555e-06
2.327515858269180171e-06
2.291092641826253384e-06
2.192785586885293014e-06
2.095836407534079626e-06
2.009932131841196679e-06
1.974798578885383904e-06
1.960061126737855375e-06
1.882277956610778347e-06
1.878295392998552416e-06
1.790637156773300376e-06
1.755630478328384925e-06
1.744654923641064670e-06
1.678768171586852986e-06
1.649451178309391253e-06
1.623576622478140052e-06
1.580429170644492842e-06
1.531769044049724471e-06
1.493399054197652731e-06
1.475080125601380132e-06
1.444376948711578734e-06
1.376438035549654160e-06
1.363360638606536668e-06
1.331903604295803234e-06
1.278626427847484592e-06
1.253425580216571689e-06
1.243961150976247154e-06
1.221582692778611090e-06
1.173421992461953778e-06
1.145050759987498168e-06
1.114550968850380741e-06
1.100499730455339886e-06
1.081865320884389803e-06
1.047258933795092162e-06
1.030915996125258971e-06
9.983277777791954577e-07
9.709892765386030078e-07
9.448476703255437315e-07
9.369666713610058650e-07
8.878137123247142881e-07
8.718581625544175040e-07
8.408683243033010513e-07
8.212503530558024067e-07
7.951309157760988455e-07
7.891767950241046492e-07
7.456483217538334429e-07
7.161627877394494135e-07
7.030259894236223772e-07
6.843803816991567146e-07
6.634311944253568072e-07
6.575023689947556704e-07
6.412127504518139176e-07
6.192195201037975494e-07
6.133930128271458670e-07
5.866925221198471263e-07
5.659453563566785306e-07
5.391456170400488190e-07
5.237339451014122460e-07
5.210444555814319756e-07
4.967101290276332293e-07
4.942086775372445118e-07
4.773510795530455653e-07
4.618718492110929219e-07
4.575484240376681555e-07
4.430295064139500028e-07
4.304690151002432685e-07
4.077128039625677047e-07
4.047084019020985579e-07
3.876230891819432145e-07
3.751561337139719399e-07
3.701427715441241162e-07
3.597323825488274451e-07
3.440259206399787217e-07
3.244640538468956947e-07
3.168092632677144138e-07
3.141278739349218085e-07
3.039731382159516215e-07
2.905446478962403489e-07
2.840342574472742854e-07
2.700424488466524053e-07
2.546555606386391446e-07
2.507592569145344896e-07
2.316213709718795144e-07
2.272303447625745321e-07
2.230185884855018230e-07
2.162807675176736666e-07
2.113429928840560024e-07
2.026834664548005094e-07
1.955696120603533927e-07
1.886747469370675390e-07
1.873621613412979059e-07
1.802454789867624640e-07
1.714792432494505192e-07
1.647712082331054262e-07
1.601458734512561932e-07
1.453136775353414123e-07
1.387681010101005086e-07
1.322875391451816540e-07
1.249661778501831577e-07
1.191174945347484027e-07
1.159549825047179183e-07
1.153555260202665522e-07
1.075985096576914657e-07
9.977998871590898489e-08
9.089946928497738554e-08
8.820889974003875977e-08
8.657961103608613485e-08
7.755185293945032754e-08
7.571152593754959526e-08
7.068982199598394800e-08
6.796404505848840927e-08
5.997267038537756889e-08
5.795294910626580531e-08
5.404537972708567395e-08
4.847808199315295496e-08
4.810133802379823464e-08
4.066853520612312423e-08
3.631470235632150434e-08
3.472140974736248609e-08
3.289711969500785926e-08
2.784118002807645098e-08
2.697455947497928719e-08
2.533739262844392215e-08
2.184804870353218575e-08
2.019745792836147302e-08
1.775373981161010306e-08
1.544559324884176021e-08
1.360496515445674959e-08
1.207299860084276588e-08
9.321500904491131223e-09
7.540607249723052519e-09
6.315104439380547774e-09
4.075688231353069568e-09
3.523059843857367923e-09
3.069216436557553607e-09
2.143226263129349718e-09
