5.284580126535382390e-05
2.358903024326322007e-05
5.313148565509864590e-06
4.173394894605292327e-06
3.841599254037695331e-06
3.532266385659993223e-06
3.183564186444925865e-06
2.940663013419414340e-06
2.815677468308519891e-06
2.673478941333973290e-06
2.566449986146758580e-06
2.562647566456718259e-06
2.480469366139388012e-06
2.382496408235158103e-06
2.314583786829642183e-06
2.238545033254720197e-06
2.186194570639204015e-06
2.118844953315813118e-06
2.092896899977827733e-06
2.000302249527420037e-06
1.985989489400639395e-06
1.914459212670365067e-06
1.886840172658448806e-06
1.840527714983532674e-06
1.766330519381354553e-06
1.712233862227443071e-06
1.700409235624121611e-06
1.669767924493337812e-06
1.626628334079872976e-06
1.584685871620001160e-06
1.549660951053021169e-06
1.533428581837662673e-06
1.518015729803591065e-06
1.493338167670037603e-06
1.454626638425244504e-06
1.427625761242510676e-06
1.409172439531695993e-06
1.390327263385599845e-06
1.373678550874661875e-06
1.358119065229123032e-06
1.280645139773459048e-06
1.272909567303371413e-06
1.248262247169017094e-06
1.224149950173599817e-06
1.214588281117918987e-06
1.193035825390704631e-06
1.185718387980035362e-06
1.168562042320431583e-06
1.154131881555269715e-06
1.124908673012209804e-06
1.120537581828137085e-06
1.093219601187513216e-06
1.078227024486810897e-06
1.050112262912104054e-06
1.035073165093704935e-06
1.011958266331339834e-06
9.990574736680950061e-07
9.855539431747215528e-07
9.698859724019272561e-07
9.568732888226061918e-07
9.459744613792348904e-07
9.286383289485926268e-07
9.248846060340282648e-07
9.134444793785963053e-07
8.934881607470499570e-07
8.848970582466791930e-07
8.600729411407721370e-07
8.589062234855577890e-07
8.345275558503992883e-07
8.129241232455260822e-07
7.990075032776614242e-07
7.893238263907473483e-07
7.723526348530641692e-07
7.541983634999219239e-07
7.497812945698279852e-07
7.427094225761972121e-07
7.314604011176528089e-07
7.208500858346678976e-07
7.082460176689407861e-07
7.034693478996408921e-07
6.969360342206485942e-07
6.806272664563506563e-07
6.641378725762143587e-07
6.602089420242545575e-07
6.420438264296000819e-07
6.352922819195246032e-07
6.301017064391538189e-07
6.214920887401184294e-07
6.155205712662715323e-07
6.027758853678943117e-07
5.998909713869381322e-07
5.837101739005429526e-07
5.810114411554321593e-07
5.684797990738725270e-07
5.648471269575248310e-07
5.512169043264441960e-07
5.372228637686207235e-07
5.339287522736268896e-07
5.222050368961858537e-07
4.967525699450978157e-07
4.910292714131967796e-07
4.885997307503164433e-07
4.814092686786770086e-07
4.723362164064275222e-07
4.631872602446511406e-07
4.588991399744213688e-07
4.563798298024087927e-07
4.513927552206283745e-07
4.451807723910001638e-07
4.333887902354121047e-07
4.300012023382770386e-07
4.220465627525779408e-07
4.170686269967803856e-07
4.148378778440277298e-07
4.010074743939532877e-07
3.985085025663126812e-07
3.919503392428868280e-07
3.879402063497269580e-07
3.848642397237364404e-07
3.685783587606989106e-07
3.626028049399252885e-07
3.597284452308739471e-07
3.574133900135020601e-07
3.511139139391750230e-07
3.442636036639098047e-07
3.430026490552300041e-07
3.367938856424609358e-07
3.315893570597609969e-07
3.188068802115802461e-07
3.175947641464105948e-07
3.152014261899005530e-07
3.111865128547288462e-07
3.066616898694364461e-07
2.994769265616527227e-07
2.929025853431896285e-07
2.856095386611767061e-07
2.812215662497365894e-07
2.792749136114351995e-07
2.733286496038505251e-07
2.671221294445436623e-07
2.617482190998359843e-07
2.584120628350153609e-07
2.576629661853867708e-07
2.559708737386175199e-07
2.523214972641523627e-07
2.457852045185189469e-07
2.428118111558487617e-07
2.382491819605157477e-07
2.325564634614528228e-07
2.252579221974583878e-07
2.218834239664305542e-07
2.167820448260274725e-07
2.128999571641596010e-07
2.106867881218665322e-07
2.086411732776921161e-07
2.062228284402139195e-07
2.017573113629112277e-07
1.937639175304487754e-07
1.936299557157668912e-07
1.905310842498699161e-07
1.842404830585585566e-07
1.824141125357988608e-07
1.786576593981144762e-07
1.749215652236733367e-07
1.685504310934292021e-07
1.663935808043424993e-07
1.642436367024960405e-07
1.632180589267825797e-07
1.596087413159767176e-07
1.573434798588951659e-07
1.550819853985319767e-07
1.522099796256731827e-07
1.470803189922814751e-07
1.456272055429523413e-07
1.434308883729629530e-07
1.415754076043228721e-07
1.406502224298019777e-07
1.394344810956088977e-07
1.353885023510078748e-07
1.339495842968596418e-07
1.310312213176248199e-07
1.287598497575517293e-07
1.215407251406585803e-07
1.173493472170175196e-07
1.160155568009718403e-07
1.138536079624909615e-07
1.127919409950629290e-07
1.121238804177279896e-07
1.067508364154566522e-07
1.060096652079334828e-07
1.038936210385629273e-07
1.014310485624703283e-07
9.854617948386697748e-08
9.709632759324507429e-08
9.375117064495892891e-08
9.315991862879344138e-08
9.241943901841816853e-08
9.115553809352656307e-08
8.892936477048266096e-08
8.602419549860365065e-08
8.190640572731542054e-08
8.071936172446080360e-08
8.020988008347193683e-08
7.857728723484896206e-08
7.654529757132484150e-08
7.526170497887712032e-08
7.375486102456005089e-08
7.028589902815565550e-08
6.876808650578815353e-08
6.768778216983363336e-08
6.723892388377342093e-08
6.519105274578002627e-08
6.364853428159611000e-08
6.180233586390389542e-08
6.075148474248962092e-08
5.979835252436668816e-08
5.594641684068901831e-08
5.477576220411141247e-08
5.297626727529407209e-08
5.166709393941199687e-08
5.048180535787979364e-08
4.873263096291101650e-08
4.789250038633086387e-08
4.681626848649547747e-08
4.533086036836866556e-08
4.441094572678992232e-08
4.243731188771353225e-08
4.102239877074108953e-08
4.020435658459884832e-08
3.998003984009168482e-08
3.854516049595253108e-08
3.731151087166589571e-08
3.534238663660304046e-08
3.514135567148510505e-08
3.303933050563506871e-08
3.278119323705743624e-08
3.091383971801072453e-08
3.019414016023564185e-08
2.882075786052689589e-08
2.722461128013867626e-08
2.681047524279677555e-08
2.580584823470596817e-08
2.544409192870158295e-08
2.472535200985372726e-08
2.346049747765601307e-08
2.276853850530337955e-08
2.171423093531812489e-08
2.133811468668130098e-08
2.009369488855812492e-08
1.914228018845336624e-08
1.840791595148068370e-08
1.738698928019122828e-08
1.688082170879275305e-08
1.680798528207172146e-08
1.590723936678945774e-08
1.494766970971351725e-08
1.483129066632942518e-08
1.413252849902104512e-08
1.303995990433817032e-08
1.254605189894433256e-08
1.129711152678254584e-08
1.113009884289921227e-08
1.057495082533220237e-08
9.786911272352121716e-09
9.437705277617698886e-09
8.479572937276060512e-09
8.258971837923932168e-09
7.556658696937120425e-09
7.102621063658255674e-09
6.969037751792831118e-09
6.610287236858282047e-09
5.898354102395026676e-09
5.539923325088224870e-09
5.303262834218389657e-09
4.567747652979462944e-09
4.401375783115344346e-09
4.212332889281633675e-09
3.952773533788263037e-09
3.638053952505142833e-09
3.551127279730674336e-09
3.174362618573648913e-09
2.799816711422518196e-09
2.675671067689096563e-09
2.404397176235036509e-09
2.011370743630518292e-09
1.922471658166988269e-09
1.725006408058180851e-09
1.497329140621343886e-09
1.386693976411632231e-09
9.536665491313001033e-10
8.574751618234712373e-10
7.847903109709888278e-10
5.418906855820593159e-10
4.067101948001775398e-10
2.451049840812521359e-10
2.136833282802513644e-10
9.316592808646079653e-11
