7.243457366712391376e-05
1.100960980693344027e-05
5.465180493047228083e-06
4.673842340707778931e-06
3.460262178123230115e-06
2.546117229940136895e-06
1.920657041409867816e-06
1.603959617568762042e-06
1.464097749703796580e-06
1.431941996088426095e-06
1.251869889529189095e-06
1.123696051763545256e-06
1.077704041563265491e-06
9.905454589897999540e-07
9.630465456211823039e-07
9.333382990917016286e-07
8.880133464117534459e-07
8.708663585821341258e-07
8.628108503216935787e-07
8.443915362477127928e-07
8.230281309806741774e-07
8.057516538428899366e-07
7.902823426775285043e-07
7.740679848211584613e-07
7.676397899558651261e-07
7.529957883889437653e-07
7.452542263308714610e-07
7.267175305969431065e-07
7.148564691306091845e-07
7.054032380438002292e-07
6.944285928511817474e-07
6.776301688660169020e-07
6.731482358190987725e-07
6.680233468614460435e-07
6.526936999762256164e-07
6.384703965522930957e-07
6.228252118489763234e-07
6.165655577206052840e-07
6.090970146033214405e-07
6.047154670341114979e-07
6.029870860402297694e-07
5.965080163150560111e-07
5.764613320025091525e-07
5.695811751138535328e-07
5.603323529612680431e-07
5.560694944506394677e-07
5.552907396122463979e-07
5.457244469653232954e-07
5.416777071332035121e-07
5.286963187245419249e-07
5.245511260909552220e-07
5.087151180305227172e-07
5.047036779615154956e-07
5.023703124606981874e-07
4.945226237396127544e-07
4.905359674012288451e-07
4.800576220986840781e-07
4.776153446073294617e-07
4.671840940773108741e-07
4.652254688153334428e-07
4.538443647561507532e-07
4.510290523285220843e-07
4.417842660586757120e-07
4.377515097075956874e-07
4.357603700100298738e-07
4.292392929983179783e-07
4.190726201613870217e-07
4.171943146502599120e-07
4.091214123036479577e-07
4.061812148847820936e-07
4.024241206934675574e-07
3.949208746689691907e-07
3.916441926321567735e-07
3.878985808114521205e-07
3.849836787139793159e-07
3.829111960840236861e-07
3.791554092913429486e-07
3.687485161663062172e-07
3.655072760011535138e-07
3.622574240580433980e-07
3.583660088679607725e-07
3.542666888733947417e-07
3.503953394101699814e-07
3.472073331067804247e-07
3.420070129322994035e-07
3.361188021244743140e-07
3.298597732737107435e-07
3.281128897469898220e-07
3.260905714341788553e-07
3.206379233233747073e-07
3.161733275192091241e-07
3.139826674214418745e-07
3.131452785964938812e-07
3.101752383827260928e-07
3.029921060715423664e-07
3.002768664828181500e-07
2.958896345717221266e-07
2.950066004814289045e-07
2.912744605509942630e-07
2.842855622020579176e-07
2.826186857873835834e-07
2.790218616155470954e-07
2.714016318350331858e-07
2.681155706341087352e-07
2.669316359060758259e-07
2.627618869155412540e-07
2.600643540517921792e-07
2.574539337274472928e-07
2.536484942083916394e-07
2.533478493660368258e-07
2.482113359292270616e-07
2.454530374507157831e-07
2.374004708372012828e-07
2.359477093705208972e-07
2.350373051740461960e-07
2.331801738364447374e-07
2.294376031386491377e-07
2.265536664936007583e-07
2.242346539560458041e-07
2.218858128344436409e-07
2.184290508466801839e-07
2.164937171755809686e-07
2.145899031802400714e-07
2.106029626247618580e-07
2.054683676533386461e-07
2.039578248513862491e-07
2.014147497675367049e-07
1.986126534347931738e-07
1.979302624022238888e-07
1.960595028549505514e-07
1.928720507748948876e-07
1.893817369591488387e-07
1.875676076679155813e-07
1.847819106615133933e-07
1.814128580690521630e-07
1.790186274774896447e-07
1.750624676333245588e-07
1.736966623866464943e-07
1.724809095549062476e-07
1.701179996871360345e-07
1.678163243923336267e-07
1.637780826513335342e-07
1.616908633650382399e-07
1.601670476247818442e-07
1.570966219333058689e-07
1.554290633976052050e-07
1.543502463619006448e-07
1.525113901834629360e-07
1.499674624483304797e-07
1.472999855423040572e-07
1.455190101751213660e-07
1.438333896430776804e-07
1.411878685075862450e-07
1.382722984999418259e-07
1.362229937740266905e-07
1.333698662620008690e-07
1.312962751853774535e-07
1.289969020490389084e-07
1.280920116641937057e-07
1.244091833996208152e-07
1.233073305684229126e-07
1.213713289871520828e-07
1.191598357763723470e-07
1.180298241365562717e-07
1.143452124097166234e-07
1.123268305036617676e-07
1.103516922285052715e-07
1.094846595606213668e-07
1.076552464951419097e-07
1.061521146539234906e-07
1.033395804483916436e-07
9.951478574521388509e-08
9.919404675429177587e-08
9.853840055029650102e-08
9.710889514735754346e-08
9.586079841028549708e-08
9.472488926576261292e-08
9.320244487298623426e-08
9.076863705104187829e-08
8.906860671231697779e-08
8.841107757007193868e-08
8.678479446189157898e-08
8.518458827211361495e-08
8.492963132766817580e-08
8.301703502411328373e-08
8.066490408964455128e-08
7.947050306711389567e-08
7.823235392834249069e-08
7.690125158887894941e-08
7.408944213693757774e-08
7.347353658815336530e-08
7.213728281385556329e-08
7.066250162779397215e-08
6.981815658946288750e-08
6.850636680155730573e-08
6.682383713041417650e-08
6.563510623891488649e-08
6.543215391729972907e-08
6.436017940814053873e-08
6.352284742661140626e-08
6.223371684654921410e-08
6.161553756101056933e-08
5.943176972778019262e-08
5.862095875386330590e-08
5.837298644451038854e-08
5.722927198803517967e-08
5.498553790062032931e-08
5.270254277434105461e-08
5.196030983256605396e-08
5.115133916433478589e-08
5.031054328696882294e-08
4.852849855296881287e-08
4.756787319593058783e-08
4.649768925446551293e-08
4.484205007315722469e-08
4.416511956151225604e-08
4.329503866529194056e-08
4.286965094024708378e-08
4.123479868667345727e-08
4.027506861348228995e-08
3.925719127551019483e-08
3.817152816054658615e-08
3.596840514319410431e-08
3.540090887099722750e-08
3.455931008033985563e-08
3.384189284361127648e-08
3.336048948199277220e-08
3.263986059209855739e-08
3.133607151539763436e-08
2.967676593357282400e-08
2.933309950492457574e-08
2.857825798230351211e-08
2.745012217530984344e-08
2.731546366874226806e-08
2.669747267702859972e-08
2.630369522194087040e-08
2.523143471933053661e-08
2.492986794777607429e-08
2.383888642043530126e-08
2.220196293478693406e-08
2.207824500999322481e-08
2.123494624584054691e-08
2.104528284974094277e-08
2.003744015155461966e-08
1.922073344928776351e-08
1.858335529902888084e-08
1.795114812352949230e-08
1.726277609748194664e-08
1.680177774687763304e-08
1.637647173424738867e-08
1.595983256663657812e-08
1.569184071570361994e-08
1.497324220167683961e-08
1.400466320689019994e-08
1.350935541211129021e-08
1.268459204339933422e-08
1.193386545139674126e-08
1.161263885052221667e-08
1.132364690903386872e-08
1.068900168377240334e-08
9.989800098253454053e-09
9.475130902103501285e-09
8.960141073544036772e-09
8.781791294154572824e-09
8.477567092768367729e-09
7.890387898612516437e-09
7.751098429764624598e-09
7.290195558340428761e-09
6.859242951406940847e-09
6.576273747782579449e-09
6.100270066866642082e-09
5.834987604202979128e-09
5.271488578983962725e-09
4.927111163510744518e-09
4.688873733726950377e-09
4.363574834798100710e-09
4.152322041761635774e-09
4.075197512776185249e-09
3.898310563243967408e-09
3.579375018603059289e-09
3.345030030743600946e-09
2.821308742184669427e-09
2.754543260152786388e-09
2.431182810624932245e-09
2.228168760609605670e-09
2.175018609662515701e-09
1.819896455756975229e-09
1.683579831102122171e-09
1.479259603698324099e-09
1.286454609505938151e-09
1.144660255469887034e-09
1.001438043601865502e-09
8.214161018038623752e-10
6.921965778339256303e-10
6.496249094212203090e-10
3.739481779785336357e-10
3.285960392673814567e-10
