1.149345259076755221e+00
6.959046110032955923e-01
4.125286659431983693e-01
3.640498409325095275e-01
2.838298064154792244e-01
1.981648902640574528e-01
1.538141354143508499e-01
1.285153824485132101e-01
1.005628049896996751e-01
9.458051220967041151e-02
8.370848151330133324e-02
6.716851734588298595e-02
6.143432534647699089e-02
5.228215790021378123e-02
4.809440904962315744e-02
4.407252246638213716e-02
4.138553114588840176e-02
3.959712770531869513e-02
3.602569776909748944e-02
3.295222926700086541e-02
3.280491299758046819e-02
3.136535985597575099e-02
2.770502841059109544e-02
2.665815895869552352e-02
2.609166680272595115e-02
2.487772560216038736e-02
2.387169400632219510e-02
2.313417906642476971e-02
2.139327029460737911e-02
1.974799479550786233e-02
1.860939601602799864e-02
1.826697924655244429e-02
1.775265312930181250e-02
1.727288191166306136e-02
1.642465272895098777e-02
1.638086951228744093e-02
1.564383465372440676e-02
1.470409525311048259e-02
1.431876840168136780e-02
1.356893969649824311e-02
1.275277294231927025e-02
1.234685767539215467e-02
1.193975528669267115e-02
1.147927759322994734e-02
1.098308759328722566e-02
1.060876300605510109e-02
1.042992674603437919e-02
9.431089309216468541e-03
9.166881583736286726e-03
8.746050640461211848e-03
8.577264686725193446e-03
8.468155955878031022e-03
8.267014606694057452e-03
7.999171218328120572e-03
7.652998964334137982e-03
7.536473688683340520e-03
7.175066417777664803e-03
6.995752364927812841e-03
6.538478241772440087e-03
6.428981290910532054e-03
6.177321670192153884e-03
6.030772950826340621e-03
5.894268928082356876e-03
5.756322625065290674e-03
5.589842264204797177e-03
5.469428305689550199e-03
5.252571301366698239e-03
5.201517499046434505e-03
5.096181823717046804e-03
5.011342129659435325e-03
4.797305264266558261e-03
4.492986693168698684e-03
4.343604273192055824e-03
4.221149250907927676e-03
4.142379162042793966e-03
4.029204037464755896e-03
3.952593951648900213e-03
3.799536161786023439e-03
3.726234320795719125e-03
3.630059065337608304e-03
3.536000252493066466e-03
3.467128289256460674e-03
3.357587071266298403e-03
3.174138433523757217e-03
3.159255806391289383e-03
3.014879307285384460e-03
2.966212130583866825e-03
2.906066967481999146e-03
2.869700193767657937e-03
2.796943600596515315e-03
2.741376370102647977e-03
2.644866686595157088e-03
2.548866315752689946e-03
2.490889170194048562e-03
2.426361413822406606e-03
2.381670218478832909e-03
2.318518771225834812e-03
2.276787951795181900e-03
2.236318432397496874e-03
2.161609381291745673e-03
2.121491642823884489e-03
2.060814926380552352e-03
1.989754851967319872e-03
1.957844250782423724e-03
1.940205584092953442e-03
1.887499516644123481e-03
1.833835825943724027e-03
1.806822579844768583e-03
1.748452366889266313e-03
1.716126727819835543e-03
1.640863587276171704e-03
1.559660053088522767e-03
1.534167332431161717e-03
1.526158903118956687e-03
1.469871638488785262e-03
1.453563154094552603e-03
1.407000782992350041e-03
1.359327629896960130e-03
1.344695116860045430e-03
1.257640642254201184e-03
1.238583369809040076e-03
1.213957635072907340e-03
1.201172496378273254e-03
1.181732936718360005e-03
1.128868132805465945e-03
1.113155417279956035e-03
1.093447339719597717e-03
1.062900327021702772e-03
1.047705932800643705e-03
1.022743890334870285e-03
9.926437527809372791e-04
9.747481200982993600e-04
9.274605609505543044e-04
8.992499969180395162e-04
8.764619719111020916e-04
8.498840723721960960e-04
8.337193220290847317e-04
8.134101659051258797e-04
7.750472996696413774e-04
7.492262552539858886e-04
7.345799665578232147e-04
7.231436034402146653e-04
7.124150016316185483e-04
6.839095433347460243e-04
6.603389563159272778e-04
6.303430675875258595e-04
6.221085845045266080e-04
5.933490928668417805e-04
5.897126867596477881e-04
5.683388772040236583e-04
5.567680420494917296e-04
5.423449135486628752e-04
5.335758328601674424e-04
5.117558184905613740e-04
5.067189370930781254e-04
4.791002337887434004e-04
4.742126404869562292e-04
4.554196275114190590e-04
4.376619741803893480e-04
4.277711784681954843e-04
3.983513811369323665e-04
3.962095691194030943e-04
3.888523475244263605e-04
3.852345143465522523e-04
3.623118907852973937e-04
3.548701845214890399e-04
3.367675933819227227e-04
3.270749017671212679e-04
3.206115337738347539e-04
3.117571701049105348e-04
2.825867045067861688e-04
2.786155167466035842e-04
2.768484936945395710e-04
2.674528073345640560e-04
2.561604427037533901e-04
2.426948324504128599e-04
2.353680646025385831e-04
2.268920459962390395e-04
2.195432120831232751e-04
2.100482421428644130e-04
1.948074246551908064e-04
1.908893660245158128e-04
1.814857419393388523e-04
1.687235754788316792e-04
1.632843622050291030e-04
1.582096725961546098e-04
1.494919497931774524e-04
1.411390068583695089e-04
1.385515729947159607e-04
1.257816901614417979e-04
1.219060063554430219e-04
1.143490806393014419e-04
1.078455176504180765e-04
1.004515242387390663e-04
8.782489690757202074e-05
8.092786897136000342e-05
6.834096179948112245e-05
5.745532621443163177e-05
3.183444569949138038e-08
3.014580396517184599e-08
2.197469988596772979e-08
2.182754202345888012e-08
2.131488126554699393e-08
2.129060070374068143e-08
2.012979909164475062e-08
1.960826319899430767e-08
1.899767372688421296e-08
1.873409195601870467e-08
1.826768925812585795e-08
1.779566859195376230e-08
1.744435599889294272e-08
1.659932407593599682e-08
1.659032643062261652e-08
1.563921573082038522e-08
1.556642247784815207e-08
1.490712367912626314e-08
1.452014882205951043e-08
1.367853980473903368e-08
1.350857431463879763e-08
1.310116384510359149e-08
1.255680144727409076e-08
1.234942365894400501e-08
1.181510921357770520e-08
1.168993232405703509e-08
1.147311418512750888e-08
1.129448817966459367e-08
1.104444384810940215e-08
1.090172801446058777e-08
1.068969701640447828e-08
1.018453772777396855e-08
9.930429708632501449e-09
9.532858332880137743e-09
9.343956144466334660e-09
9.195697113754537384e-09
8.772169380897329295e-09
8.536379555837688730e-09
8.284781898630019531e-09
8.122004886756267416e-09
8.065290738379127140e-09
7.946571012350324877e-09
7.882325364837986694e-09
7.435334747309679504e-09
7.310407224084051464e-09
7.104634278226057555e-09
6.919243546197746522e-09
6.550322427847510247e-09
6.325563710112838609e-09
6.152471028049495905e-09
6.098464074878271798e-09
5.812866843172721129e-09
5.653944653692810794e-09
5.493253198951312429e-09
5.318375039066301502e-09
5.114925323370381810e-09
4.864458533682665823e-09
4.797995954954646978e-09
4.519058331393547570e-09
4.465160054373057741e-09
4.282752401446493076e-09
4.021071535298317688e-09
3.953951183567656311e-09
3.857658000486109931e-09
3.709715820145129126e-09
3.519390144527280247e-09
3.327250065357925852e-09
3.239926948024338931e-09
3.208239126341210298e-09
3.080520281896423673e-09
2.991033829332025248e-09
2.852899244528825297e-09
2.693436431697495154e-09
2.692181086322724952e-09
2.447171846773884881e-09
2.329630967021052465e-09
2.194324761951007668e-09
2.084173416363691057e-09
1.955415965873633392e-09
1.903021928844358814e-09
1.814356692069738312e-09
1.706042381882386887e-09
1.418511240154083108e-09
1.386021696006064768e-09
1.285511676193965065e-09
1.261899632452258157e-09
1.074819706355017016e-09
1.070851830495515476e-09
8.626676364747510431e-10
8.590544903341698938e-10
5.868440190713182583e-10
5.499763804080800438e-10
5.242163901444676340e-10
3.977282644833578329e-10
3.428726334996527514e-10
3.047103043450475824e-10
1.846447321895226006e-10
7.304099705227209004e-11
2.323160737033452838e-11
