2.853522134460550141e+00
1.820442045670886744e+00
1.041137896939704710e+00
9.566762356539135759e-01
5.788505849205207721e-01
4.224033248340004487e-01
4.019512185128580883e-01
3.388357877956315045e-01
2.405993658840523131e-01
2.002463056285477272e-01
1.572503191734435368e-01
1.520866718874712975e-01
1.250763633454769763e-01
1.130186394481540735e-01
9.565309893645354555e-02
9.253836239884037640e-02
9.050382062601572408e-02
6.938852005085481556e-02
6.503397758006478069e-02
6.018808625557485470e-02
4.546539594960334607e-02
4.203432794220328395e-02
3.863581451623294971e-02
3.767897471401605858e-02
3.518996818597383558e-02
2.999180444177207069e-02
2.671713737815261183e-02
2.573169575068585957e-02
2.379953879684986243e-02
2.072159259798397185e-02
1.869957723655265788e-02
1.822482534137442184e-02
1.509937754345750012e-02
1.449728190290656624e-02
1.302471804213933999e-02
1.154306342228518349e-02
1.025757921263196169e-02
1.000343804376538880e-02
8.885457440615323124e-03
8.607363343310740766e-03
8.069468896684339407e-03
7.380271718963644575e-03
6.736739268740580405e-03
6.458635272935148337e-03
6.014584470503240438e-03
5.428550704482943204e-03
5.136061216893129250e-03
4.507420042479760858e-03
4.355102607120043059e-03
4.266381686258508867e-03
4.111080320567386467e-03
3.753004528997357092e-03
3.700709761970489252e-03
3.435349771677437963e-03
3.305465286391509952e-03
2.974725460000235931e-03
2.846101201662920056e-03
2.725347840188073554e-03
2.524547693923801916e-03
2.280155732634405689e-03
2.248811191628524980e-03
2.143157850361085068e-03
1.993185719886106638e-03
1.881362655714400017e-03
1.830878538026933745e-03
1.777335028407355140e-03
1.695560279418700236e-03
1.548316899895804677e-03
1.518636260739175334e-03
1.420899554413274611e-03
1.283953336275983409e-03
1.255884494628335332e-03
1.198316370829877924e-03
1.114498148182248381e-03
1.068863354803374372e-03
1.021935025023637967e-03
9.662972445123288630e-04
9.250856790216057312e-04
8.800211301328636146e-04
8.632536530162256442e-04
8.152282639930896312e-04
7.573412535032631116e-04
7.262841098423803094e-04
6.940744082874189926e-04
6.526893539550853189e-04
5.922232120268609238e-04
5.701458988617946581e-04
5.638688382869301357e-04
5.281464806841535678e-04
5.133004559828671957e-04
4.761311251494433519e-04
4.556122400473796934e-04
4.149659535408506579e-04
4.015678345188375235e-04
3.873671738131514324e-04
3.603749256221453943e-04
3.305010976770025801e-04
3.148986250121443950e-04
3.034014914714899336e-04
2.850216232444432985e-04
2.795382747406666515e-04
2.710938385968364233e-04
2.601230768563253027e-04
2.452647889759025971e-04
2.414586458384517333e-04
2.170511062414275268e-04
2.124173213853192187e-04
2.003656166390079321e-04
1.924243572402245571e-04
1.851324398572241458e-04
1.685624342970989649e-04
1.616928362500027669e-04
1.420571183582577501e-04
1.398694031635897104e-04
1.296850988878123429e-04
1.285918286348313269e-04
1.252046273126247950e-04
1.206901977671629686e-04
1.130839237520410206e-04
1.104977688622944517e-04
9.843230297473989628e-05
9.371187167661365917e-05
8.792845646483675654e-05
8.107181119033263531e-05
7.911036135041869647e-05
7.143710875239601878e-05
6.812570917426277360e-05
6.592033889920956389e-05
6.432490954910626826e-05
5.934960840279529689e-05
5.674447980885657038e-05
5.421511610714188780e-05
5.120194228738097586e-05
4.694940147051015041e-05
4.579131565652739476e-05
4.123974290593910728e-05
3.798806183927729983e-05
3.740327490905415354e-05
3.581939534252007049e-05
3.425795924280718917e-05
3.087077010034915256e-05
2.973594844184436484e-05
2.757917260172572277e-05
2.543881254405917292e-05
2.350355687506971007e-05
2.164779749364235991e-05
2.089854740196834352e-05
1.926166683605471508e-05
1.848343075933454267e-05
1.532302309515203744e-05
1.441796840419332512e-05
1.361283004893251390e-05
1.325045999021899734e-05
1.224078191617496039e-05
1.081292317092424618e-05
1.044556419371540870e-05
9.817528739964105378e-06
9.239908686200887201e-06
9.062929204311280938e-06
8.487359045207555077e-06
7.788473145755762123e-06
7.422780934726380706e-06
7.224696603525176634e-06
6.825006130978901456e-06
5.759113906887087328e-06
5.645919637066549256e-06
5.328908546247053468e-06
4.610801525877448518e-06
4.087485434018276148e-06
4.033095973406181183e-06
3.601942674034456226e-06
3.324226559334833574e-06
3.170543704243307782e-06
2.844446693928907686e-06
2.732836486603083981e-06
2.290886886349405354e-06
2.259637846390885586e-06
1.954599604072941540e-06
1.873057634387583813e-06
1.620408787757524206e-06
1.315908945737298049e-06
1.226710886257164856e-06
1.163486548431526516e-06
1.000439017473654430e-06
7.550751318190051319e-07
4.670548599565600649e-07
3.264492392009962139e-07
2.357112775954079776e-07
2.256914419445961517e-07
2.123805274550042675e-07
1.801865034271998968e-07
1.681544284719258911e-07
1.659045810649510069e-07
1.615467640806842837e-07
1.563168462013857426e-07
1.537325817974064049e-07
1.489609645987677043e-07
1.378953042414961302e-07
1.373825016563144495e-07
1.277237338570053014e-07
1.232557321966589309e-07
1.161731702768277830e-07
1.157652303366429401e-07
1.148436803197410242e-07
1.131181333142817682e-07
1.075557241157083850e-07
1.069392362582817048e-07
1.030215149498089786e-07
9.997367628279660876e-08
9.899895607829509126e-08
9.790194634172010476e-08
9.414023498575257500e-08
9.270146890428328975e-08
8.609966795005881510e-08
8.383086878206467547e-08
7.838619459317172041e-08
7.822913707848244578e-08
7.494800149980427847e-08
7.349610964987977875e-08
7.185146401177615512e-08
7.019807561082457345e-08
7.018429794429429328e-08
6.459660181015656176e-08
6.437059181873688503e-08
6.345308524619659445e-08
6.228688806253667860e-08
6.069039897153226915e-08
6.033941084827496244e-08
5.947071847598109854e-08
5.707389916709513213e-08
5.353066070816758211e-08
5.316024101557127298e-08
5.112497313645567525e-08
5.013053546572226725e-08
5.002003625077508780e-08
4.935638954638585234e-08
4.896673655492082358e-08
4.846251483445999965e-08
4.435047536541478392e-08
4.303883367743381877e-08
4.226313010974374038e-08
4.185007675347565545e-08
4.027844023595543336e-08
3.935124532658811927e-08
3.910667254113363769e-08
3.902960567420774200e-08
3.777150644927728371e-08
3.751214650492672814e-08
3.711836187711535001e-08
3.602351193348376869e-08
3.401644301493748286e-08
3.373504837611924893e-08
3.065736625176677138e-08
2.860454977451425676e-08
2.840305036981196660e-08
2.745488852841143640e-08
2.678903434015501156e-08
2.572417909898457800e-08
2.471186439915050171e-08
2.360409925793257953e-08
2.222560782810662513e-08
2.180899416499317558e-08
2.158146583246230219e-08
2.062426418967294595e-08
1.924510568204413589e-08
1.861260943858462106e-08
1.805799464637694007e-08
1.645570299244772507e-08
1.579066654232160100e-08
1.578543096101763842e-08
1.513266269139079742e-08
1.374601728145534192e-08
1.352662868169009250e-08
1.240733584246403245e-08
1.211208397195608395e-08
1.053425294004923623e-08
1.034886991032667541e-08
9.719551888049612285e-09
9.578194582646886267e-09
8.711064842960998424e-09
8.116117581021233321e-09
7.981951467821174689e-09
6.315067969988300817e-09
5.680041170873001251e-09
5.314947353255093557e-09
5.240524321097087812e-09
4.662960464538032551e-09
4.111998664505665301e-09
3.889800194736962034e-09
3.661930643921491175e-09
2.628542181174176981e-09
2.315512646883766632e-09
2.220912382565352800e-09
1.413673104916300506e-09
9.656976849201702581e-10
6.973237691637415656e-10
3.949066051246287256e-10
