5.214537620544433594e+00
3.368454933166503906e+00
1.826612353324890137e+00
1.794473290443420410e+00
9.116935133934020996e-01
7.820905447006225586e-01
7.160264253616333008e-01
5.917162299156188965e-01
4.016155004501342773e-01
3.260642588138580322e-01
2.577769160270690918e-01
2.528975307941436768e-01
1.883946061134338379e-01
1.772627830505371094e-01
1.403873860836029053e-01
1.311747431755065918e-01
1.077033802866935730e-01
9.406033903360366821e-02
7.431834191083908081e-02
6.194696575403213501e-02
5.132569745182991028e-02
4.611267894506454468e-02
4.155854135751724243e-02
3.351573646068572998e-02
2.926180884242057800e-02
2.725685387849807739e-02
2.612227387726306915e-02
2.286525070667266846e-02
2.017021737992763519e-02
1.921873725950717926e-02
1.676777377724647522e-02
1.522422581911087036e-02
1.254882384091615677e-02
1.189222652465105057e-02
1.131034735590219498e-02
9.724888019263744354e-03
8.897780440747737885e-03
8.003950119018554688e-03
7.114714477211236954e-03
6.904764100909233093e-03
6.062141153961420059e-03
5.139471963047981262e-03
4.809721373021602631e-03
4.708771128207445145e-03
4.161988850682973862e-03
3.956611733883619308e-03
3.725821385160088539e-03
3.492844291031360626e-03
3.276736708357930183e-03
3.216953249648213387e-03
2.731538843363523483e-03
2.546620322391390800e-03
2.377969678491353989e-03
2.324369968846440315e-03
2.164547797292470932e-03
2.116868738085031509e-03
1.926774741150438786e-03
1.804887200705707073e-03
1.781073515303432941e-03
1.628959202207624912e-03
1.559889060445129871e-03
1.382248010486364365e-03
1.361551228910684586e-03
1.315897214226424694e-03
1.273740897886455059e-03
1.190257957205176353e-03
1.088963355869054794e-03
1.059708767570555210e-03
1.017475849948823452e-03
9.765983559191226959e-04
9.154027793556451797e-04
9.020239231176674366e-04
8.131621289066970348e-04
7.819129386916756630e-04
7.561199599876999855e-04
6.892348174005746841e-04
6.521996110677719116e-04
6.182714132592082024e-04
6.103304913267493248e-04
5.629099323414266109e-04
5.404852563515305519e-04
5.085744778625667095e-04
4.864265793003141880e-04
4.467285179998725653e-04
4.207950551062822342e-04
4.029278643429279327e-04
3.822454891633242369e-04
3.566667437553405762e-04
3.388479526620358229e-04
3.255606861785054207e-04
3.160925116389989853e-04
2.860247041098773479e-04
2.657584263943135738e-04
2.459834213368594646e-04
2.438220544718205929e-04
2.314693410880863667e-04
2.162899181712418795e-04
2.096332464134320617e-04
2.076300879707559943e-04
1.948659482877701521e-04
1.796716387616470456e-04
1.719217107165604830e-04
1.578121009515598416e-04
1.527314161648973823e-04
1.466545509174466133e-04
1.363451010547578335e-04
1.325951889157295227e-04
1.282334415009245276e-04
1.250209024874493480e-04
1.172637566924095154e-04
1.138893130701035261e-04
1.017205504467710853e-04
1.007322207442484796e-04
9.180252527585253119e-05
8.725961379241198301e-05
8.168525528162717819e-05
7.658186950720846653e-05
7.465027010766789317e-05
7.188849849626421928e-05
6.437184492824599147e-05
5.963224975857883692e-05
5.591545414063148201e-05
5.159648208064027131e-05
4.923294545733369887e-05
4.890115087619051337e-05
4.728487692773342133e-05
4.098020144738256931e-05
4.049213384860195220e-05
3.618588743847794831e-05
3.373104846104979515e-05
3.134719736408442259e-05
3.062059840885922313e-05
2.773225605778861791e-05
2.645432505232747644e-05
2.434427915432024747e-05
2.323618173249997199e-05
2.255637991765979677e-05
2.070273694698698819e-05
1.985824565053917468e-05
1.858793984865769744e-05
1.830472319852560759e-05
1.595287176314741373e-05
1.504311785538448021e-05
1.461374176869867370e-05
1.310769312112824991e-05
1.171083476947387680e-05
1.121001059800619259e-05
1.074342526408145204e-05
9.861431863100733608e-06
9.427118129679001868e-06
8.927789167501032352e-06
7.601573543070117012e-06
6.701559414068469778e-06
6.502975338662508875e-06
5.961641818430507556e-06
5.699334906239528209e-06
5.370246981328818947e-06
5.178991159482393414e-06
4.794285359821515158e-06
4.307501512812450528e-06
3.985265720984898508e-06
3.748531298697344027e-06
3.494179281915421598e-06
3.369919113538344391e-06
3.237579221604391932e-06
2.852143779819016345e-06
2.622621650516521186e-06
2.364926331210881472e-06
2.225546040790504776e-06
2.108050239257863723e-06
1.833336682466324419e-06
1.603887653800484259e-06
1.561455519549781457e-06
1.445006205358367879e-06
1.430254087608773261e-06
1.186215172310767230e-06
1.041422137859626673e-06
1.002321823762031272e-06
8.456441946691484191e-07
8.122911481223127339e-07
6.971250172682630364e-07
6.431532710848841816e-07
5.914548069085867610e-07
4.482353404000605224e-07
3.473791707619966473e-07
1.664809161638913793e-07
1.424030955377020291e-07
-1.284363406739430502e-07
1.140222138928947970e-07
-9.783727250578522217e-08
9.097483655295945937e-08
-8.799009520998879452e-08
-8.548735053182099364e-08
-7.567259530105729937e-08
7.398408996550642769e-08
-6.882391545559585211e-08
6.735303514915358392e-08
6.617256076424382627e-08
-6.335373825550050242e-08
-6.123221396592271049e-08
6.010198916328590713e-08
5.984144735293739359e-08
5.578090522817547026e-08
-5.568219307860999834e-08
5.530550595267413883e-08
-5.223488486194582947e-08
4.937006536920307553e-08
-4.820395460569670831e-08
-4.780859086395139457e-08
4.726536673160808277e-08
-4.664333275172793947e-08
4.591347035898252216e-08
4.393451646933499433e-08
-4.255638330619149201e-08
4.217856641730577394e-08
-4.142912857219016587e-08
3.987795338389332755e-08
-3.938872339404042577e-08
3.935686976319630048e-08
-3.862007247334986459e-08
3.754405142331052048e-08
-3.643149426579839201e-08
-3.492294098350612330e-08
-3.429488515394041315e-08
3.398984560476492334e-08
-3.215597033090489276e-08
3.157012073984333256e-08
-3.139973259180806053e-08
3.051061625569673197e-08
3.039696139239822514e-08
-3.001377635314383951e-08
2.895935757862844184e-08
-2.838460133602893620e-08
-2.612020111314450332e-08
2.523636055684619350e-08
-2.519570507786283997e-08
2.423538703055783117e-08
-2.413265853817847528e-08
2.404447130288644985e-08
-2.309589319793303730e-08
2.296786050237642485e-08
-2.248638431012750516e-08
-2.227397111198570201e-08
2.198671111841576931e-08
2.130104448383463023e-08
2.053822178993414127e-08
-1.927126902501186123e-08
1.913438119061083853e-08
-1.899468671240356343e-08
-1.829458895485913672e-08
1.821160822146339342e-08
-1.773240931868258485e-08
1.704184704465205868e-08
-1.703335961167340429e-08
1.632166402032453334e-08
-1.626763257434049592e-08
-1.572337460231665318e-08
1.545360284183061594e-08
1.472611899089315557e-08
-1.466857657561604356e-08
1.284472439522232889e-08
-1.241719882472125391e-08
1.234117696924386109e-08
-1.207977629036349754e-08
1.107301095260027068e-08
1.090672618886401324e-08
-1.075310240850058108e-08
1.045182429493252130e-08
-1.030796425993685261e-08
1.006093075517355828e-08
-9.417768787045588397e-09
9.215908924886662135e-09
-8.860997269266590592e-09
-8.401228157595141965e-09
8.378383320462035044e-09
-7.765846632423745177e-09
-6.831302190590804457e-09
6.642336902729084613e-09
-6.268698449218845781e-09
5.755379284266837203e-09
5.148161452694921536e-09
-5.108339973247666421e-09
4.570565703687634596e-09
-4.529978170353388123e-09
-3.802092418681013442e-09
3.552152572083855375e-09
3.504327716896682432e-09
-2.987021074929430142e-09
-2.568892432108782486e-09
2.380362129628110779e-09
2.122479303423574493e-09
-1.979873154311917460e-09
1.438913432849631135e-09
-1.360302759323417376e-09
-6.895216619895450094e-10
5.112700263154579261e-10
-2.388245157192159240e-10
