3.828428045911863326e-03 1.705305672962241850e-02
4.891625831757753957e-03 1.593476811382037520e-02
6.601456718997825157e-03 1.513670884699235171e-02
3.853931801643003825e-03 2.030042378318436952e-02
5.135123368397008330e-03 1.563170992212387089e-02
4.561664034540848477e-03 1.947137958818555628e-02
8.052072716109859307e-03 1.592788723500489223e-02
6.890652283242861172e-03 1.637653644114268892e-02
7.370829841670141318e-03 1.747318575296223989e-02
2.624536763013219677e-03 1.836807304007634714e-02
4.944374308712891700e-03 2.152169530776268380e-02
2.919904559890819113e-03 1.939032435566853674e-02
5.107601873663454757e-03 1.570294355058349592e-02
1.525091228034058445e-04 1.843093112750598950e-02
4.983675662825173130e-03 2.102425063669065633e-02
1.898231047570697876e-04 1.846566302916516009e-02
2.771870756218336711e-03 1.376324402375667284e-02
3.874638442679414086e-03 1.203869759618842947e-02
4.032404576970989932e-03 2.060682668275754664e-02
6.026238830185589278e-03 1.640503147019927929e-02
3.965732307576528073e-03 2.198278492140721962e-02
5.761183953359024987e-03 5.761183953359024987e-03
0.000000000000000000e+00 1.536489520675160189e-02
3.003532748030098530e-03 2.059326029581091261e-02
2.140857193350866484e-03 2.063925319465519451e-02
3.744796939614642058e-03 1.879384497085301656e-02
4.057847190696045603e-03 1.759870292166945682e-02
4.369402529791793430e-03 1.041200221822411419e-02
2.374426704729426518e-03 1.631793004135446284e-02
4.896132273415019880e-03 1.665787977774061887e-02
3.887969537367596401e-03 1.866630079647301974e-02
3.198383028753605571e-04 1.776311348414804855e-02
2.313082834778981776e-03 2.077117191429724008e-02
4.370017230033373880e-04 2.174510560142290869e-02
5.243010168824436407e-03 1.098420907724224904e-02
5.780781540198520925e-03 1.406007918616188762e-02
1.221142239443436580e-03 2.043615179322517614e-02
5.830942161733001540e-03 1.471167609555184413e-02
2.052460232288336010e-03 2.062474066621663993e-02
5.568524218204257657e-03 1.391317252552419503e-02
4.129779436944334102e-03 1.131041620484333349e-02
7.951722634813520804e-03 1.397579652309021911e-02
5.933327322578948321e-03 2.269569558251871913e-02
5.466547674740564189e-03 2.029941756469733072e-02
5.306369840425203405e-03 1.482995084158041446e-02
4.508482963036604743e-03 2.155633063447504744e-02
5.576135307753414191e-03 1.959211949626371921e-02
2.423982121238202076e-03 1.947850742741302418e-02
4.257576563643520641e-03 1.086373835509777709e-02
3.850151655171067579e-03 1.209936610613833972e-02
7.260097328782778858e-03 7.260097328782778858e-03
4.921102489639466240e-03 4.921102489639466240e-03
2.988574799144621923e-03 1.355202369114197683e-02
6.813903702587686441e-03 1.741476501906783630e-02
4.061364413625170172e-03 2.000428403763982246e-02
6.684242844243716564e-03 1.720498453626309598e-02
1.314324428318022937e-03 1.924497904116526797e-02
4.906832890722842566e-03 2.295099904396211143e-02
2.258470684416423544e-03 1.634359660161740363e-02
1.514346855311677568e-03 2.299649564645267139e-02
4.758488998233331886e-03 1.693050449233970620e-02
6.337036879570943741e-03 1.624309019181977704e-02
1.339268053263416259e-03 1.925627930756531117e-02
4.496079960271637428e-03 1.671853888220281581e-02
1.047020760675188922e-03 2.033781627860612243e-02
4.279964099420808209e-03 1.431623692736720341e-02
1.234658834225374566e-03 2.044328501236342133e-02
4.542564431094763856e-03 1.368629660837361248e-02
4.269679087935882716e-03 1.081787077019492893e-02
4.485565598003143049e-03 2.050541824255853671e-02
6.762881226816100724e-03 1.690548367171261501e-02
2.326611532200400199e-03 1.948105033031802269e-02
5.303918221108096590e-03 1.843288396465688969e-02
1.429767232695895512e-03 1.417642807138880592e-02
3.652295886014074889e-03 1.802098672183238826e-02
2.109860451885525211e-05 1.830413127978643487e-02
1.007594415780495647e-03 2.020537921970120415e-02
1.250247285279805541e-03 1.921472946448033597e-02
1.641162102179024185e-03 1.419825376838273687e-02
4.878458266579231359e-03 1.596455672778197485e-02
1.966633197055549145e-03 1.859328370500415439e-02
5.968486680752503257e-03 1.192980808813034858e-02
3.688501589736546335e-03 1.897719921609741095e-02
2.669559112482015190e-03 1.932596297439408833e-02
1.856208589274941810e-03 1.942929989963712925e-02
2.192662247895848929e-04 1.970977169960937830e-02
0.000000000000000000e+00 1.332600106675778731e-02
5.660430651057531820e-03 2.199289872209695892e-02
3.412569799937442520e-03 1.855917416185620325e-02
7.903395372420333412e-04 1.812262889419253425e-02
1.853998589555073094e-03 2.187396568978084571e-02
5.424490692343206764e-03 1.478399421411907139e-02
5.229051283380657666e-03 1.911504981985655965e-02
2.449567132475334238e-03 2.077708669823932069e-02
3.775326702428749136e-03 1.227624147000540115e-02
2.714095098989299966e-03 1.619185395588000273e-02
5.021459046556328923e-03 1.591680426840786505e-02
4.151868632077225160e-03 1.992159183579619852e-02
5.053424147957689440e-03 1.694457159479692207e-02
7.963803006818124391e-03 7.963803006818124391e-03
