1.299843351065143793e+01
7.578507055493958866e+00
6.157724113317869730e+00
1.255994287062053516e+00
7.960596670263532237e-01
2.873440232786877435e-01
2.162413483028065020e-01
1.900318888097621006e-01
1.342214914939147408e-01
8.898450178132696897e-02
6.262704558337978122e-02
4.970285631361438111e-02
4.068426145315053033e-02
2.750509628674276813e-02
2.406158183264356376e-02
1.851873855860651161e-02
1.651233256127878496e-02
1.510113679416874403e-02
1.395789495525781923e-02
1.305203862256878837e-02
1.169104023562208584e-02
1.026861737589970791e-02
8.259279208089487928e-03
5.882665986701925490e-03
5.705758024865107379e-03
4.987568277309765812e-03
4.471475460908984519e-03
3.881919099389785199e-03
3.339854865847236964e-03
2.846286416789391149e-03
2.516590266120668877e-03
2.342141359487382845e-03
2.161047031860139234e-03
1.963951361185144098e-03
1.900380550846926357e-03
1.781315354074536729e-03
1.646923318551999239e-03
1.420701973665356149e-03
1.265376287581308507e-03
1.130926762739634019e-03
9.849805347053066078e-04
8.967112952008679961e-04
8.838082481699925099e-04
7.744412994363314776e-04
7.120780228054892627e-04
6.986768536419121116e-04
6.203539733460812803e-04
5.840197309442558262e-04
5.727388351463141283e-04
5.255273294158066153e-04
5.086757451125729782e-04
4.651335450010553058e-04
4.305677802855747863e-04
4.018708058108729159e-04
3.707406378138849773e-04
3.527776510967733123e-04
3.087216681266181863e-04
2.963833615338941287e-04
2.818563503967652932e-04
2.628480424460777278e-04
2.526043826145678186e-04
2.270329513144791545e-04
2.242835681206325766e-04
2.171500372738721326e-04
2.118393194818279717e-04
1.921398922024738186e-04
1.883890590466354620e-04
1.718225070835942129e-04
1.705533815214669441e-04
1.637773813119494507e-04
1.609279757926969693e-04
1.587223969801955991e-04
1.504578790745775079e-04
1.457744932553619742e-04
1.400879429873398002e-04
1.379332336290946899e-04
1.278210678009515341e-04
1.212698452551624873e-04
1.173247928179317921e-04
1.117221210498014339e-04
1.073230536787896328e-04
1.066334443670582396e-04
1.026382235374889094e-04
9.328354604703973220e-05
9.155467018240287080e-05
8.863764679444173446e-05
8.555054130911330258e-05
8.246800580426750485e-05
7.775705024392220337e-05
7.484322243923245384e-05
7.348083585286778994e-05
7.140512848094469932e-05
6.930012581827770250e-05
6.747329337612692241e-05
6.578867808838180530e-05
6.457552251322495938e-05
6.273002096960564051e-05
6.216526477225370816e-05
5.976453091663172230e-05
5.916332200920269114e-05
5.691994284764949764e-05
5.616708312444737469e-05
5.451316545906060126e-05
5.299450041652711238e-05
5.201469643481768644e-05
5.133451479392929354e-05
4.852188533433773399e-05
4.730450339916287612e-05
4.608531558573956478e-05
4.536465820095068050e-05
4.355472369445411861e-05
4.270549372083572479e-05
4.177291044843974233e-05
4.055892413277652214e-05
4.044344144761558951e-05
3.938291432884943237e-05
3.894372727198515085e-05
3.823577401373425938e-05
3.707573226378092925e-05
3.634618414296770009e-05
3.564809813020907895e-05
3.526948024548434810e-05
3.441488607522666621e-05
3.252643765397199581e-05
3.222113925396858102e-05
3.185594892911422000e-05
3.111234103640459761e-05
3.055391323752760949e-05
2.965750650836442969e-05
2.939165798738037827e-05
2.837570034866008267e-05
2.806622130132273139e-05
2.791114173709818424e-05
2.742948637354180477e-05
2.668808182094762322e-05
2.570666489467157833e-05
2.527025570710198071e-05
2.497774661911378826e-05
2.451026223806759260e-05
2.358226031699181118e-05
2.288607645944972069e-05
2.284482311633211294e-05
2.231036803941865841e-05
2.217097930071455601e-05
2.139997340728274285e-05
2.123349163494421982e-05
2.063384253951772767e-05
2.014954504742024225e-05
1.986691477688405647e-05
1.937517470463069580e-05
1.886211004651150162e-05
1.856919559225923456e-05
1.844661457650287759e-05
1.761748892497011143e-05
1.724331106704261863e-05
1.704355094619695496e-05
1.660350541467803536e-05
1.658489206573920876e-05
1.614637330512418281e-05
1.575303685478267015e-05
1.568928004377942066e-05
1.501719145934223648e-05
1.466616100963889640e-05
1.453713538165610964e-05
1.433872249669792540e-05
1.382409004640889416e-05
1.350565752897245758e-05
1.338813686415842701e-05
1.306057690867250142e-05
1.268967910372411484e-05
1.255866908862867317e-05
1.224639546039020629e-05
1.206367660085990111e-05
1.161349844841748491e-05
1.133278697522368363e-05
1.118419896381257496e-05
1.105753778615858836e-05
1.089418149613756961e-05
1.052107717338656555e-05
1.035192106416687492e-05
1.010398481429364125e-05
9.735717921962659633e-06
9.520691082189186301e-06
9.361486820320506373e-06
9.207473898689863773e-06
8.885233565510125344e-06
8.780088625134888875e-06
8.630798337848532005e-06
8.483733645087026442e-06
8.284436871808574540e-06
8.259108963978854833e-06
8.040695208192292920e-06
7.908462046484800506e-06
7.765773923037608896e-06
7.383362902938093865e-06
7.218660227113488708e-06
7.064018908036350442e-06
6.899768548828024082e-06
6.807635146492805528e-06
6.534902426476514489e-06
6.400790340323199701e-06
6.265402287941166801e-06
6.111243945662420097e-06
5.994785166293580298e-06
5.844741810497431076e-06
5.681414612806965322e-06
5.569656544097819735e-06
5.483885405373394590e-06
5.453008423618812506e-06
5.251699234229944481e-06
5.122566272280776526e-06
4.956250747412685930e-06
4.807221870182423192e-06
4.728746866376884453e-06
4.513891426207636700e-06
4.476783554824989250e-06
4.437399379785376189e-06
4.220941934031086503e-06
4.070059761186177250e-06
4.004750183919740978e-06
3.956690011706510217e-06
3.824866258309226955e-06
3.711429907628611859e-06
3.681745764954137547e-06
3.582379589149618383e-06
3.423346071611157407e-06
3.310301639346037528e-06
3.233070360492498057e-06
3.030083660853106624e-06
2.977596379917591826e-06
2.885491209539895760e-06
2.863046534903344523e-06
2.773994193779983556e-06
2.734004578335142860e-06
2.634675170467673023e-06
2.620075052791064654e-06
2.510025474865631227e-06
2.354708890695521560e-06
2.273887387763690873e-06
2.190267154712447972e-06
2.148825966462642232e-06
2.076007876054481044e-06
1.956307444848707232e-06
1.945654422060813480e-06
1.926140365066125177e-06
1.870733269546272958e-06
1.841143951966962986e-06
1.768819621299807981e-06
1.732041422229039840e-06
1.588275374749228521e-06
1.532738836775975153e-06
1.468070550384839758e-06
1.382143983175929441e-06
1.347015565064450744e-06
1.302364277010758722e-06
1.263726289920135318e-06
1.201673251945821474e-06
1.193774024975191905e-06
1.122557411336796863e-06
1.115756691316383635e-06
1.078098161138561565e-06
1.065939363686725391e-06
1.010246217278796155e-06
9.725546312758016310e-07
9.312039358562094449e-07
8.786823297603719561e-07
8.521843271014538720e-07
8.289661216756967656e-07
8.074100103443019374e-07
7.645438813956744861e-07
7.208408402201583332e-07
7.129344165552060593e-07
6.317550686616128723e-07
6.230672945340779482e-07
5.721464246537336194e-07
5.542487920099270031e-07
5.528029931779623416e-07
4.784998569427565215e-07
4.636516743964366552e-07
4.611414395827686641e-07
4.201503122811278864e-07
3.914501206090784032e-07
3.277304120801811937e-07
3.267351626929927523e-07
2.946970320201064896e-07
2.845869164823641593e-07
2.327191452244752760e-07
2.075880789590890906e-07
1.881225400168534365e-07
1.485662597158272739e-07
1.349587307540065324e-07
1.280282058857813851e-07
7.182086415245493366e-08
6.111533664190143587e-08
5.457292756551904743e-08
1.346105262503629128e-08
5.019944979555539098e-09
