5.211788558959960938e+01
3.158578872680664062e+01
2.525956726074218750e+01
5.113420486450195312e+00
3.193667173385620117e+00
1.479761362075805664e+00
1.372660517692565918e+00
5.468786358833312988e-01
3.298169672489166260e-01
2.926794886589050293e-01
2.238167673349380493e-01
2.144997268915176392e-01
1.410378962755203247e-01
9.614898264408111572e-02
7.734446972608566284e-02
3.594089671969413757e-02
2.899932488799095154e-02
2.146041765809059143e-02
1.828167773783206940e-02
1.677289791405200958e-02
1.385185122489929199e-02
1.275780983269214630e-02
9.565014392137527466e-03
8.179522119462490082e-03
7.391308899968862534e-03
4.960506223142147064e-03
4.480452742427587509e-03
3.488027025014162064e-03
3.159114392474293709e-03
2.409158740192651749e-03
1.983133144676685333e-03
1.925788237713277340e-03
1.689673983491957188e-03
1.503393403254449368e-03
1.384306582622230053e-03
1.288621453568339348e-03
1.106332638300955296e-03
1.027441699989140034e-03
9.668866405263543129e-04
8.041310939006507397e-04
7.793379481881856918e-04
7.640151889063417912e-04
6.817877874709665775e-04
6.077769794501364231e-04
5.819027428515255451e-04
5.457330844365060329e-04
5.303911748342216015e-04
4.914994933642446995e-04
4.685219028033316135e-04
4.402332415338605642e-04
4.149784508626908064e-04
3.830669156741350889e-04
3.560320474207401276e-04
3.439117863308638334e-04
3.221996594220399857e-04
3.007721388712525368e-04
2.755983732640743256e-04
2.674325951375067234e-04
2.525711315684020519e-04
2.424995764158666134e-04
2.311653224751353264e-04
2.143309975508600473e-04
2.064869768219068646e-04
1.994526828639209270e-04
1.931887672981247306e-04
1.797486183932051063e-04
1.665813906583935022e-04
1.619055110495537519e-04
1.581061223987489939e-04
1.491301663918420672e-04
1.389040407957509160e-04
1.332315732724964619e-04
1.309532963205128908e-04
1.250394270755350590e-04
1.147633374785073102e-04
1.087603814085014164e-04
1.073656530934385955e-04
1.038814516505226493e-04
1.016172609524801373e-04
1.001804776024073362e-04
9.293574839830398560e-05
8.974366210168227553e-05
8.645474008517339826e-05
8.218989387387409806e-05
7.740352157270535827e-05
7.428289973177015781e-05
7.174866186687722802e-05
6.709629087708890438e-05
6.543575000250712037e-05
6.401570135494694114e-05
6.080507955630309880e-05
5.956955283181741834e-05
5.365112883737310767e-05
5.294875882100313902e-05
5.110340862302109599e-05
4.965662446920759976e-05
4.896000609733164310e-05
4.695888492278754711e-05
4.445657395990565419e-05
4.336271740612573922e-05
4.166985672782175243e-05
3.798069519689306617e-05
3.748115705093368888e-05
3.716240098583512008e-05
3.543715502019040287e-05
3.448108691372908652e-05
3.335559449624270201e-05
3.238978388253599405e-05
3.224268584745004773e-05
3.177926919306628406e-05
2.883650267904158682e-05
2.832689642673358321e-05
2.709227373998146504e-05
2.679322278709150851e-05
2.665085776243358850e-05
2.547972144384402782e-05
2.477666930644772947e-05
2.398700780759099871e-05
2.352213414269499481e-05
2.188697544625028968e-05
2.148065868823323399e-05
2.112040419888217002e-05
2.055890581686981022e-05
2.008673072850797325e-05
1.973492908291518688e-05
1.954134859261102974e-05
1.882989818113856018e-05
1.793366391211748123e-05
1.718128078209701926e-05
1.652467290114145726e-05
1.628805875952821225e-05
1.608054662938229740e-05
1.558301119075622410e-05
1.552362482470925897e-05
1.532385431346483529e-05
1.444564077246468514e-05
1.411686935171019286e-05
1.382175287290010601e-05
1.347125271422555670e-05
1.319881994277238846e-05
1.307053935306612402e-05
1.261113811779068783e-05
1.234567207575310022e-05
1.224161678692325950e-05
1.187617453979328275e-05
1.145269470725907013e-05
1.117095325753325596e-05
1.083979532268131152e-05
1.077426441042916849e-05
1.040375627781031653e-05
9.978941307053901255e-06
9.961034265870694071e-06
9.717847206047736108e-06
9.607302672520745546e-06
9.425513781025074422e-06
9.193252481054514647e-06
8.941478881752118468e-06
8.613073987362440675e-06
8.553861334803514183e-06
8.283011084131430835e-06
7.992121027200482786e-06
7.929799721750896424e-06
7.619896223332034424e-06
7.520343388023320585e-06
7.409274530800757930e-06
7.324698344746138901e-06
7.027197625575354323e-06
6.823267995059723035e-06
6.698476681776810437e-06
6.600927918043453246e-06
6.457631570810917765e-06
6.208138984220568091e-06
6.080645562178688124e-06
5.845310624863486737e-06
5.815565145894652233e-06
5.604996658803429455e-06
5.502412022906355560e-06
5.327768576535163447e-06
5.169242740521440282e-06
5.093333584227366373e-06
5.042419616074766964e-06
4.893080131296301261e-06
4.790455932379700243e-06
4.640638962882803753e-06
4.507566245592897758e-06
4.464850462682079524e-06
4.372458079160423949e-06
4.302761226426810026e-06
4.269649252819363028e-06
4.190506388113135472e-06
4.033574441564269364e-06
3.999120963271707296e-06
3.844421371468342841e-06
3.744085461221402511e-06
3.626401621659169905e-06
3.594311010601813905e-06
3.502035724523011595e-06
3.406267524042050354e-06
3.356791694386629388e-06
3.264094630139879882e-06
3.206221208529314026e-06
3.124256863884511404e-06
3.031111646123463288e-06
2.922741259681060910e-06
2.847132464012247510e-06
2.759891685855109245e-06
2.727063929341966286e-06
2.685438175831222907e-06
2.569594926171703264e-06
2.492246949259424582e-06
2.428702373435953632e-06
2.375845269853016362e-06
2.328840764675987884e-06
2.243560174974845722e-06
2.209386138929403387e-06
2.096323669320554473e-06
2.049440126938861795e-06
2.003002691708388738e-06
1.973650114450720139e-06
1.879826868389500305e-06
1.773438953023287468e-06
1.757121822265617084e-06
1.705760610093420837e-06
1.671259497015853412e-06
1.627603978704428300e-06
1.595330445525178220e-06
1.565176262374734506e-06
1.487913436903909314e-06
1.429472035852086265e-06
1.399352299813472200e-06
1.386819235449365806e-06
1.340059156973438803e-06
1.334345597570063546e-06
1.274363057746086270e-06
1.237172568835376296e-06
1.226990775649028365e-06
1.169654751720372587e-06
1.111279289034428075e-06
1.076981789083220065e-06
1.044922896653588396e-06
1.003252577902458142e-06
9.984132702811621130e-07
9.270793270843569189e-07
9.021426876643090509e-07
8.423396025136753451e-07
8.060083018790464848e-07
7.832775281713111326e-07
7.477331109839724377e-07
7.115328344298177399e-07
-7.077459827087295707e-07
6.856276399958005641e-07
6.742155278516293038e-07
6.427774223993765190e-07
6.174312829898553900e-07
5.724207881030451972e-07
5.316940701050043572e-07
5.282781216919829603e-07
-5.079894549453456420e-07
5.026380449635325931e-07
4.781527991326584015e-07
-4.744518662391783437e-07
4.609078700923419092e-07
4.405491154102492146e-07
4.306798473407980055e-07
4.229645469422393944e-07
-4.099615011909918394e-07
4.028587738957867259e-07
3.773591004119225545e-07
3.376071902039257111e-07
-3.286718310846481472e-07
3.196601880972593790e-07
3.179430621003120905e-07
-2.995539034600369632e-07
2.970414527680986794e-07
2.740103468568122480e-07
2.617019276840437669e-07
-2.535346368404134410e-07
2.382128201361410902e-07
-2.049905560852494091e-07
2.036434665342312655e-07
1.855695472841034643e-07
1.842578569721808890e-07
-1.631976118687816779e-07
-1.410801502288450138e-07
1.352820078182048746e-07
-1.338252531013495172e-07
1.053397156169921800e-07
-8.963991859900488635e-08
8.197093137596311863e-08
-6.763575299828517018e-08
6.493213788871798897e-08
5.441952311002751230e-08
-3.239349055661477905e-08
2.953197864030698838e-08
-2.402560816960885859e-08
6.862364010373767087e-09
2.476743254931079719e-09
