3.821784062025963737e-03 1.699123130098147139e-02
5.548941304233948740e-03 1.398942956799253262e-02
6.981758490029517199e-03 1.287079741447452047e-02
4.378355669906788469e-03 1.982461894010618259e-02
4.864732002843723604e-03 1.627338587305048739e-02
6.166764068107717309e-03 1.591657242315996229e-02
8.149626389567919682e-03 1.524538613149882538e-02
6.594385908558122317e-03 1.752610328801456133e-02
7.396677366376490717e-03 1.735846285509958647e-02
2.878259861012602561e-03 1.829067197662705146e-02
4.973936282967407300e-03 1.887542294061697254e-02
2.477000293189499189e-03 1.947514299548255140e-02
4.896594238059479888e-03 1.620408110254379502e-02
3.759942411946500733e-04 1.984880734177706108e-02
5.396532581091064915e-03 2.041765060894568454e-02
3.362994729838757798e-04 1.981447624619261591e-02
3.649275442956742901e-03 1.254763572676819566e-02
4.400899761342114136e-03 1.027217382201020546e-02
4.508796520290037427e-03 2.014995182924302769e-02
6.069716389473852648e-03 1.625958478915060304e-02
3.118713012688727627e-03 2.232687150070233190e-02
5.824877737667097551e-03 5.824877737667097551e-03
1.681497364919378899e-04 1.552624481225911394e-02
3.307894679770389743e-03 2.048940992354764123e-02
2.419253420714288175e-03 2.066233787866547308e-02
3.523128236998090794e-03 1.848152733527559655e-02
3.845448819116847709e-03 1.783681671473954372e-02
4.436094721947048819e-03 1.010828434816510649e-02
2.211664477636539599e-03 1.635156485754548847e-02
4.999451085065277980e-03 1.643554063545997479e-02
3.752414992160309128e-03 1.829295839508169111e-02
2.377996378563606303e-04 1.769076162684544290e-02
1.779529543114839957e-03 1.941113448803489031e-02
4.118810547886961044e-04 1.977171376400837025e-02
4.583429946508939777e-03 1.357521389663519928e-02
5.464219667959679949e-03 9.396153861639019653e-03
1.931893390553597340e-03 2.189736466870207884e-02
5.868401713299056625e-03 1.456490501358524009e-02
2.179469681419718245e-03 2.064451840889296175e-02
5.166330533841102628e-03 1.524280283634025721e-02
4.156394832314450755e-03 1.122265024794292382e-02
7.995515549850347459e-03 1.357486437968735866e-02
5.959241844075388247e-03 2.265354499748534201e-02
5.404385894847285945e-03 2.040462675065609841e-02
5.495178667368796378e-03 1.419168196765497464e-02
4.480488484131922404e-03 2.158278369314241621e-02
5.729441651449096104e-03 1.928086204997953371e-02
2.700884696101538574e-03 2.076559060118490438e-02
4.163191884822856591e-03 1.119981926465404495e-02
3.914676099527394752e-03 1.193636359727694510e-02
7.269438081862579677e-03 7.269438081862579677e-03
4.916762702162211923e-03 4.916762702162211923e-03
3.026695256854881368e-03 1.350963894597236384e-02
6.769984876144221134e-03 1.757676423950233630e-02
3.695470641901357333e-03 2.040853495854947491e-02
6.700719528909214115e-03 1.714372804928257499e-02
1.416854864001206677e-03 1.928971774654073337e-02
3.892947849755652463e-03 2.367973008389677794e-02
2.305553029074354152e-03 2.116244698271285696e-02
1.280590240933403290e-03 2.287480797162682114e-02
4.586513317154683120e-03 1.723692810664917766e-02
6.503722279428371909e-03 1.557646283081794841e-02
1.763569314502238475e-03 2.066472833832941336e-02
5.125120113388979132e-03 1.861473211494305696e-02
2.912438868833548992e-04 1.977478285613950074e-02
4.316571096187465928e-03 1.423632354726792580e-02
3.362994729838757798e-04 1.981447624619261591e-02
4.349198704044705648e-03 1.670722370041275578e-02
4.146178360905780451e-03 1.125664435641984817e-02
5.030460100693154822e-03 1.980617579474112239e-02
6.481948792539932516e-03 1.789975521445558160e-02
7.519884823893001466e-04 1.598030413289282595e-02
5.215353218601826574e-03 1.860391801459339647e-02
1.681497364919378465e-03 1.419909572146489316e-02
3.490879245014758599e-03 1.815304308739713532e-02
0.000000000000000000e+00 1.828312262845219541e-02
3.759942411946500733e-04 1.974122191574385204e-02
6.062724968774402734e-04 1.881496845213501481e-02
4.448823857787099893e-04 1.371589824456468862e-02
4.893706243565810153e-03 1.593003574227180863e-02
2.583165266920551314e-03 1.857436654702989548e-02
6.051054650024987984e-03 1.136182185927474275e-02
4.240575002184017624e-03 1.843209448604584896e-02
1.879971205973250637e-03 1.931496822675402014e-02
3.159246723580602656e-03 2.066599300644216333e-02
0.000000000000000000e+00 1.949961671010448302e-02
0.000000000000000000e+00 1.332600106675778731e-02
5.417449452448619765e-03 2.234785793505234680e-02
3.437829484253807945e-03 1.901876193951458974e-02
3.759942411946500733e-04 1.974122191574385204e-02
1.050094767823370103e-03 2.023104236458920721e-02
5.038883986193044839e-03 1.587462306032942638e-02
5.247780597678234661e-03 1.908147309351676882e-02
2.544567243962824517e-03 2.077619607475112221e-02
3.921892098461612734e-03 1.191749273851628807e-02
2.984361769780443860e-03 1.804021075273424396e-02
4.939711544253564367e-03 1.610776660402872193e-02
4.853093871332253041e-03 1.906667844156973921e-02
5.647428496160317168e-03 1.536504146878808069e-02
8.043113571417539326e-03 8.043113571417539326e-03
