1.922184210573993912e-01
4.540825836243130714e-02
3.256408860703728647e-02
1.629215084524382462e-02
9.863154459664765297e-03
6.253288197039518458e-03
3.827902559925411806e-03
3.240920955058432078e-03
2.654747670096010634e-03
2.238943396171730153e-03
1.515645701327257480e-03
1.447873464798901753e-03
1.240773908820708062e-03
1.171484270063502357e-03
1.133775342710402869e-03
9.472519110333566927e-04
8.875753668862865816e-04
7.858002230729457674e-04
7.387351545197109581e-04
6.084991778464856694e-04
5.662816060197179910e-04
5.557936296451805678e-04
5.008203250645075575e-04
4.534374226497935294e-04
4.023673286508281147e-04
3.629670667957421784e-04
3.495350453715337260e-04
3.160257756716797163e-04
3.100966967874128097e-04
2.817898033071551786e-04
2.636650427374720397e-04
2.442193514421772270e-04
2.270995755763624254e-04
2.028557982985395723e-04
1.993436660153176767e-04
1.911446333164652680e-04
1.702625513611159336e-04
1.659017402045709594e-04
1.541656932854085455e-04
1.484980231052843418e-04
1.427474318731903203e-04
1.300584809253047956e-04
1.248378812600008569e-04
1.178705612604375483e-04
1.142156240312870155e-04
1.110458756787495015e-04
1.051836749008913300e-04
1.024635648645621594e-04
9.686118164925743707e-05
9.465001177303622372e-05
9.048534392838009088e-05
8.868346526454420843e-05
8.727025243139605417e-05
8.351461328559140580e-05
7.915052007757151641e-05
7.439741905848519120e-05
7.171558600217058967e-05
7.086979143173494197e-05
7.014028248082374202e-05
6.555538040078212744e-05
6.166321534888113834e-05
5.887588710197315232e-05
5.820167054680411815e-05
5.549901654564414594e-05
5.452576293588584454e-05
5.220075201289746446e-05
5.040145117901419393e-05
4.858366061599299910e-05
4.641584347745051861e-05
4.426156358181260848e-05
4.378095704570405009e-05
4.154989054370307564e-05
4.071716006097010339e-05
3.889225410513139276e-05
3.866102012493670518e-05
3.782011936106850129e-05
3.645601265881902536e-05
3.540907423855114430e-05
3.468933175071602261e-05
3.291668909615916397e-05
3.200921108310866560e-05
3.138718333270770793e-05
3.033477310232377127e-05
2.939891594853080305e-05
2.906095102952072559e-05
2.799673337831609123e-05
2.667978166579510285e-05
2.615911236419381759e-05
2.572139169063602100e-05
2.415685001218886404e-05
2.384223625253711543e-05
2.333218114205585291e-05
2.266404358823639537e-05
2.230740346595468855e-05
2.158914292604209475e-05
2.053205605531158937e-05
1.945287587655283455e-05
1.906056054974808513e-05
1.877974840624917888e-05
1.788740652345089860e-05
1.761436577797627844e-05
1.678703506092861416e-05
1.660407750359237610e-05
1.594073947781868663e-05
1.527660306062713564e-05
1.476452244510310746e-05
1.434854574408885699e-05
1.429729099400347246e-05
1.381175576570991271e-05
1.352480180179823935e-05
1.315778089355788012e-05
1.298408938142654402e-05
1.282190103946411145e-05
1.231499779354879326e-05
1.193085589295854152e-05
1.163831009446187055e-05
1.116783612358621869e-05
1.104235559703944475e-05
1.042141513984873532e-05
1.027760250539825769e-05
1.012393437113879992e-05
9.991047258500704726e-06
9.863033477980990833e-06
9.516157527817796152e-06
9.181165269095562661e-06
8.864505167240848104e-06
8.766192208147873032e-06
8.645854723884836734e-06
8.380151685152808773e-06
8.206159733426183602e-06
8.046601839604530554e-06
7.967435240904488123e-06
7.803005237290693154e-06
7.491551494343609925e-06
7.089302157061904691e-06
6.959085918449127312e-06
6.862375534290722158e-06
6.742736934070774031e-06
6.589507596433083920e-06
6.352929800827868278e-06
6.297911835739850382e-06
6.176522238612334153e-06
6.060203052628472688e-06
5.846413750958193902e-06
5.800460373528232534e-06
5.645746009688927824e-06
5.326151097476834537e-06
5.096466603394036671e-06
5.033131299706308024e-06
5.011334017589690608e-06
4.862722334478142435e-06
4.783164152630107582e-06
4.517186578335018411e-06
4.490818384258376431e-06
4.448689105259053211e-06
4.321489272843095183e-06
4.300208916580779657e-06
4.175983113648379540e-06
4.092753995734883347e-06
4.000216676085780907e-06
3.963621000467597332e-06
3.942941608695068597e-06
3.764993607499193945e-06
3.704799823161654095e-06
3.612175350116845293e-06
3.474454066993126615e-06
3.409909006321197024e-06
3.301840117936024802e-06
3.219045264425353147e-06
3.192684298597573220e-06
3.099024111867833326e-06
2.972918475695894895e-06
2.938495646042432529e-06
2.864732111962120993e-06
2.768458561320915555e-06
2.751940379977102383e-06
2.685662618731412205e-06
2.626787057309981815e-06
2.549935421734598205e-06
2.496245114225964554e-06
2.453565545965411260e-06
2.422593326064712084e-06
2.275413487419270471e-06
2.246377801542082074e-06
2.228384123444840767e-06
2.154453144325525080e-06
2.053550623018746797e-06
1.999211568752677173e-06
1.995620767528594777e-06
1.947822822690499353e-06
1.925735902527650752e-06
1.839640795693814004e-06
1.807209671349614826e-06
1.734121890417494116e-06
1.724080953444888154e-06
1.695710077258861683e-06
1.652934190708099239e-06
1.590999648676556859e-06
1.563082348409601455e-06
1.491339099032743832e-06
1.458554160570033953e-06
1.410196639977161188e-06
1.339280893296181027e-06
1.310709834406155364e-06
1.275346098875459613e-06
1.259047617635767021e-06
1.237908579506139170e-06
1.208314902794907168e-06
1.186672515512453175e-06
1.142058426422049418e-06
1.106656187946257480e-06
1.081871860878195670e-06
1.036354258917015047e-06
1.023792383355827794e-06
1.010485550803540130e-06
9.542288217594734047e-07
9.124134110117167828e-07
9.030698930333199815e-07
8.825479980135217845e-07
8.697024499058165065e-07
8.554878502682782860e-07
8.055594219546947912e-07
7.884119368056198508e-07
7.620595451613800786e-07
7.340937500915295087e-07
7.131321951910320838e-07
6.696140479554402885e-07
6.574314901996586192e-07
6.377869157362117372e-07
6.225097745827529050e-07
6.121428616359608895e-07
5.627852576428681747e-07
5.511045530582932346e-07
5.436690900262980221e-07
5.160895887427814543e-07
5.091559528912569820e-07
4.900196643417010735e-07
4.723810274394236119e-07
4.634485858116173745e-07
4.376339040379709077e-07
4.136059287189362686e-07
4.060040929259811064e-07
3.981474688050837748e-07
3.825793855835769225e-07
3.666054396747427901e-07
3.565073550653582745e-07
3.370332113636121287e-07
3.157260145203907604e-07
2.934059957142785409e-07
2.859435287545404611e-07
2.539378432773738229e-07
2.490063763322376759e-07
2.382953332266918720e-07
2.262755384324722314e-07
1.991491438029511239e-07
1.959664134996419834e-07
1.845448971478860095e-07
1.697357044779091347e-07
1.605585510214418328e-07
1.577947011599706343e-07
1.424838675084622195e-07
1.369383428821721636e-07
1.269499505351530197e-07
1.220520291492927723e-07
1.121840377265345257e-07
9.948451097201487193e-08
9.162574385708682815e-08
8.875430564289665351e-08
8.691965378547675879e-08
7.595445561461833220e-08
7.001077622767557286e-08
6.349872115783587994e-08
5.618352787274766991e-08
5.425753716728613165e-08
4.691501865050918629e-08
4.288360350922013203e-08
3.985781467512787421e-08
3.099164885664017110e-08
2.896672086889087465e-08
2.638534610547535382e-08
2.196153176251071023e-08
2.047182284514463200e-08
1.551689879727719282e-08
1.294871831157097982e-08
1.056083774984851325e-08
7.897008239419866624e-09
4.970236882130384385e-09
4.624025196025662192e-09
4.046960301535384885e-09
3.265471516524663981e-09
1.271630755086243955e-09
5.225701067755421903e-10
3.280742273754340430e-10
1.480331671342101102e-10
3.543945138394272069e-11
1.480925667369854758e-11
7.281381478086176799e-12
