3.330504298210144043e-01
8.838174492120742798e-02
5.438197404146194458e-02
2.071011252701282501e-02
1.246270071715116501e-02
8.110103197395801544e-03
5.139486864209175110e-03
3.757400205358862877e-03
3.022014396265149117e-03
2.622566418722271919e-03
1.980161527171730995e-03
1.748123555444180965e-03
1.538400887511670589e-03
1.308204373344779015e-03
1.237259828485548496e-03
9.095764835365116596e-04
8.644905756227672100e-04
7.779714069329202175e-04
7.687304168939590454e-04
6.826221360825002193e-04
6.189778796397149563e-04
5.000712699256837368e-04
4.757072601933032274e-04
4.558493092190474272e-04
3.889137587975710630e-04
3.540028701536357403e-04
3.514934214763343334e-04
3.002411976922303438e-04
2.797900524456053972e-04
2.587591880001127720e-04
2.507518802303820848e-04
2.299775369465351105e-04
2.118899283232167363e-04
2.008998126257210970e-04
1.968367869267240167e-04
1.830617839004844427e-04
1.728199713397771120e-04
1.631594932405278087e-04
1.492979499744251370e-04
1.429242402082309127e-04
1.347930519841611385e-04
1.203588253702037036e-04
1.189689428429119289e-04
1.065523829311132431e-04
1.008090403047390282e-04
9.360153489978983998e-05
8.678270387463271618e-05
8.430395246250554919e-05
8.067765156738460064e-05
7.766766066197305918e-05
7.471757271559908986e-05
7.011208072071895003e-05
6.844317977083846927e-05
6.501355528598651290e-05
6.406777538359165192e-05
6.048066279618069530e-05
5.647317084367386997e-05
5.402743772719986737e-05
5.248721208772622049e-05
4.960111255059018731e-05
4.710868233814835548e-05
4.653214637073688209e-05
4.405527943163178861e-05
4.082303712493740022e-05
4.046812318847514689e-05
3.814837691606953740e-05
3.779953840421512723e-05
3.597397881094366312e-05
3.448451752774417400e-05
3.194163218722678721e-05
3.042977732548024505e-05
2.922615931311156601e-05
2.892819247790612280e-05
2.793846033455338329e-05
2.688698259589727968e-05
2.512138962629251182e-05
2.433813460811506957e-05
2.365767613810021430e-05
2.334581586183048785e-05
2.274026883242186159e-05
2.172751555917784572e-05
2.124270940839778632e-05
2.067796049232129008e-05
1.966153104149270803e-05
1.856485323514789343e-05
1.799883466446772218e-05
1.788289046089630574e-05
1.659865120018366724e-05
1.629976031836122274e-05
1.613061613170430064e-05
1.513996085122926161e-05
1.465341756556881592e-05
1.431846794730518013e-05
1.396428979205666110e-05
1.340531707683112472e-05
1.288502335228258744e-05
1.264891943719703704e-05
1.199020789499627426e-05
1.162329954240703955e-05
1.134733702201629058e-05
1.120852812164230272e-05
1.061222246789839119e-05
1.037466699926881120e-05
1.009888546832371503e-05
9.900999430101364851e-06
9.597153621143661439e-06
9.512874385109171271e-06
8.989301022666040808e-06
8.866758435033261776e-06
8.404650543525349349e-06
7.922765689727384597e-06
7.887327228672802448e-06
7.643610842933412641e-06
7.478221050405409187e-06
7.219611234177136794e-06
7.075407211232231930e-06
6.805984412494581193e-06
6.669652975688222796e-06
6.581179604836506769e-06
6.331583790597505867e-06
6.030442364135524258e-06
5.849995886819669977e-06
5.622262506221886724e-06
5.618148861685767770e-06
5.400040663516847417e-06
5.220583261689171195e-06
5.131871603225590661e-06
5.009837423131102696e-06
4.869213171332376078e-06
4.675816398957977071e-06
4.527977580437436700e-06
4.421875928528606892e-06
4.154467205808032304e-06
4.125422947254264727e-06
4.077551238879095763e-06
3.949433903471799567e-06
3.844795173790771514e-06
3.761598236451391131e-06
3.611140073189744726e-06
3.480210580164566636e-06
3.366880719113396481e-06
3.297978764749132097e-06
3.275127937740762718e-06
3.211925786672509275e-06
3.077878773183329031e-06
3.053513864870183170e-06
2.981635816468042322e-06
2.882008402593783103e-06
2.787844778140424751e-06
2.756543381110532209e-06
2.688688482521683909e-06
2.553984586484148167e-06
2.506923465261934325e-06
2.416674306005006656e-06
2.388460870861308649e-06
2.303622977706254460e-06
2.255568460896029137e-06
2.205665396104450338e-06
2.159402129109366797e-06
2.101022801070939749e-06
2.047391262749442831e-06
2.038615775745711289e-06
1.976610747078666463e-06
1.904564669530373067e-06
1.843753466346242931e-06
1.806176442187279463e-06
1.760151462804060429e-06
1.734696070343488827e-06
1.690377871454984415e-06
1.649782461754512042e-06
1.643236828385852277e-06
1.587613951414823532e-06
1.558600729367753956e-06
1.541450842523772735e-06
1.480273681409016717e-06
1.411454832123126835e-06
1.402100338054879103e-06
1.293468926633067895e-06
1.278806621485273354e-06
1.254564722330542281e-06
1.208127287100069225e-06
1.198593395201896783e-06
1.184915618068771437e-06
1.153382754637277685e-06
1.126840516008087434e-06
1.091443550649273675e-06
1.086441670850035734e-06
1.076642092812107876e-06
1.044268969963013660e-06
9.981674793380079791e-07
9.591199159331154078e-07
9.421638651474495418e-07
9.300611623075383250e-07
8.880305699676682707e-07
8.679339771333616227e-07
8.527280783710011747e-07
8.187403750525845680e-07
7.860608661758305971e-07
7.768229011162475217e-07
7.498226182178768795e-07
7.286944310180842876e-07
7.051431225590931717e-07
6.795113449697964825e-07
6.678456543340871576e-07
6.585779601664398797e-07
6.489353268079867121e-07
6.418251814466202632e-07
6.108380716796091292e-07
6.036086688254727051e-07
5.896991410736518446e-07
5.732679824177466799e-07
5.587990585809166078e-07
5.459500584947818425e-07
5.315487214829772711e-07
5.031674277233832981e-07
4.887925797447678633e-07
4.730635794203408295e-07
4.462465881260868628e-07
4.314974830776918679e-07
4.275464959846431157e-07
4.187912736597354524e-07
4.119571599403570872e-07
3.941813702112995088e-07
3.917651554274925729e-07
3.827830710179114249e-07
3.639325427684525494e-07
3.513737283356022090e-07
3.305755456040060380e-07
3.260199150645348709e-07
3.176868688115064288e-07
3.053739590086479438e-07
2.838660861925745849e-07
2.808148451549641322e-07
2.667553360424790299e-07
2.623260115797165781e-07
2.553663307480746880e-07
2.464494741616363171e-07
2.372662635252709151e-07
2.320232681540801423e-07
2.214425904867312056e-07
2.107405236984050134e-07
1.934702140715671703e-07
1.903647728340729373e-07
1.836896643681029673e-07
1.795509234625569661e-07
1.755420413473984809e-07
1.670630922490090597e-07
1.607230188938046922e-07
1.581381781079471693e-07
1.403109592956752749e-07
1.320305642593666562e-07
1.300633414302865276e-07
1.207656765700448886e-07
1.156427913429070031e-07
1.084497185388499929e-07
1.011803050232629175e-07
9.687425972515484318e-08
9.247400356571233715e-08
8.944400065047375392e-08
8.440679266641382128e-08
7.295061266177071957e-08
6.836207688820650219e-08
6.571067245886297314e-08
6.322331813635173603e-08
6.096436777625058312e-08
5.591512319824687438e-08
5.188532270494761178e-08
4.720711288541679096e-08
4.330004799157904927e-08
4.214216886566646281e-08
3.739761567089772143e-08
3.345574128843509243e-08
3.205329690558755829e-08
2.822836897564684477e-08
2.766197582104723551e-08
2.283952760251395375e-08
2.211724314804541791e-08
1.922932213460626372e-08
1.719665831956262991e-08
1.540286298506998719e-08
1.271691552062748087e-08
1.086677592354590161e-08
8.554844832531216525e-09
7.789714651096346643e-09
6.907852956317128701e-09
6.190830958985316101e-09
5.360819343991352071e-09
3.214518873306815294e-09
3.070244503078356502e-09
2.297442902587931712e-09
1.938806004631032920e-09
1.121032378037511990e-09
8.996208222811219457e-10
3.137548831855241360e-10
-1.043775899045584765e-10
9.084282631688367360e-11
4.753083343578268227e-11
