5.853502576933972135e-01
3.037938962644793350e-01
1.052224142312949973e-01
8.008754097095606428e-02
5.246023129557825238e-02
4.200611709299294921e-02
3.369528391043652427e-02
3.202257194442568317e-02
2.244775919635756331e-02
2.012675551036317151e-02
1.390680686503751110e-02
1.231965335222972614e-02
7.760439360538419484e-03
7.510373637202087845e-03
5.864036624214537252e-03
5.639080038012550880e-03
4.763169957201661073e-03
4.084405208165471125e-03
3.595164865802042559e-03
3.291253024184520332e-03
2.781013522411683071e-03
2.609805499327354401e-03
2.446853242864113504e-03
2.168663825514191654e-03
2.118605437571678945e-03
1.844777297685437634e-03
1.839426531806936937e-03
1.680926443817277538e-03
1.559856790725030898e-03
1.471671192656024947e-03
1.321859857614214769e-03
1.201449809673003823e-03
9.903309046409793006e-04
9.159470785496491704e-04
8.854970804469665347e-04
7.855359159512452635e-04
7.743141638639980135e-04
7.257371555283361484e-04
6.860733574762435281e-04
6.372662724805794885e-04
5.872531032980296724e-04
5.692607133361418182e-04
5.306666715572654763e-04
4.683453554244970739e-04
4.532011229642010229e-04
4.242968925587121661e-04
4.036848383281115937e-04
3.804065910244981306e-04
3.538018752764956467e-04
3.432973616141786542e-04
3.279054338019705538e-04
3.139062031707996010e-04
2.992269952555480441e-04
2.789398395280436212e-04
2.588127123462412673e-04
2.436907244848009744e-04
2.336161558549997984e-04
2.228792541710100498e-04
2.187126872676066513e-04
2.077073690634347698e-04
2.014567563790543641e-04
1.895773702324746602e-04
1.764316025892016056e-04
1.728825660273980100e-04
1.602564441396974913e-04
1.511311283687872392e-04
1.474888047971879390e-04
1.458314678089625679e-04
1.342557303489033791e-04
1.331609393713799772e-04
1.267735555583258792e-04
1.246014291932018747e-04
1.106093318548782779e-04
1.081750922555281005e-04
1.052916931474499922e-04
1.015069082971084791e-04
9.971479893864759443e-05
9.574091526889466587e-05
8.854930120335382561e-05
8.457934265649872014e-05
8.307498248562543289e-05
7.789155567346210836e-05
7.548365523958812829e-05
7.348753661723207774e-05
7.253271120151955434e-05
6.954303684786081684e-05
6.540302225188841215e-05
6.470731574037282788e-05
6.362366544162579034e-05
6.064877659457703599e-05
5.938050597659814137e-05
5.673528831304817060e-05
5.488507462502858277e-05
5.431588844304631577e-05
5.350120486600221581e-05
5.174076152690737279e-05
4.994948311363158432e-05
4.594497369142824556e-05
4.269749153439115292e-05
4.221831884442173903e-05
4.120542402912630113e-05
3.904866264949582484e-05
3.720697839881588617e-05
3.559576787027134224e-05
3.489409341970501108e-05
3.463352919678747735e-05
3.350389633612818466e-05
3.285222477329892161e-05
3.133731640456459872e-05
3.034108325386743294e-05
2.966323788524716264e-05
2.905344119291574243e-05
2.808999576105336029e-05
2.751482975050952685e-05
2.643517855061814864e-05
2.593063861563653209e-05
2.525969095927379205e-05
2.373059077077410557e-05
2.331123884700985236e-05
2.225447168757785563e-05
2.180542930436444953e-05
2.139162860105093059e-05
2.072825330182787574e-05
1.978036970622620478e-05
1.963283420961173926e-05
1.925641774346455572e-05
1.853514697631070433e-05
1.765871834952208102e-05
1.710262350432373608e-05
1.676151543382983132e-05
1.631809287392974695e-05
1.573190615338008981e-05
1.548475599539693244e-05
1.455898149173317536e-05
1.434738083246372087e-05
1.398977128849183255e-05
1.370528520545676538e-05
1.345640457091913227e-05
1.315931332621568149e-05
1.270419895539560078e-05
1.202842638581556843e-05
1.193156099563264330e-05
1.132198468551689382e-05
1.102523060671857466e-05
1.071525087035714171e-05
1.029643304165823280e-05
1.013023524886572948e-05
9.983014962462982944e-06
9.384131927423736654e-06
9.234928951591897276e-06
9.153795160950251267e-06
8.921715383684155354e-06
8.397212400371214651e-06
8.347048248453899102e-06
8.106133157356379038e-06
7.957954571066314564e-06
7.588950797922412762e-06
7.356376553732419605e-06
6.966875290827237887e-06
6.889234616115612623e-06
6.564327255536008656e-06
6.408773112759780328e-06
6.361005519081867394e-06
6.185083472559534350e-06
5.901199957728738111e-06
5.682907882313283444e-06
5.463566627416334316e-06
5.348261302910806607e-06
5.018583358727437496e-06
4.985570599483158535e-06
4.742076443954753598e-06
4.682202633385324136e-06
4.521102837249662776e-06
4.438929665906199370e-06
4.275687601005202277e-06
4.143750917937125670e-06
4.041461960296196671e-06
3.816773725464370471e-06
3.788803324381506425e-06
3.705269455516562374e-06
3.572222052869940345e-06
3.494611019889236596e-06
3.416789674216858295e-06
3.354963535664596058e-06
3.277879234258672687e-06
3.101886411316386124e-06
2.974561508273102473e-06
2.795293980644110875e-06
2.679533561631344914e-06
2.607371536283066441e-06
2.563976286303705028e-06
2.374153001922693895e-06
2.322394171620669449e-06
2.253663358457110624e-06
2.158293611603448673e-06
2.126455251698251904e-06
2.002789800334359022e-06
1.940681252994711103e-06
1.903794983369275660e-06
1.830300400328538504e-06
1.807552324688496883e-06
1.738071491437204480e-06
1.687029688920670411e-06
1.549249409680225379e-06
1.513249352497103791e-06
1.417176506850316331e-06
1.339692356879391588e-06
1.273901351627359951e-06
1.215128581883352916e-06
1.175259317143473737e-06
1.112741791383878755e-06
1.053196270011448871e-06
1.024338676140590940e-06
9.893644100897910736e-07
9.073233216271747238e-07
8.569747667649099869e-07
8.386496081730222187e-07
7.921523892298265017e-07
7.769534721344258499e-07
7.174322414164862745e-07
6.263262976808810141e-07
6.135169543333553410e-07
5.858030699669288530e-07
4.880826213149846519e-07
4.643432230527256098e-07
4.384245828298997231e-07
3.950441405844167928e-07
3.796118475063407571e-07
3.466198719029994033e-07
3.136608802361461486e-07
2.494873267906662206e-07
2.277399384065455993e-07
2.164364687328312242e-07
1.837009207796202016e-07
1.598429838637324684e-07
7.480184993722897791e-09
4.715532403310963789e-09
4.529074656674629745e-09
4.447782944430934384e-09
4.320504920806654247e-09
3.949781650361001980e-09
3.797616371643521978e-09
3.785258471007008669e-09
3.157850274345862566e-09
3.157116603457703162e-09
2.995327922224782157e-09
2.994630424531802702e-09
2.883663173650920250e-09
2.763153271608216753e-09
2.613622797645408446e-09
2.561788635079735579e-09
2.398126570053933099e-09
2.352194259250052284e-09
2.269552085141063626e-09
2.252790419329581531e-09
1.980520252856951326e-09
1.937309735710266865e-09
1.868268456910575917e-09
1.851867754080380056e-09
1.752105859139541937e-09
1.590053624368088422e-09
1.517421952324964116e-09
1.499259014808593412e-09
1.448504157361147885e-09
1.430555457119148417e-09
1.324874986575288314e-09
1.226899235839883187e-09
1.226080728562771736e-09
1.176271994604108678e-09
1.136680599338466268e-09
1.131462776643679216e-09
9.600642599404087144e-10
9.173243213408853165e-10
8.723956841740454925e-10
8.563499480315412663e-10
8.414055719383133116e-10
7.640179418343984702e-10
6.842714696093314774e-10
6.603420501165028561e-10
5.656185285853531560e-10
5.482733451123268064e-10
5.170611067814048264e-10
4.642651725143820778e-10
4.467561542049166324e-10
4.360374152828683058e-10
3.459361240209195090e-10
3.259477438960191958e-10
2.900065447024674549e-10
2.409658968611297127e-10
1.926240759490702863e-10
1.710836667759448147e-10
1.618644887317909747e-10
1.235714922960381198e-10
1.202223893702224438e-10
7.609993937947370517e-11
2.503966963591246134e-11
2.423603877767207640e-12
