1.080895662307739258e+00
4.674470424652099609e-01
1.701453477144241333e-01
1.063751056790351868e-01
6.128083541989326477e-02
4.949964210391044617e-02
4.744389280676841736e-02
3.704689443111419678e-02
2.560341730713844299e-02
2.232514880597591400e-02
1.670533604919910431e-02
1.414460688829421997e-02
9.998106397688388824e-03
7.962768897414207458e-03
5.672165192663669586e-03
5.197565536946058273e-03
3.970246296375989914e-03
3.790672868490219116e-03
3.360756905749440193e-03
2.735088579356670380e-03
2.626701258122920990e-03
2.415881259366869926e-03
2.169454703107476234e-03
2.008332405239343643e-03
1.924582524225115776e-03
1.807722845114767551e-03
1.570826978422701359e-03
1.307243946939706802e-03
1.229272107593715191e-03
1.080708112567663193e-03
1.018987270072102547e-03
9.732855833135545254e-04
8.799011702649295330e-04
8.086979505605995655e-04
7.410775288008153439e-04
7.148246513679623604e-04
6.770274485461413860e-04
6.471950910054147243e-04
5.989740602672100067e-04
5.477892700582742691e-04
5.081460112705826759e-04
4.970210720784962177e-04
4.825456708204001188e-04
4.415158473420888186e-04
3.965708019677549601e-04
3.820374549832195044e-04
3.652844170574098825e-04
3.256926138419657946e-04
3.082853218074887991e-04
3.044760087504982948e-04
2.877345832530409098e-04
2.667023800313472748e-04
2.368730783928185701e-04
2.234067942481487989e-04
2.172896784031763673e-04
1.905374083435162902e-04
1.825814542826265097e-04
1.739056460792198777e-04
1.657089887885376811e-04
1.558249641675502062e-04
1.531085290480405092e-04
1.447125978302210569e-04
1.370352256344631314e-04
1.288508065044879913e-04
1.218614270328544080e-04
1.143098561442457139e-04
1.097034401027485728e-04
1.011440472211688757e-04
9.895161929307505488e-05
9.652183507569134235e-05
9.268857684219256043e-05
9.151030826615169644e-05
8.545260061509907246e-05
8.321217319462448359e-05
7.854273280827328563e-05
7.355816342169418931e-05
7.016591553110629320e-05
6.737606599926948547e-05
6.432228110497817397e-05
5.978352419333532453e-05
5.855210110894404352e-05
5.618283103103749454e-05
5.379359572543762624e-05
5.253696872387081385e-05
5.078843241790309548e-05
5.038685412728227675e-05
4.903677836409769952e-05
4.710852954303845763e-05
4.351730240159668028e-05
4.245293894200585783e-05
4.153958434471860528e-05
3.902886237483471632e-05
3.691742313094437122e-05
3.520837344694882631e-05
3.387227116036228836e-05
3.275815470260567963e-05
3.168450712109915912e-05
3.077016663155518472e-05
2.919529106293339282e-05
2.715789923968259245e-05
2.667429362190887332e-05
2.513844628992956132e-05
2.408944419585168362e-05
2.346744804526679218e-05
2.281116030644625425e-05
2.187761492677964270e-05
2.147430859622545540e-05
1.981323111976962537e-05
1.957447238964959979e-05
1.927821540448348969e-05
1.910422361106611788e-05
1.756563142407685518e-05
1.713004166958853602e-05
1.648742181714624166e-05
1.638259527680929750e-05
1.549911576148588210e-05
1.495326523581752554e-05
1.452698325010715052e-05
1.376619366055820137e-05
1.338270885753445327e-05
1.268685264221858233e-05
1.249506567546632141e-05
1.221435104525880888e-05
1.187764974019955844e-05
1.121602053899550810e-05
1.078225432138424367e-05
1.040398456098046154e-05
1.006441652862122282e-05
9.812021744437515736e-06
9.668092388892546296e-06
9.234622666554059833e-06
9.172414138447493315e-06
8.919828360376413912e-06
8.692923074704594910e-06
8.288693607028108090e-06
8.222208634833805263e-06
7.884957085479982197e-06
7.666324563615489751e-06
7.492970325984060764e-06
7.216196536319330335e-06
7.011764409980969504e-06
6.704429779347265139e-06
6.275280156842200086e-06
6.061799012968549505e-06
5.882909135834779590e-06
5.559649707720382139e-06
5.426833922683726996e-06
5.267324922897387296e-06
5.212621090322500095e-06
5.065776349510997534e-06
4.911994892609072849e-06
4.766613074025372043e-06
4.709588665718911216e-06
4.443901616468792781e-06
4.332556727604242042e-06
4.241288934281328693e-06
4.152978817728580907e-06
4.019721927761565894e-06
3.905953690264141187e-06
3.700175966514507309e-06
3.638193675215006806e-06
3.530539061102899723e-06
3.463170969553175382e-06
3.274231630712165497e-06
3.231273694837000221e-06
3.122189127680030651e-06
2.980310910061234608e-06
2.885550884457188658e-06
2.740339141382719390e-06
2.680780653463443741e-06
2.601603227958548814e-06
2.472784672136185691e-06
2.392554051766637713e-06
2.340869514227961190e-06
2.228851371910423040e-06
2.153787590941647068e-06
2.062242174361017533e-06
2.058864311038632877e-06
1.941452183018554933e-06
1.925696778926067054e-06
1.890791395453561563e-06
1.811834863474359736e-06
1.700924030956230126e-06
1.681375920270511415e-06
1.638197090869653039e-06
1.618844862605328672e-06
1.513044026069110259e-06
1.443039309378946200e-06
1.407910872330830898e-06
1.328611801909573842e-06
1.272236204385990277e-06
1.200099745801708195e-06
1.171019448520382866e-06
1.129815586864424404e-06
1.097046492759545799e-06
1.073847784027748276e-06
1.009304696708568372e-06
9.562104423821438104e-07
9.374039677823020611e-07
9.142758017333108000e-07
8.924691314859956037e-07
8.226458589888352435e-07
7.911139050520432647e-07
7.455968784597644117e-07
7.161235657804354560e-07
6.869789217489596922e-07
6.379409001056046691e-07
6.122224363025452476e-07
5.993318268338043708e-07
5.820602950734610204e-07
5.568898018282197881e-07
5.195831818127771839e-07
5.068603172730945516e-07
4.758314275932207238e-07
4.470019803193281405e-07
4.142124510053690756e-07
3.998759154910658253e-07
3.761120694889541483e-07
3.634239931216143304e-07
3.444655192197387805e-07
3.316146717224910390e-07
3.149922349621192552e-07
2.785268407023977488e-07
2.569648529515689006e-07
2.363429274510053801e-07
2.219449868334777420e-07
2.034258841376868077e-07
1.987909286071953829e-07
1.849721655844405177e-07
1.578874844199162908e-07
1.296650111726194154e-07
1.256344717148749623e-07
1.168445606936074910e-07
1.082789964357289136e-07
7.828001713505727821e-08
-4.032910005946632737e-09
3.917525415175759917e-09
-3.195918196752245422e-09
-2.997198045306959102e-09
2.637742468891701719e-09
2.265041709748061294e-09
2.087684469742612237e-09
-2.038179180985366656e-09
-1.908334157363356098e-09
1.837313634567294685e-09
-1.748224232045458848e-09
1.731387699877018349e-09
-1.631190182926900434e-09
1.524071424618966830e-09
-1.523007941983678393e-09
1.462408194541353623e-09
-1.412989059090818955e-09
1.358147594388015023e-09
-1.295907492426806584e-09
1.234194524357690170e-09
-1.190526566219318738e-09
1.148004802331570318e-09
-1.122422044197435298e-09
1.077247180347740141e-09
1.032196328409895614e-09
-1.025522111675059023e-09
-9.684663071496402154e-10
8.631507730783027910e-10
-8.441655152680027641e-10
8.158095865518077972e-10
-7.819504488359996230e-10
7.543338176319025479e-10
-7.357212616909691860e-10
-6.809427466336614998e-10
6.587613232689193410e-10
-6.461027823867482311e-10
6.226358317817926036e-10
-5.773422850907650172e-10
5.432659877513401625e-10
-5.228023014502980459e-10
5.175114226041443999e-10
-4.621010518679469214e-10
4.496649441687594617e-10
4.287804278302331795e-10
-4.012694343469291880e-10
3.637266043909903601e-10
-3.168006690312807905e-10
2.966477896659824864e-10
-2.797893583483812563e-10
-2.731109227660510896e-10
-2.487147710006354373e-10
2.344344163240918988e-10
2.094890788617576050e-10
1.871579696777203594e-10
-1.597237619943570053e-10
1.381320752225079218e-10
1.339612865081107884e-10
9.234226577836679439e-11
-6.324904489041216493e-11
6.008459008111088906e-11
3.137277937437232822e-11
-5.149696641337797587e-12
