3.778848508505781335e-03 1.711257466873898278e-02
5.689328381141869374e-03 1.340840126236480905e-02
6.649253784581036358e-03 1.490580953536336552e-02
3.795158550441153026e-03 2.034233148703546920e-02
4.782020049867333894e-03 1.644620093140806982e-02
4.733467348751468559e-03 1.924207844913027737e-02
7.971077913326579320e-03 1.643381380518355028e-02
6.243769018543724424e-03 1.657818177827628109e-02
6.824683890432303203e-03 1.944781968009849649e-02
3.133275316759609463e-03 1.817371365486691870e-02
5.222315026198435725e-03 1.843361075420786935e-02
2.306717774958949672e-03 1.948099653262288025e-02
4.779743143751952542e-03 1.645081782919027846e-02
4.223672361784647417e-04 1.988815490925367052e-02
5.280999404610104732e-03 2.060252615728769277e-02
4.743491847103863037e-04 1.993128788612981775e-02
3.540979540105868538e-03 1.275697012191989721e-02
4.330663737520360108e-03 1.057592927741878019e-02
4.514875221876150924e-03 2.014306878044102786e-02
6.049419008786829227e-03 1.632808745945075676e-02
3.335177010690563385e-03 2.227272166685549323e-02
5.765844411603378988e-03 5.765844411603378988e-03
1.550428107977300728e-04 1.551415687393179615e-02
3.414806111588405014e-03 2.044107142632685392e-02
1.843752467841035161e-03 2.057709573638218797e-02
3.220144283723585729e-03 1.867492634830105608e-02
3.266305926243181709e-03 1.830598026324301020e-02
4.308670895274399441e-03 1.066534348953629072e-02
2.342115180025654188e-03 1.632594033728951288e-02
4.933955687815658880e-03 1.657832778964146714e-02
3.871681915013742807e-03 1.817932056483976058e-02
5.618063626626221361e-04 1.795983915224342795e-02
2.012675784948556035e-03 1.945803486220006387e-02
6.147937014468310467e-04 1.993482986420000783e-02
4.403436775195949254e-03 1.403694663898706271e-02
5.685351219955954438e-03 5.685351219955954438e-03
2.008245748152460205e-03 2.191797027532282893e-02
5.093438431326311952e-03 1.304252405948472422e-02
2.172257715285735944e-03 2.064358484967195387e-02
5.064099483086041513e-03 1.551700616549564482e-02
4.112765189231209692e-03 1.136519853045873593e-02
7.938021194864114394e-03 1.409416877019122744e-02
6.002969143099248089e-03 2.258110930272201611e-02
5.423969432485917577e-03 2.037188979105479525e-02
5.245975352369374074e-03 1.501365982507652658e-02
4.473509894764834786e-03 2.158929837814076852e-02
5.485909312441172511e-03 1.976255812844210369e-02
2.726930474186505839e-03 2.076270042299606725e-02
4.202229792169337105e-03 1.106525352416289076e-02
3.862981741660785010e-03 1.206775582779544623e-02
7.269827019455852267e-03 7.269827019455852267e-03
4.894370633197685574e-03 5.655100146288689206e-03
3.039605909114177947e-03 1.349491073475749328e-02
6.808091915747592829e-03 1.743650843252362442e-02
3.840924262436310431e-03 2.030988526690684359e-02
6.540570859178287434e-03 1.770862591895346061e-02
1.262624267793099929e-03 1.922070900901324403e-02
4.125052680518236092e-03 2.356124606316394726e-02
2.294858912639013288e-03 2.116138935683984507e-02
1.357917139765386048e-03 2.291719982950605680e-02
4.522571517451294890e-03 1.734196127376346624e-02
6.494803978490460913e-03 1.561462824112084223e-02
1.590895572669976049e-03 2.060493656613462607e-02
5.087245157170458727e-03 1.868237893554954357e-02
3.408714935123576852e-04 1.981846101658092663e-02
4.209893194304008789e-03 1.446281748996441560e-02
7.201050502541496553e-04 2.012122492701473239e-02
4.542159832859539621e-03 1.637615723348665592e-02
4.117609052900247923e-03 1.134970499141980081e-02
4.962525775061683853e-03 1.990702148654763942e-02
6.453971542811166862e-03 1.798828921108761719e-02
1.007552323063368909e-03 1.612637926748214726e-02
5.250662314282093963e-03 1.853686110157212047e-02
1.542493175413178156e-03 1.419166928662840381e-02
3.639189194102600451e-03 1.803243160663393907e-02
1.872285211907780665e-04 1.846326620956789677e-02
6.324978656887135162e-04 1.994831083150435877e-02
6.800612320320239450e-04 1.886948845634806027e-02
7.136366735868709824e-04 1.389768881775532705e-02
4.972401231469879279e-03 1.574568372888396350e-02
2.688135322170647282e-03 1.855098333165146329e-02
5.989058353622554211e-03 1.179592892270864800e-02
4.154115332822275707e-03 1.853334378412150110e-02
1.874549069748043589e-03 1.931385937068900646e-02
3.179808884139456206e-03 2.065902633119340998e-02
1.602750154019440764e-04 1.965502408862656106e-02
1.559465294863944139e-04 1.347520356029610969e-02
5.396532581091064915e-03 2.237622911115470098e-02
3.755201896098579132e-03 1.878507968861617070e-02
6.209257740013324634e-04 1.993951285158299114e-02
1.153622391212289974e-03 2.029057544910344013e-02
5.084632279261197020e-03 1.576129495147281928e-02
5.296850149986722343e-03 1.899165958696663256e-02
2.600999782395198214e-03 2.077369022012030483e-02
3.761446088236143973e-03 1.230770592577759386e-02
2.562394546932536109e-03 1.818203013312759755e-02
4.971974744167635164e-03 1.603373611238759211e-02
4.126252008046708657e-03 1.994557792946544117e-02
5.307861576034957236e-03 1.634958487487541204e-02
7.869874736563217330e-03 7.869874736563217330e-03
