1.308753660555045428e+01
8.270491683210165590e+00
2.989029226514340554e+00
1.485696512066917219e+00
6.358495724151409512e-01
3.304132667715860561e-01
3.023548570955342796e-01
2.314728714195360137e-01
1.641413963682616939e-01
1.271993061653796109e-01
8.740150681118818987e-02
6.431572387126836821e-02
5.879260596203685074e-02
5.380428913794516044e-02
4.276266368451018401e-02
4.116551660660500156e-02
3.391983254297467609e-02
3.102421029394520843e-02
2.786996025613959482e-02
1.980603496317313861e-02
1.739449243255370217e-02
1.514006352982847151e-02
1.446413155136992874e-02
1.121655536766327441e-02
9.358993298989938189e-03
8.194385837645350862e-03
6.472326320757840028e-03
5.830853107548317031e-03
5.683631804501753162e-03
5.062633579017685771e-03
4.213733656778230648e-03
3.675893866394262712e-03
3.380570873855110511e-03
3.324935165108653962e-03
3.130979184433677846e-03
2.895205488442248540e-03
2.831997737345711124e-03
2.492315186419370981e-03
2.333129784077630706e-03
2.220729872870267664e-03
1.995404123428563044e-03
1.831653463257384854e-03
1.716935050541057179e-03
1.628786473129722589e-03
1.534098366146476001e-03
1.406967962809558279e-03
1.317757679196993048e-03
1.239026427449724330e-03
1.089853871840521654e-03
9.463842773767089335e-04
8.909705089279451855e-04
8.378308194583112319e-04
8.223308261216953803e-04
7.685078981812341198e-04
7.282983525425286431e-04
6.976397348177450696e-04
6.669347403244873639e-04
6.228532385347206567e-04
5.894228037128524918e-04
5.782334201512391494e-04
5.690481502370820562e-04
5.123902483585307272e-04
5.019170904380517405e-04
4.633424061633418340e-04
4.473047162070331725e-04
4.164860300515767699e-04
3.881475464844206321e-04
3.831009027698131027e-04
3.638382356842633468e-04
3.535786355212621975e-04
3.382839900032835485e-04
3.229163539121658187e-04
3.045298204852491301e-04
2.957174600091382857e-04
2.793908548998085169e-04
2.673471635933157334e-04
2.534499891874138298e-04
2.510557922258399165e-04
2.392599012041564876e-04
2.293532599959077084e-04
2.169435157301627718e-04
2.125141814464128452e-04
2.067143244129030757e-04
1.954124325021156698e-04
1.860356735913268171e-04
1.843271688700425144e-04
1.790672884346681160e-04
1.645076375433081198e-04
1.622014520475575905e-04
1.549786763067982490e-04
1.518655348412213028e-04
1.451893562791306774e-04
1.433612820409285065e-04
1.401563487276438801e-04
1.299294137325969381e-04
1.296858259078147299e-04
1.221131809019455785e-04
1.142292915229584359e-04
1.111415159679174109e-04
1.055134125188974365e-04
1.051034607582236889e-04
1.015052499571218525e-04
9.959520370483666070e-05
9.666938547045853685e-05
9.398442276173916326e-05
9.291659486005127545e-05
9.137170608303637565e-05
8.646525232527314960e-05
8.445813227192199555e-05
8.372249163367159438e-05
7.974582808262208869e-05
7.727737062551650910e-05
7.510043018844016400e-05
7.343858022393734799e-05
7.081417825137472353e-05
6.937865001000813835e-05
6.650307990725574925e-05
6.581318108000507744e-05
6.406168269611315106e-05
6.363885096217336947e-05
5.952325302362963534e-05
5.828414153274954302e-05
5.503579210082718752e-05
5.467028514192672948e-05
5.393867234891804735e-05
5.165721833316663358e-05
5.050126555837257701e-05
4.888931067862477281e-05
4.707540293923001573e-05
4.622005241648295280e-05
4.566204036882409863e-05
4.455143339624352924e-05
4.411305821467436251e-05
4.303568252444427389e-05
4.201670921704191147e-05
4.005615457827278660e-05
3.904844016587489554e-05
3.740270052992765768e-05
3.708847995293227751e-05
3.612793074183451693e-05
3.495896727605492043e-05
3.411743906039564432e-05
3.347413036553498872e-05
3.245289671253193977e-05
3.194094060687104671e-05
3.117765024641736937e-05
3.078579213738235812e-05
3.042298662796436376e-05
3.015758706470951755e-05
2.920437561731684223e-05
2.870940485936547342e-05
2.731527973729899045e-05
2.650232602162611297e-05
2.582964645160909720e-05
2.525372169371095706e-05
2.518480350722245961e-05
2.463085261386129094e-05
2.389544984931851556e-05
2.322282165723717169e-05
2.288160842479208473e-05
2.225408415453491401e-05
2.130576010084674909e-05
2.122327994022290204e-05
2.069077994510536725e-05
2.036665726815596562e-05
2.004032955257546640e-05
1.952283283527558077e-05
1.921770173393931726e-05
1.874621885869981586e-05
1.816383720217730995e-05
1.797490807500119116e-05
1.739291667511693584e-05
1.733185719663187999e-05
1.673187856309915633e-05
1.621222237289229989e-05
1.612838468865820555e-05
1.545052206145341674e-05
1.501511334570387850e-05
1.472027881902446130e-05
1.444178950864807169e-05
1.421082664559121835e-05
1.385423725336506928e-05
1.366814877435353266e-05
1.324589601391807141e-05
1.308360181484564507e-05
1.291418738607184591e-05
1.248264740488002079e-05
1.220163866065306859e-05
1.199287083247171016e-05
1.162304436818954262e-05
1.139620570178859580e-05
1.074167849626442243e-05
1.060012205500621682e-05
1.045476096873145881e-05
1.020352706786656875e-05
1.002587310506016916e-05
9.674158289877473035e-06
9.568931450318560127e-06
9.362378822759019419e-06
9.108322196814214809e-06
9.077660873983060697e-06
8.996357660131405409e-06
8.594226565294030054e-06
8.456714796086297153e-06
8.339026633470872878e-06
8.255835388083635875e-06
8.055553636172563012e-06
7.665921244283927281e-06
7.615037161364916570e-06
7.382228555564226171e-06
7.164268033312611631e-06
7.076795573960239412e-06
6.743529043197081171e-06
6.643018103568345440e-06
6.509269540490988285e-06
6.349916992538224838e-06
6.226937312705181480e-06
6.062154970133466220e-06
5.766860682779458456e-06
5.660834917531857496e-06
5.580242546434684096e-06
5.338856133448081956e-06
5.095469437676048073e-06
4.989373409123682514e-06
4.952702731118636162e-06
4.815086134871866006e-06
4.615196978817114185e-06
4.520220759186609789e-06
4.405919107058125511e-06
4.312845941741353857e-06
4.160486662507275666e-06
3.970422736335350110e-06
3.872008305258542725e-06
3.690332447814974994e-06
3.588967778008787195e-06
3.451812402489600312e-06
3.373194461570417266e-06
3.295890481763955273e-06
3.178612085703892901e-06
3.063901991632281431e-06
2.865006819646944236e-06
2.794383141170736032e-06
2.685569470968248619e-06
2.657162936835705961e-06
2.582780165255629898e-06
2.533388543939715939e-06
2.338439051024712841e-06
2.263418019955962273e-06
2.180748963466635519e-06
2.090163574859447186e-06
2.011526800001905770e-06
2.010489108355582253e-06
1.936148705385873850e-06
1.901598228306935159e-06
1.844169092511827458e-06
1.791095077320559751e-06
1.689031819834910382e-06
1.658588909525872561e-06
1.528104998644706373e-06
1.487116486546186329e-06
1.364219111318957430e-06
1.341293026744977210e-06
1.266241247914288063e-06
1.211117162776185983e-06
1.136821124082391780e-06
1.021126122657748559e-06
1.010030166440635452e-06
1.001475337618237560e-06
9.759988222626992412e-07
8.824356389907656621e-07
8.771248205639180839e-07
8.221425345881019193e-07
8.017974183715506290e-07
7.013240605477271782e-07
6.309463593117840359e-07
6.199688953545833713e-07
6.091802354219600621e-07
5.899265002231421993e-07
5.125570468380183030e-07
5.086114652517665345e-07
5.066450895956980754e-07
3.963361087165830219e-07
3.922082012434457676e-07
3.462269922684862482e-07
3.157278110900788132e-07
2.695786587591509082e-07
2.365096993402199533e-07
2.077348167374190170e-07
1.873772885182120143e-07
1.798955483396466459e-07
1.344923078474024251e-07
1.277806981870175038e-07
8.833818915168365984e-08
7.221306756082250393e-08
5.003168726099635179e-08
3.735713460885943671e-08
1.999951407093830558e-08
