5.282004928588867188e+01
3.326106262207031250e+01
1.283398628234863281e+01
6.008860111236572266e+00
3.007268905639648438e+00
2.177593708038330078e+00
1.293547511100769043e+00
7.586242556571960449e-01
5.626858472824096680e-01
4.169293642044067383e-01
3.350118100643157959e-01
2.726547122001647949e-01
1.619249284267425537e-01
1.179456934332847595e-01
8.478663861751556396e-02
6.682666391134262085e-02
5.466540530323982239e-02
5.199245363473892212e-02
4.341150820255279541e-02
4.021479561924934387e-02
2.647372148931026459e-02
2.272409573197364807e-02
1.335151214152574539e-02
1.030818279832601547e-02
9.196354076266288757e-03
9.087981656193733215e-03
7.335236761718988419e-03
6.454399321228265762e-03
5.078690126538276672e-03
3.702756250277161598e-03
3.599054180085659027e-03
3.133616875857114792e-03
2.677490934729576111e-03
2.387611893936991692e-03
2.262924099341034889e-03
2.064481610432267189e-03
1.908723847009241581e-03
1.815202645957469940e-03
1.578801777213811874e-03
1.436441787518560886e-03
1.401189714670181274e-03
1.279738615266978741e-03
1.224545179866254330e-03
1.163288019597530365e-03
1.090618898160755634e-03
1.049893908202648163e-03
9.881628211587667465e-04
8.929329342208802700e-04
8.643972687423229218e-04
7.787757203914225101e-04
7.264102459885179996e-04
7.075741305015981197e-04
6.889817886985838413e-04
6.335175130516290665e-04
6.173663423396646976e-04
5.754634039476513863e-04
5.543662700802087784e-04
5.219017039053142071e-04
5.082335555925965309e-04
4.738475545309484005e-04
4.488461418077349663e-04
4.252936923876404762e-04
4.204596043564379215e-04
3.947189834434539080e-04
3.898864088114351034e-04
3.632201405707746744e-04
3.453590325079858303e-04
3.297402290627360344e-04
3.199853526894003153e-04
2.918757963925600052e-04
2.887558948714286089e-04
2.690331020858138800e-04
2.600223233457654715e-04
2.485293080098927021e-04
2.450212487019598484e-04
2.192287065554410219e-04
2.124526799889281392e-04
2.092501817969605327e-04
1.959506917046383023e-04
1.806842046789824963e-04
1.783354091458022594e-04
1.759291772032156587e-04
1.644759176997467875e-04
1.599659008206799626e-04
1.552722242195159197e-04
1.459883787902072072e-04
1.373896811855956912e-04
1.335312990704551339e-04
1.279999414691701531e-04
1.244906015926972032e-04
1.199444668600335717e-04
1.160023603006266057e-04
1.074040847015567124e-04
1.031115898513235152e-04
1.007993123494088650e-04
9.891435911413282156e-05
9.570859401719644666e-05
9.341786790173500776e-05
8.844679541653022170e-05
8.692289702594280243e-05
8.282334601972252131e-05
7.741561421426013112e-05
7.473488949472084641e-05
7.225469016702845693e-05
7.105062832124531269e-05
6.976271833991631866e-05
6.701194070046767592e-05
6.581982597708702087e-05
6.219825445441529155e-05
5.802425584988668561e-05
5.660816896124742925e-05
5.405715637607499957e-05
5.290912304189987481e-05
5.172998135094530880e-05
4.991998503101058304e-05
4.715384420705959201e-05
4.546074706013314426e-05
4.414221984916366637e-05
4.405824074638076127e-05
4.223483847454190254e-05
3.974099308834411204e-05
3.846451363642700016e-05
3.755888246814720333e-05
3.700352317537181079e-05
3.657538036350160837e-05
3.523769919411279261e-05
3.384946103324182332e-05
3.226141780032776296e-05
3.160606502206064761e-05
2.966702049889136106e-05
2.875722202588804066e-05
2.756705544015858322e-05
2.702415622479747981e-05
2.629888695082627237e-05
2.559607855801004916e-05
2.443415178277064115e-05
2.437864350213203579e-05
2.302062603121157736e-05
2.275835140608251095e-05
2.152645720343571156e-05
2.102063626807648689e-05
2.044182110694237053e-05
2.007603507081512362e-05
1.921782495628576726e-05
1.913058258651290089e-05
1.869553852884564549e-05
1.766063542163465172e-05
1.752659591147676110e-05
1.717873055895324796e-05
1.675810563028790057e-05
1.602005431777797639e-05
1.552723551867529750e-05
1.544355836813338101e-05
1.512525886937510222e-05
1.476434954383876175e-05
1.443664223188534379e-05
1.376836189592722803e-05
1.296404388995142654e-05
1.267813331651268527e-05
1.254584276466630399e-05
1.208457160828402266e-05
1.172344400401925668e-05
1.171062194771366194e-05
1.136606442742049694e-05
1.115822851716075093e-05
1.081025493476772681e-05
1.053243158821715042e-05
9.899619726638775319e-06
9.673395652498584241e-06
9.354817848361562937e-06
9.231698641087859869e-06
9.159283763437997550e-06
8.788850209384690970e-06
8.603726200817618519e-06
8.565124517190270126e-06
8.431272362940944731e-06
8.140889804053585976e-06
7.751406883471645415e-06
7.651236046513076872e-06
7.531946266681188717e-06
7.410827947751386091e-06
7.148698841774603352e-06
7.140190064092166722e-06
6.882491561555070803e-06
6.772464530513389036e-06
6.581403340533142909e-06
6.227407993719680235e-06
6.179336196510121226e-06
5.996336767566390336e-06
5.758203769801184535e-06
5.673295618180418387e-06
5.540628535527503118e-06
5.412229256762657315e-06
5.314738245942862704e-06
5.213808435655664653e-06
5.131741545483237132e-06
5.031888576922938228e-06
4.973160230292705819e-06
4.814518433704506606e-06
4.607809842127608135e-06
4.458575403987197205e-06
4.324418114265426993e-06
4.246065145707689226e-06
4.113705017516622320e-06
3.994103281002026051e-06
3.898636350641027093e-06
3.775752020374056883e-06
3.627720388976740651e-06
3.524031853885389864e-06
3.480452960502589121e-06
3.387790229680831544e-06
3.331780362714198418e-06
3.269103899583569728e-06
3.170958734699524939e-06
3.052783085877308622e-06
2.943749905170989223e-06
2.916324774560052902e-06
2.801079290293273516e-06
2.743298182394937612e-06
2.685083018150180578e-06
2.555524815761600621e-06
2.470427716616541147e-06
2.442037839500699192e-06
2.434483803881448694e-06
2.370697075093630701e-06
2.352281853745807894e-06
2.244060624434496276e-06
2.189585302403429523e-06
2.098294999086647294e-06
2.032434395005111583e-06
1.997854496949003078e-06
1.918301222758600488e-06
1.830563519433781039e-06
1.799624556042545009e-06
1.709164621388481464e-06
1.652959781495155767e-06
1.640826667426154017e-06
1.510836227680556476e-06
1.484395056650100742e-06
1.412729716321337037e-06
1.376801264996174723e-06
1.353529341940884478e-06
1.326980054727755487e-06
1.220542117152945139e-06
1.194228389067575336e-06
1.178030856863188092e-06
1.101660359381639864e-06
1.050264586410776246e-06
1.021515799948247150e-06
9.699095926407608204e-07
9.180622555504669435e-07
9.051432243722956628e-07
8.901191108634520788e-07
8.442488592663721647e-07
8.158031050697900355e-07
8.054368549892387819e-07
7.362174301306367852e-07
-7.134539146136376075e-07
6.963437044760212302e-07
6.893669137753022369e-07
6.523166575789218768e-07
6.108381853664468508e-07
5.805896989841130562e-07
5.644039902108488604e-07
5.111571113047830295e-07
4.796105486093438230e-07
4.726424833734199638e-07
4.545234446595713962e-07
4.360805405667633750e-07
-4.137711187013337621e-07
4.049963138186285505e-07
3.555325065462966450e-07
3.362522704719594913e-07
-3.198439344487269409e-07
3.155063836857152637e-07
2.776220071609714068e-07
-2.628681272653921042e-07
2.626089781188056804e-07
2.573084714185824851e-07
2.185552006039870321e-07
-2.174629969431407517e-07
2.038193542830413207e-07
-1.855160576269554440e-07
1.547793431200261693e-07
1.400470779344686889e-07
-1.284059152339978027e-07
1.214547893368944642e-07
-9.639661158189483103e-08
-9.172952530889233458e-08
8.564262543586664833e-08
6.313848643912933767e-08
-6.100538740838601370e-08
4.265040232098726847e-08
3.455196662116577500e-08
-2.017739753057412599e-08
-1.581921260651597549e-08
8.584613020445885923e-09
