2.634400129318237305e+00
1.765387773513793945e+00
8.651378750801086426e-01
3.421898484230041504e-01
3.253893852233886719e-01
2.656966447830200195e-01
1.887942403554916382e-01
1.600464880466461182e-01
1.481333971023559570e-01
1.002814695239067078e-01
9.299726784229278564e-02
7.705322653055191040e-02
6.618547439575195312e-02
5.336050689220428467e-02
5.033866688609123230e-02
4.414895921945571899e-02
3.889231011271476746e-02
3.653152659535408020e-02
3.354569897055625916e-02
3.251333907246589661e-02
2.858355641365051270e-02
2.588854357600212097e-02
2.329731173813343048e-02
2.299204096198081970e-02
2.225388586521148682e-02
2.123664878308773041e-02
2.071085944771766663e-02
1.934677548706531525e-02
1.792923919856548309e-02
1.725668646395206451e-02
1.636655256152153015e-02
1.447455491870641708e-02
1.421215198934078217e-02
1.401521731168031693e-02
1.293045748025178909e-02
1.257723569869995117e-02
1.172445062547922134e-02
1.137164607644081116e-02
1.104546897113323212e-02
1.059826929122209549e-02
1.028188597410917282e-02
9.895139373838901520e-03
9.278931654989719391e-03
9.110299870371818542e-03
8.881377056241035461e-03
8.232469670474529266e-03
7.817660458385944366e-03
7.596253417432308197e-03
7.331643719226121902e-03
6.899787578731775284e-03
6.868054624646902084e-03
6.352786906063556671e-03
6.273762788623571396e-03
5.983008537441492081e-03
5.556029733270406723e-03
5.326731596142053604e-03
5.226311273872852325e-03
4.705504048615694046e-03
4.645800683647394180e-03
4.494982305914163589e-03
4.470109008252620697e-03
4.251761827617883682e-03
4.175066016614437103e-03
3.936587367206811905e-03
3.765552537515759468e-03
3.685730742290616035e-03
3.569154534488916397e-03
3.380710026249289513e-03
3.309096442535519600e-03
3.233831608667969704e-03
3.120234934613108635e-03
3.035124391317367554e-03
2.910908777266740799e-03
2.889736089855432510e-03
2.735294867306947708e-03
2.634513890370726585e-03
2.566113369539380074e-03
2.459695329889655113e-03
2.430046908557415009e-03
2.334816148504614830e-03
2.240065950900316238e-03
2.204972319304943085e-03
2.093673450872302055e-03
2.083427971228957176e-03
1.996208680793642998e-03
1.914286171086132526e-03
1.838501775637269020e-03
1.809128443710505962e-03
1.765955006703734398e-03
1.691501820459961891e-03
1.622300711460411549e-03
1.590801170095801353e-03
1.560490927658975124e-03
1.502455794252455235e-03
1.478424062952399254e-03
1.391173223964869976e-03
1.347216777503490448e-03
1.295589841902256012e-03
1.294479123316705227e-03
1.247359090484678745e-03
1.237369491718709469e-03
1.165865920484066010e-03
1.135597354732453823e-03
1.093956874683499336e-03
1.048368168994784355e-03
1.031922874972224236e-03
9.817783720791339874e-04
9.660260402597486973e-04
9.195914026349782944e-04
8.859214722178876400e-04
8.685173233970999718e-04
8.588755736127495766e-04
8.094739168882369995e-04
7.944555836729705334e-04
7.746593328192830086e-04
7.535876356996595860e-04
7.320831064134836197e-04
7.070415886119008064e-04
6.873669335618615150e-04
6.745998398400843143e-04
6.573512218892574310e-04
6.301993853412568569e-04
6.134103750810027122e-04
6.111121620051562786e-04
5.798432393930852413e-04
5.541121354326605797e-04
5.462719709612429142e-04
5.134901148267090321e-04
5.078207468613982201e-04
4.827263765037059784e-04
4.805779317393898964e-04
4.725216422230005264e-04
4.538041539490222931e-04
4.373053961899131536e-04
4.276720283087342978e-04
4.158530500717461109e-04
3.927829966414719820e-04
3.832816728390753269e-04
3.700624802149832249e-04
3.617580514401197433e-04
3.309358435217291117e-04
3.247986023779958487e-04
3.215515171177685261e-04
3.019265423063188791e-04
2.943837898783385754e-04
2.880540268961340189e-04
2.797624620143324137e-04
2.708609390538185835e-04
2.582737070042639971e-04
2.527967153582721949e-04
2.419850497972220182e-04
2.344426757190376520e-04
2.303990477230399847e-04
2.199080627178773284e-04
2.108565822709351778e-04
2.074924559565261006e-04
1.956718479050323367e-04
1.901485520647838712e-04
1.830939727369695902e-04
1.792700932128354907e-04
1.734283432597294450e-04
1.654524967307224870e-04
1.639063266338780522e-04
1.576790091348811984e-04
1.548019063193351030e-04
1.449873379897326231e-04
1.383685303153470159e-04
1.267917396035045385e-04
1.236789394170045853e-04
1.191151313832961023e-04
1.147923467215150595e-04
1.093301762011833489e-04
1.039535345626063645e-04
9.874082024907693267e-05
9.359553223475813866e-05
9.011455404106527567e-05
7.996414205990731716e-05
7.783967157592996955e-05
7.478821498807519674e-05
7.285052561201155186e-05
7.019296026555821300e-05
6.729570304742082953e-05
6.322278204606845975e-05
5.812678500660695136e-05
5.430044984677806497e-05
5.251085531199350953e-05
4.429048203746788204e-05
3.939407179132103920e-05
3.528400702634826303e-05
3.133920108666643500e-05
3.342002230510843219e-08
2.402092924569387833e-08
-1.852855824324706191e-08
-1.643191538391874928e-08
1.548622385882936214e-08
-1.384341619115048161e-08
-1.324152876236439624e-08
1.259483095594760016e-08
-1.237583546753739938e-08
1.237571378709390046e-08
-1.097638246960741526e-08
1.092657697654431104e-08
-1.059593657259938482e-08
1.025389817499444689e-08
-9.623680519155186630e-09
9.466543993141840474e-09
9.129712985611604381e-09
-8.866867240442388720e-09
-8.580871124763689295e-09
8.560697928317040351e-09
-8.395212525158513017e-09
8.346643376455631369e-09
-8.157009290243877331e-09
7.934062296044430695e-09
-7.416546043970129176e-09
-7.283063041541026905e-09
7.198420526322024671e-09
6.897137527772656540e-09
-6.469111468732080539e-09
6.398886309710860587e-09
6.311382971802004249e-09
-6.190234103087277617e-09
-5.590033769209412640e-09
5.478770770395158252e-09
5.345461850936317205e-09
-5.224701116190999528e-09
-5.115740719929817715e-09
4.924574525944080960e-09
-4.908333295361444470e-09
4.630245964420964810e-09
-4.398359454427236415e-09
4.387121776971980580e-09
-4.326362379458714713e-09
4.208013049122882876e-09
-4.085806803999503245e-09
3.902156375801268950e-09
-3.771235324023791691e-09
3.723656494258875682e-09
3.578963791994738131e-09
-3.565795658744264074e-09
3.453578312218041901e-09
-3.359713840467293267e-09
-3.306931395385959149e-09
3.251563907014087818e-09
-3.186477526284647865e-09
-2.951582089849580370e-09
2.870223836382024274e-09
2.747839067396284918e-09
-2.662722042856557891e-09
2.636968643443537985e-09
-2.471049143082382216e-09
2.427457124198895144e-09
-2.399946907871708390e-09
2.350165839715145921e-09
-2.305029056515195407e-09
2.253086384129687758e-09
-2.150136069190011767e-09
2.029812540271791477e-09
1.882514810702673458e-09
-1.862250909034912638e-09
-1.791106929438512907e-09
1.724295484173410387e-09
-1.526666015827515821e-09
-1.476702760072612364e-09
1.408333782926263211e-09
1.336331267864920846e-09
-1.258268267356754677e-09
1.095692980790374804e-09
-1.078182876312894223e-09
1.026253526603682076e-09
-9.991343308257683020e-10
-9.586434979169666804e-10
7.833504400700519454e-10
-6.825884302230633693e-10
6.365118987439188913e-10
-6.274001318473665378e-10
5.509243061752044923e-10
-4.901261618783792073e-10
4.223128513558549457e-10
-3.704868078990841695e-10
-1.971851293358639623e-10
1.520562148416004788e-10
-1.350992512305637661e-10
5.089825783066714848e-11
-1.705478987201747287e-11
