2.187391674344116410e+00
6.766780771889080448e-01
4.621364253504926523e-01
2.612523902620484395e-01
1.716233532490415992e-01
1.219181371532207236e-01
7.872474485681418832e-02
7.331169164787318393e-02
6.249870826335290896e-02
5.672112976715528582e-02
4.863949588024860105e-02
4.131463099889838564e-02
3.325553039380437642e-02
2.772490305632586277e-02
2.508043422131367439e-02
2.219182796597610544e-02
1.566639635124350213e-02
1.517960664457015073e-02
1.451489424725781359e-02
1.209308980786739755e-02
1.033318957785256398e-02
9.770810608994517574e-03
8.596258391122626324e-03
8.336538992940772247e-03
7.595743000523473044e-03
6.753694240821594627e-03
6.386850413619376068e-03
6.092873863508371096e-03
5.278634495993985397e-03
5.165860751950916013e-03
4.892330066127723379e-03
4.272936189917233597e-03
4.052788624050988713e-03
3.816665426982276694e-03
3.671987605173643657e-03
3.296557178298489127e-03
3.182739813166435196e-03
3.014787827774574255e-03
2.783917298137118194e-03
2.485172169005056379e-03
2.268803374300168343e-03
2.257173862408967061e-03
2.097905168284021869e-03
1.980605262816717040e-03
1.859904840877426614e-03
1.803516429112209758e-03
1.616801520414616307e-03
1.580613155482175338e-03
1.491301739400962764e-03
1.364465344815602322e-03
1.255140261724209004e-03
1.182537375708443521e-03
1.133548165264482719e-03
1.073165968826676493e-03
1.024189886787613829e-03
9.835039942276569552e-04
9.053576172845795430e-04
9.030174089541945009e-04
8.839936788093539057e-04
8.297868455269999778e-04
7.868813731387539617e-04
7.202571745607497244e-04
6.972490697443743841e-04
6.477570824634112066e-04
6.286519933274830208e-04
5.595616306169653087e-04
5.383841917830734045e-04
5.004306500162703604e-04
4.733178942764345969e-04
4.465528169565226302e-04
4.311225928613720117e-04
4.286881888957308029e-04
4.111326680993251373e-04
3.900330526240219724e-04
3.719802225015408459e-04
3.272208486272387131e-04
3.216322705940719701e-04
3.066618246870643082e-04
2.891389581999315454e-04
2.800553285164051882e-04
2.760365327570840654e-04
2.622790406862678049e-04
2.521674558359950622e-04
2.304851950647924435e-04
2.241008265510205789e-04
2.197241855512786324e-04
2.132401956502906308e-04
2.057343721931566445e-04
1.866478543680888261e-04
1.802708023824045038e-04
1.753477258895878995e-04
1.703870038462791778e-04
1.636440559584142335e-04
1.533451028416009745e-04
1.450756518010526820e-04
1.373991536337866180e-04
1.270262028189324385e-04
1.238686089253373320e-04
1.198631551447288383e-04
1.162903591717437922e-04
1.138034885341189826e-04
1.062720034957035926e-04
1.016054235857707754e-04
9.459927210337454784e-05
9.214453605037481487e-05
9.080282060436698519e-05
8.212785724136038412e-05
8.174850640669190712e-05
7.998303774253142729e-05
7.471395674964001769e-05
7.195258886530957372e-05
6.982187573258357121e-05
6.829308335671923713e-05
6.606747500724019593e-05
6.403184446423048726e-05
6.167149065460993151e-05
6.090297895574844287e-05
5.682052548850916013e-05
5.593834603922649413e-05
5.312044401076435307e-05
5.158856499051846933e-05
5.060579749962474311e-05
5.017349793163922801e-05
4.777956386235714668e-05
4.672330647740844696e-05
4.586652738163342444e-05
4.448441453542083772e-05
4.242332474680687577e-05
3.975909120369880531e-05
3.869717077385363474e-05
3.813672102435543059e-05
3.672541955501832284e-05
3.582169487400276074e-05
3.414878400945958633e-05
3.357282590766910848e-05
3.307023604471513939e-05
3.121857454607261548e-05
3.033360438789005239e-05
2.973044194993525101e-05
2.844602820273901472e-05
2.730029697371166362e-05
2.630386258799311794e-05
2.563240753720952305e-05
2.529759280846073850e-05
2.479843353371396239e-05
2.444806161025809437e-05
2.309482318989039478e-05
2.283795408974843781e-05
2.198613052385880686e-05
2.154359935245357604e-05
2.124739156837698469e-05
1.963180163940898344e-05
1.949708552477358637e-05
1.882864017017559782e-05
1.835560389533499339e-05
1.799001120927575838e-05
1.762641794062025659e-05
1.707165276139461954e-05
1.674355508850271216e-05
1.610151316629502118e-05
1.563674686358816358e-05
1.512613488617231237e-05
1.445991025860877187e-05
1.426432090838516789e-05
1.372855260341654228e-05
1.339734749275001924e-05
1.309329731374715205e-05
1.291581057880271207e-05
1.257338202765370604e-05
1.237706087067378526e-05
1.184843874236518308e-05
1.150138375347097355e-05
1.109403943811199059e-05
1.097303270752501725e-05
1.057346824974174589e-05
1.027915793506310667e-05
9.930540707567121175e-06
9.560299179879826103e-06
9.398941415789659076e-06
9.356627295029391973e-06
9.150193128031627076e-06
8.715068727670061884e-06
8.470212049834082452e-06
8.365954642044680595e-06
8.014002749498462340e-06
7.956414416026390534e-06
7.646545900408479554e-06
7.193765971740993704e-06
7.116663122425434828e-06
6.884034352332815087e-06
6.704695632626035891e-06
6.588879354875642327e-06
6.540071446434240164e-06
6.418920767403391941e-06
6.136626988423507896e-06
6.002822227403815963e-06
5.940255479334132131e-06
5.727468627166482231e-06
5.529248506730960552e-06
5.252573615008039204e-06
5.146898299627606185e-06
5.039846808323303982e-06
4.774219950901023372e-06
4.686501838988475632e-06
4.634455899323617893e-06
4.522453784353752685e-06
4.408287417184517859e-06
4.107446079257834097e-06
4.081534987096948617e-06
3.903085774075891838e-06
3.778172791540369508e-06
3.601588214551413557e-06
3.532029345253602786e-06
3.425150067586456039e-06
3.366230224570094261e-06
3.219746433304623587e-06
3.071177269857263777e-06
2.994189934309044813e-06
2.818096561301627461e-06
2.763910471770356024e-06
2.738233578286776489e-06
2.668883820696957073e-06
2.594637774601880566e-06
2.439011170862706375e-06
2.321316177853992844e-06
2.182483543050222681e-06
2.177899207019319256e-06
2.086132483104576819e-06
2.037597334027359639e-06
1.992334346697625060e-06
1.935637175541097785e-06
1.804834422538504156e-06
1.795045649923549102e-06
1.740934559063820154e-06
1.690767861987392410e-06
1.626508662343174010e-06
1.587526148690999557e-06
1.525360641867260614e-06
1.453285838606962425e-06
1.387395308115124452e-06
1.333158028298276301e-06
1.307332553883849225e-06
1.273340227122291303e-06
1.227697407901149597e-06
1.188104760600299886e-06
1.130367978925830623e-06
1.074966931106484834e-06
1.033487892050113277e-06
9.843676927823331411e-07
9.322494858404505330e-07
8.721969481097131416e-07
8.560876275887524377e-07
8.139410750627271075e-07
8.000342838794193810e-07
7.746637417422322550e-07
7.352064821431202725e-07
6.984669244807029956e-07
6.688732668625321369e-07
6.315459124270122922e-07
5.990397357778173729e-07
5.831438095604631384e-07
5.428970498530241303e-07
4.942466150890212287e-07
4.862118283032357019e-07
4.427967834617556153e-07
4.253496098776851554e-07
4.031988626201504725e-07
3.771187756043939353e-07
3.688116393950861781e-07
3.472966281986251929e-07
3.143343553043266078e-07
3.001681475137989846e-07
2.771438116436185799e-07
2.517201830626148548e-07
2.329023189884889504e-07
2.166139254197279360e-07
2.053378563158466639e-07
1.806371731270586184e-07
1.714822813596908603e-07
1.479057792522537108e-07
1.400421217149162618e-07
1.330937023362519546e-07
1.136630730146434694e-07
1.061401686679351992e-07
8.536854248886312782e-08
7.090548342106369493e-08
5.435860647770269067e-08
4.987853851497051949e-08
4.712732460537430161e-08
3.412427239022460039e-08
1.486229398357584463e-08
2.709961671620885032e-09
2.398516507441941960e-09
8.196988233057517227e-10
5.934906880175518100e-10
5.077594018057202093e-10
2.877331838559993590e-10
