3.951308965682983398e+00
9.113685488700866699e-01
7.007184624671936035e-01
4.151153862476348877e-01
2.995918989181518555e-01
1.633851826190948486e-01
1.201570257544517517e-01
1.110166460275650024e-01
8.785903453826904297e-02
6.248548999428749084e-02
5.528556182980537415e-02
4.904499277472496033e-02
4.586692899465560913e-02
3.611488267779350281e-02
3.036281839013099670e-02
2.240177243947982788e-02
2.056656032800674438e-02
1.834555529057979584e-02
1.501638442277908325e-02
1.460232958197593689e-02
1.367536187171936035e-02
9.982685558497905731e-03
7.891048677265644073e-03
6.791364401578903198e-03
6.459378171712160110e-03
6.218336988240480423e-03
5.557358264923095703e-03
4.920784849673509598e-03
4.483668133616447449e-03
4.093849565833806992e-03
3.670106176286935806e-03
3.394384169951081276e-03
3.020368749275803566e-03
2.963413717225193977e-03
2.744382945820689201e-03
2.591202035546302795e-03
2.372804796323180199e-03
2.310173353180289268e-03
2.047173213213682175e-03
1.859740586951375008e-03
1.735946629196405411e-03
1.642465475015342236e-03
1.561500946991145611e-03
1.540357246994972229e-03
1.476185047067701817e-03
1.371603459119796753e-03
1.320720999501645565e-03
1.225318876095116138e-03
1.182773848995566368e-03
1.053255633451044559e-03
9.232624433934688568e-04
8.927125600166618824e-04
8.022327674552798271e-04
7.506742840632796288e-04
7.238578400574624538e-04
6.939905579201877117e-04
6.494104745797812939e-04
6.413306691683828831e-04
6.053886609151959419e-04
5.650760140269994736e-04
5.261128535494208336e-04
5.114477826282382011e-04
4.980812082067131996e-04
4.630583571270108223e-04
4.484520177356898785e-04
4.146881401538848877e-04
3.891178057529032230e-04
3.569230902940034866e-04
3.485787892714142799e-04
3.311955661047250032e-04
3.201669605914503336e-04
3.030065854545682669e-04
2.836046041920781136e-04
2.753921144176274538e-04
2.638211299199610949e-04
2.611155505292117596e-04
2.462606644257903099e-04
2.415394264971837401e-04
2.159851428586989641e-04
2.027218724833801389e-04
1.894900779007002711e-04
1.797924633137881756e-04
1.669340854277834296e-04
1.602410193299874663e-04
1.519724755780771375e-04
1.456868485547602177e-04
1.386074291076511145e-04
1.347187790088355541e-04
1.259931741515174508e-04
1.221504935529083014e-04
1.192593408632092178e-04
1.150218085967935622e-04
1.110727389459498227e-04
1.051175495376810431e-04
1.006590464385226369e-04
9.072230022866278887e-05
8.935174264479428530e-05
8.747104584472253919e-05
8.325443923240527511e-05
7.709561759838834405e-05
7.434281724272295833e-05
7.336618728004395962e-05
6.905198097229003906e-05
6.623703666264191270e-05
6.342949200188741088e-05
5.828032954013906419e-05
5.624236655421555042e-05
5.590544242295436561e-05
5.456888902699574828e-05
5.063400021754205227e-05
4.796375287696719170e-05
4.459765114006586373e-05
4.357318539405241609e-05
4.230628474033437669e-05
4.146814899286255240e-05
3.951070539187639952e-05
3.897360147675499320e-05
3.560796903911978006e-05
3.497474608593620360e-05
3.346280209370888770e-05
3.179015766363590956e-05
3.049283986911177635e-05
2.996884904860053211e-05
2.902330379583872855e-05
2.715461596380919218e-05
2.608720933494623750e-05
2.569776552263647318e-05
2.526296702853869647e-05
2.384814797551371157e-05
2.358323581574950367e-05
2.190386294387280941e-05
2.095760100928600878e-05
1.994449849007651210e-05
1.931001133925747126e-05
1.883502409327775240e-05
1.855161644925829023e-05
1.817643351387232542e-05
1.724828871374484152e-05
1.711571712803561240e-05
1.636398701521102339e-05
1.610257277206983417e-05
1.580838761583436280e-05
1.522407910670153797e-05
1.486094788560876623e-05
1.447502836526837200e-05
1.405237981089157984e-05
1.331403200310887769e-05
1.273412090085912496e-05
1.235875788552220911e-05
1.195000277220970020e-05
1.178923048428259790e-05
1.103272552427370101e-05
1.063986201188527048e-05
1.024804623739328235e-05
1.013672408589627594e-05
9.861952094070147723e-06
9.499668522039428353e-06
8.938385690271388739e-06
8.756157512834761292e-06
8.685378816153388470e-06
8.475451977574266493e-06
8.182763849617913365e-06
7.891959285188931972e-06
7.667774298170115799e-06
7.402042683679610491e-06
7.084423941705608740e-06
6.885284165036864579e-06
6.601923814741894603e-06
6.529066013172268867e-06
6.335701982607133687e-06
6.219461738510290161e-06
6.058086455595912412e-06
5.832844635733636096e-06
5.546944066736614332e-06
5.368616257328540087e-06
5.213464191911043599e-06
5.017455805500503629e-06
4.952506969857495278e-06
4.766688562085619196e-06
4.727860414277529344e-06
4.576033916237065569e-06
4.511161932896357030e-06
4.430027729540597647e-06
4.282670943211996928e-06
4.173204615653958172e-06
3.961481525038834661e-06
3.893469511240255088e-06
3.714926833708886988e-06
3.627776550274575129e-06
3.469476041573216207e-06
3.354343334649456665e-06
3.265943860242259689e-06
3.189697736161178909e-06
3.128514890704536811e-06
3.059535174543270841e-06
2.899251512644696049e-06
2.812611910485429689e-06
2.717703182497643866e-06
2.688071845113881864e-06
2.591734528323286213e-06
2.478983788023469970e-06
2.372043809373280965e-06
2.323103444723528810e-06
2.272197662023245357e-06
2.240824187538237311e-06
2.084582092720665969e-06
2.076526925520738587e-06
1.955300831468775868e-06
1.922453520819544792e-06
1.855261416494613513e-06
1.807328317227074876e-06
1.748191152728395537e-06
1.701893893368833233e-06
1.630625774851068854e-06
1.586605549164232798e-06
1.558575490889779758e-06
1.529485530227248091e-06
1.425504251528764144e-06
1.422567606823577080e-06
1.366778064948448446e-06
1.295840775128453970e-06
1.264509933207591530e-06
1.211347012031183112e-06
1.155608629233029205e-06
1.128899043578712735e-06
1.098609345717704855e-06
1.056678229360841215e-06
1.028583142215211410e-06
9.756478220879216678e-07
9.228032809005526360e-07
8.947151286520238500e-07
8.854042903294612188e-07
8.606826327195449267e-07
8.284507657663198188e-07
7.755712658763513900e-07
7.601726110806339420e-07
7.385733624687418342e-07
7.307689884328283370e-07
7.154449690460751299e-07
6.943422476979321800e-07
6.733839654771145433e-07
6.467585649261309300e-07
6.035355113453988452e-07
5.850737352375290357e-07
5.664126661031332333e-07
5.328933525561296847e-07
4.968221674062078819e-07
4.887836553280067164e-07
4.807649816029879730e-07
4.694847461905737873e-07
4.423258417318720603e-07
4.279621066416439135e-07
4.184032604825915769e-07
4.121379220123344567e-07
3.834069559616182232e-07
3.494502323064807570e-07
3.392190137674333528e-07
3.153759280394297093e-07
2.946468384834588505e-07
2.846481663709710119e-07
2.633523763506673276e-07
2.543200423588132253e-07
2.368060307844643830e-07
2.294137289027275983e-07
2.201011284341802821e-07
2.091710626928033889e-07
1.966002542985734181e-07
1.880905244888708694e-07
1.807251663876741077e-07
1.716588116096318117e-07
1.555409880893421359e-07
1.448587880759077962e-07
1.375286444726953050e-07
1.290011795163081842e-07
1.223658472326860647e-07
1.043919866106080008e-07
1.008275773983768886e-07
9.700806913315318525e-08
8.337767098964832257e-08
7.833774162691042875e-08
7.011998803818642045e-08
6.082354531145028886e-08
5.476458397879468976e-08
5.103929723304645449e-08
4.715824886147856887e-08
3.750354338194483717e-08
3.144831950407933618e-08
2.833954404479754885e-08
2.387870523534729728e-08
2.160301626474847581e-08
-1.601212851198852150e-08
1.260544557624143636e-08
9.950349877385633590e-09
7.045537486760622414e-09
3.826563954589801142e-09
3.147872629227776997e-09
-2.754480421529592604e-09
