2.029375553131103516e+00
1.006871938705444336e+00
6.821475028991699219e-01
5.796321630477905273e-01
4.023791253566741943e-01
3.070488274097442627e-01
2.481102198362350464e-01
1.896768510341644287e-01
1.464977860450744629e-01
1.212709620594978333e-01
1.028193309903144836e-01
8.470293879508972168e-02
6.213585287332534790e-02
5.748286470770835876e-02
5.298268422484397888e-02
4.774071648716926575e-02
4.292283952236175537e-02
3.904979676008224487e-02
3.403918817639350891e-02
3.057279065251350403e-02
2.979670464992523193e-02
2.674322389066219330e-02
2.652228437364101410e-02
2.480237744748592377e-02
2.408077940344810486e-02
2.172524668276309967e-02
2.079376392066478729e-02
1.794175617396831512e-02
1.737521588802337646e-02
1.687267795205116272e-02
1.555885560810565948e-02
1.493513491004705429e-02
1.433507073670625687e-02
1.395663619041442871e-02
1.333757396787405014e-02
1.315962802618741989e-02
1.196828205138444901e-02
1.185167767107486725e-02
1.144619751721620560e-02
1.120953354984521866e-02
9.736448526382446289e-03
9.663473814725875854e-03
9.462188929319381714e-03
9.261175990104675293e-03
8.655405603349208832e-03
8.439219556748867035e-03
7.847044616937637329e-03
7.690685335546731949e-03
7.617433555424213409e-03
7.442975882440805435e-03
7.157590705901384354e-03
6.813611369580030441e-03
6.528762634843587875e-03
6.299152038991451263e-03
6.015725899487733841e-03
5.901862867176532745e-03
5.475652869790792465e-03
5.268819164484739304e-03
5.166033748537302017e-03
5.089917685836553574e-03
4.780067596584558487e-03
4.761775955557823181e-03
4.514028318226337433e-03
4.325632005929946899e-03
4.164693877100944519e-03
4.121102392673492432e-03
3.910848405212163925e-03
3.763295011594891548e-03
3.679239889606833458e-03
3.606694284826517105e-03
3.431874094530940056e-03
3.371348604559898376e-03
3.253926523029804230e-03
3.204766428098082542e-03
3.144072601571679115e-03
3.099310677498579025e-03
2.965770894661545753e-03
2.870626049116253853e-03
2.825037110596895218e-03
2.719748299568891525e-03
2.569823991507291794e-03
2.506081946194171906e-03
2.448206767439842224e-03
2.296691760420799255e-03
2.288805786520242691e-03
2.198212780058383942e-03
2.068585017696022987e-03
2.057844772934913635e-03
2.005128189921379089e-03
1.903954660519957542e-03
1.896054716780781746e-03
1.834996277466416359e-03
1.778547768481075764e-03
1.679731998592615128e-03
1.625580363906919956e-03
1.601128140464425087e-03
1.575795235112309456e-03
1.488674664869904518e-03
1.449938281439244747e-03
1.434339908882975578e-03
1.400096225552260876e-03
1.365458359941840172e-03
1.327985199168324471e-03
1.278951182030141354e-03
1.250038389116525650e-03
1.231141155585646629e-03
1.213816576637327671e-03
1.155896345153450966e-03
1.135672908276319504e-03
1.099684857763350010e-03
1.046253368258476257e-03
1.030454877763986588e-03
1.009737607091665268e-03
9.701772360131144524e-04
9.566001244820654392e-04
9.152780985459685326e-04
8.874143240973353386e-04
8.855839259922504425e-04
8.604211034253239632e-04
8.236705325543880463e-04
7.841553888283669949e-04
7.639930699951946735e-04
7.276097894646227360e-04
7.216018275357782841e-04
7.032486610114574432e-04
6.809795740991830826e-04
6.450772634707391262e-04
6.416345131583511829e-04
6.234081229194998741e-04
5.966651951894164085e-04
5.868660518899559975e-04
5.685921641997992992e-04
5.635381094180047512e-04
5.442288238555192947e-04
5.365621182136237621e-04
5.202447064220905304e-04
4.985865671187639236e-04
4.810016253031790257e-04
4.750148509629070759e-04
4.649237089324742556e-04
4.591289034578949213e-04
4.430341941770166159e-04
4.292280937079340219e-04
4.127524443902075291e-04
4.049452254548668861e-04
3.997949534095823765e-04
3.899541043210774660e-04
3.634574241004884243e-04
3.606333921197801828e-04
3.501860774122178555e-04
3.421441651880741119e-04
3.405559400562196970e-04
3.306297585368156433e-04
3.197880287189036608e-04
3.006400074809789658e-04
2.895306970458477736e-04
2.886392467189580202e-04
2.800931979436427355e-04
2.704756043385714293e-04
2.637538418639451265e-04
2.553831727709621191e-04
2.459917450323700905e-04
2.341847430216148496e-04
2.227860823040828109e-04
2.197409630753099918e-04
2.119464625138789415e-04
2.076452656183391809e-04
2.023685228778049350e-04
1.925461110658943653e-04
1.809618552215397358e-04
1.764237822499126196e-04
1.738397841108962893e-04
1.697408588370308280e-04
1.653233921388164163e-04
1.560757518745958805e-04
1.509394933236762881e-04
1.457995531382039189e-04
1.428723189746960998e-04
1.331057865172624588e-04
1.322402822552248836e-04
1.272574736503884196e-04
1.220181729877367616e-04
1.205798034789040685e-04
1.149990857811644673e-04
1.113309481297619641e-04
1.048340418492443860e-04
1.009395418805070221e-04
9.903743193717673421e-05
9.426008182344958186e-05
9.135409345617517829e-05
8.876510401023551822e-05
8.045946015045046806e-05
7.374231790890917182e-05
7.067519618431106210e-05
6.792596832383424044e-05
6.583234062418341637e-05
6.499293522210791707e-05
6.213228334672749043e-05
5.796103505417704582e-05
5.415211126091890037e-05
5.275788862491026521e-05
4.792051186086609960e-05
4.700354475062340498e-05
4.412093039718456566e-05
4.073528180015273392e-05
4.010988050140440464e-05
3.592179564293473959e-05
3.312481567263603210e-05
3.227491833968088031e-05
3.075002314290031791e-05
2.857666368072386831e-05
2.668624802026897669e-05
2.434319685562513769e-05
2.293950092280283570e-05
1.772726136550772935e-05
1.441802578483475372e-05
1.323071874281822602e-08
-1.143764993827289800e-08
1.114178971306500898e-08
-1.050250908463112864e-08
-9.918051269153238536e-09
8.773304749354338128e-09
-8.387710082047306059e-09
8.211473279118308710e-09
7.921602040994457639e-09
-7.890163189472332306e-09
-7.677699365160606249e-09
-7.108307276126879515e-09
6.388560347403426931e-09
-6.360860282939029275e-09
6.149465825444622169e-09
-5.960000049043401305e-09
-5.817064163693430601e-09
5.583644657747299789e-09
5.469917407907587403e-09
5.241640899100730167e-09
-5.152547721820610604e-09
5.020146520706703086e-09
-4.987983359683312301e-09
-4.523345698004277438e-09
4.442592071995932201e-09
-4.307310952356147027e-09
4.152849175653727798e-09
-4.061903258190113775e-09
3.980304530415423869e-09
3.702210094047586608e-09
-3.654006208719806637e-09
-3.640653778447244804e-09
3.570783668749299977e-09
-3.522288238855253439e-09
-3.460066011484741466e-09
3.278870064349348468e-09
-3.142779370080006629e-09
-3.007982307678958023e-09
2.911797247762137886e-09
2.872704518708246724e-09
2.752790440041508191e-09
-2.712226665479988696e-09
2.588147918203276276e-09
-2.566939771853071761e-09
2.510449848003304396e-09
2.305986512851632142e-09
-2.277330546363032227e-09
2.246673069805638079e-09
-2.191104853110914519e-09
2.036731228116650527e-09
-2.013363475938945157e-09
1.995746234939588248e-09
-1.881201638909146823e-09
1.821709560978490572e-09
-1.729283938267656140e-09
1.599078203184944869e-09
-1.593626786089430425e-09
1.413475891887117086e-09
-1.361839974123313368e-09
1.308455011006515178e-09
-1.299749641248126864e-09
-1.190992082733544066e-09
1.173236729989923788e-09
-9.994126637380418288e-10
9.526635036394281997e-10
8.871043344349516246e-10
-8.768929471436592848e-10
-7.496773757331709476e-10
7.064071549933714778e-10
-6.781397665633903671e-10
6.626462156766876888e-10
-5.420494053609559160e-10
4.175707279951978990e-10
-3.988004648736165336e-10
3.594584907506970239e-10
-3.405914161813683450e-10
-3.011038363087692460e-10
2.589056469215478273e-10
2.023633899339571940e-10
-1.008305453020774678e-10
2.526128438373742569e-11
