3.861521516685156603e-03 1.712326772565852043e-02
5.162498146969512688e-03 1.525347344990474023e-02
6.774368703013908602e-03 1.424168706983114721e-02
3.553294780220844773e-03 2.049264736251111413e-02
4.745756356714003234e-03 1.651886649864111808e-02
5.731168613038475045e-03 1.727906299296531542e-02
8.184246878435911740e-03 1.497920082619154034e-02
6.562149838487025232e-03 1.763627509679189034e-02
7.332562533698376225e-03 1.763863404934830348e-02
2.579167022992236418e-03 1.837800936975270832e-02
5.359467864539989648e-03 1.832067382663870453e-02
3.293417672256443093e-03 2.061649546016121326e-02
4.918861223200705381e-03 1.615471031536779359e-02
6.165617722885784191e-04 2.004401959943622261e-02
4.850471443423680015e-03 2.118997344579488101e-02
4.749389232799074959e-04 1.993177132240649130e-02
2.727500685201397681e-03 1.380058828519936491e-02
4.003235247208468926e-03 1.169519503840099964e-02
4.408795024803438024e-03 2.025919210169011345e-02
6.188275835012377844e-03 1.583684627801559483e-02
3.254729164207917271e-03 2.229541860339671194e-02
5.201075484797301578e-03 1.595222785803137103e-02
5.094354285274337295e-04 1.874003977571223056e-02
3.147006661727310469e-03 2.055040032006765285e-02
2.732627230032954983e-03 2.199454987670500239e-02
3.684206389921830267e-03 1.835306570745331642e-02
4.370178978884352652e-03 1.717269000535341650e-02
4.429014265146110144e-03 1.014194156652834140e-02
2.246420065640964726e-03 1.634577817837302299e-02
4.962411822369872626e-03 1.651708857589965357e-02
3.561798824983359105e-03 1.845237521788478663e-02
6.014497715439339875e-04 1.798968705550054933e-02
1.870245396887889721e-03 1.943233626158112279e-02
1.536008957159859945e-04 1.954128547057535498e-02
4.438579768632604401e-03 1.395217412406126248e-02
6.127668022641664762e-03 1.338355737232897746e-02
1.499250811230640320e-03 2.056823875523092898e-02
5.801044060057047001e-03 1.397494952426282799e-02
2.128539231797491830e-03 2.063743564642035733e-02
5.545628274937526234e-03 1.400219014110081275e-02
4.141163088992796427e-03 1.127319222520983995e-02
7.344698878378587946e-03 1.384260657109030040e-02
5.968723539560887720e-03 2.263797896220457254e-02
5.349963382029873996e-03 2.049367089195200040e-02
5.477140517562876371e-03 1.425732344042782325e-02
4.404143025220935703e-03 2.165234585358154218e-02
5.530567275956504297e-03 1.777991832923607810e-02
2.862499250496477847e-03 2.074237430732627646e-02
4.240208269934498883e-03 1.092840218790936888e-02
3.894146054155945592e-03 1.198933281804761414e-02
7.250744542511737729e-03 7.250744542511737729e-03
4.912131288129719872e-03 4.912131288129719872e-03
3.054823055081227253e-03 1.347730549557370379e-02
6.784169860316086216e-03 1.752501814026366858e-02
3.446044142283934304e-03 1.914719131763955445e-02
6.911138272917359548e-03 1.628625398823261086e-02
1.370477088875974225e-03 1.927004165049425385e-02
4.945717970283461731e-03 2.291127004398033074e-02
2.429865510949852109e-03 2.117106952035100603e-02
1.573408990610277933e-03 2.302417075737801799e-02
4.360949719489792646e-03 1.758765488409224850e-02
6.503070135541233303e-03 1.613755585757094962e-02
1.480443604201456135e-03 1.931518225001079697e-02
4.681150953074089509e-03 1.637895656711816153e-02
9.367162875543846899e-04 1.904166443916242846e-02
4.668207375047746938e-03 1.333173597894497797e-02
7.698246801533312330e-04 1.893279806944465557e-02
4.302859434470642647e-03 1.426653224061006156e-02
4.820592238635353945e-03 7.244399258862303445e-03
4.679701119217225154e-03 2.028381341741005914e-02
6.815978139784523680e-03 1.669246107766701043e-02
2.507010506299938660e-03 1.947261296046825033e-02
4.776547732374387609e-03 1.645728479387380608e-02
1.585028686526679300e-03 1.851016101929141289e-02
3.445921067081041903e-03 1.818645837381813873e-02
2.489751987720310281e-04 1.851956730887626551e-02
5.040539027058840759e-04 1.984776883111502924e-02
1.509053718465641581e-03 1.932606577102114268e-02
1.804615686666901156e-03 1.419488838661210096e-02
4.847993403426683647e-03 1.603240507525545769e-02
2.517533452222272400e-03 1.858589165776146704e-02
6.121435672636197332e-03 1.079839638433395879e-02
4.230762319905714657e-03 1.844390592411248794e-02
2.520003053562913913e-03 1.890738320939167050e-02
2.112204332750362325e-03 1.947040210019844800e-02
4.505408947119745721e-04 1.991166035906253087e-02
1.491906108824941764e-05 1.334085841969551677e-02
5.586267296317237036e-03 2.210633581485180188e-02
3.116717848732185846e-03 1.918897617282626367e-02
5.876827276451076490e-04 1.991395196159304048e-02
1.677701303465516363e-03 2.052601241995516065e-02
5.217602600036030415e-03 1.540921358474385203e-02
5.043174749813121409e-03 1.942821375362456873e-02
2.294057925492295601e-03 2.076968255844340375e-02
3.822069772208943911e-03 1.216721879347774579e-02
3.132192262694497454e-03 1.592237673525191688e-02
5.011087846721059592e-03 1.594165848238923364e-02
4.831430902595623515e-03 1.909944321660764568e-02
5.161293094812135530e-03 1.670502564737912782e-02
7.969836326211803337e-03 7.969836326211803337e-03
