1.661825027335540383e+01
6.830473424128571835e+00
5.064178388692313959e+00
2.367525343366325252e+00
4.269472829015616977e-01
2.345250304013048737e-01
9.311098990888741489e-02
4.639547695307955077e-02
3.790965626494872259e-02
3.462185547037400363e-02
2.690567907835077904e-02
2.228598567078850928e-02
1.784552090815562722e-02
1.157201032912407411e-02
8.848449126224702116e-03
7.641905578172618341e-03
6.397203622182019191e-03
4.373393190132506686e-03
3.828991767930366771e-03
2.740590788459906519e-03
2.226005225098818575e-03
1.775979370278097692e-03
1.533539570513759061e-03
1.295756372446755199e-03
1.192854615760684765e-03
1.076153888427634027e-03
9.525973110822974141e-04
8.336149237587292234e-04
7.546051618196308181e-04
6.820030377656180346e-04
6.665615849088478949e-04
6.173069746917821208e-04
5.773597771487731225e-04
5.215898219719022552e-04
4.462523071275567945e-04
4.254978864446487454e-04
4.201533814834812388e-04
3.829085898413220530e-04
3.741111667674868607e-04
3.480808778298340113e-04
3.346836545744945497e-04
3.214101303983908707e-04
3.014915452795391632e-04
2.855236981829857470e-04
2.762086367203670867e-04
2.594543292400774753e-04
2.440749019827463814e-04
2.303834616453443135e-04
2.265264802802422590e-04
2.125454373764407753e-04
2.086788537523168456e-04
1.926224760636891615e-04
1.923579255364831354e-04
1.844921136775049583e-04
1.710844657924638754e-04
1.636592152108188106e-04
1.612872943464435432e-04
1.548320996620553664e-04
1.487222654681865535e-04
1.463080518176939303e-04
1.376251543835646323e-04
1.326166965215377176e-04
1.295992332133584187e-04
1.230910510836889598e-04
1.211247051684687440e-04
1.150598560494478918e-04
1.120272202437059937e-04
1.061597687589174705e-04
1.039702360805999296e-04
1.003624378592288675e-04
9.710689466131652208e-05
9.543307015077726941e-05
9.434735921171611404e-05
9.059383299408448130e-05
8.808120669663643614e-05
8.653718081247266207e-05
8.089387713902228966e-05
7.968025291741453315e-05
7.745951010438825908e-05
7.548649886096398724e-05
7.365093532925515640e-05
6.728099422582641594e-05
6.672059427101736289e-05
6.500663151041760211e-05
6.372598438822874457e-05
6.126847183695782100e-05
6.059345915288333106e-05
5.956074119102116194e-05
5.861628239784290561e-05
5.589825398678782486e-05
5.568584981037166934e-05
5.484445271588558429e-05
5.246714945760006150e-05
5.142562649089414532e-05
4.915565782502619445e-05
4.843620308167450521e-05
4.716783195806375129e-05
4.659749931464751146e-05
4.494241125774106220e-05
4.458110714869313558e-05
4.393704010971306639e-05
4.324001080838788902e-05
4.228742711558590412e-05
4.171724223939722261e-05
3.985986453801790210e-05
3.936913632236537186e-05
3.820512298568968406e-05
3.746073476654658742e-05
3.639887978605213563e-05
3.539990510898636731e-05
3.500640291149065319e-05
3.378100493696983993e-05
3.318058156847681142e-05
3.294968957955519983e-05
3.233337509485641041e-05
3.159754120644620430e-05
3.115181899268459735e-05
3.059500457884819298e-05
3.016435366236151983e-05
2.895634623296490103e-05
2.752693332831096572e-05
2.722403153488716789e-05
2.683372584624863741e-05
2.635435214682666804e-05
2.606787823600716520e-05
2.549721473821801474e-05
2.524356445555270460e-05
2.475580212854796964e-05
2.448665195476531936e-05
2.364962978762856903e-05
2.342939488150760826e-05
2.331316492723093525e-05
2.296814813339455256e-05
2.183142768461489419e-05
2.151806358078634673e-05
2.108021233375340865e-05
2.068504085786227237e-05
2.039903504345037929e-05
1.988076894429694126e-05
1.981236268652749124e-05
1.947775171599983469e-05
1.912322783378244561e-05
1.867851436844322735e-05
1.823048615731074151e-05
1.799267577720400473e-05
1.726970433477815038e-05
1.679311162182963140e-05
1.638090073617724362e-05
1.635894856833536171e-05
1.607110304906046429e-05
1.583964665119143777e-05
1.550923502017351562e-05
1.500513526196424328e-05
1.477907173258091133e-05
1.468309421176398850e-05
1.420224897652427861e-05
1.389750891806607607e-05
1.373401263183040559e-05
1.343409262804248272e-05
1.325380738097622341e-05
1.283269937003090401e-05
1.274928820236918379e-05
1.255068557564254632e-05
1.237327856604774655e-05
1.203212009706547048e-05
1.180117661777557129e-05
1.161328428400959392e-05
1.109276715923524635e-05
1.107001484423327028e-05
1.082038476579282315e-05
1.068372468305108514e-05
1.027330745462813730e-05
1.026281907836596501e-05
9.907274319399798397e-06
9.777773544509227278e-06
9.601895975037728366e-06
9.470897390647503629e-06
9.219952400067527102e-06
9.051690207087066339e-06
8.899816580715960856e-06
8.560106091984348602e-06
8.452214844372908163e-06
8.344594108268484799e-06
8.107344432020806199e-06
7.860916421872191252e-06
7.776376483433761465e-06
7.499498787350417412e-06
7.389172281683354895e-06
7.298449795677327965e-06
7.156652405868317674e-06
7.036819383814124679e-06
6.861290472701364473e-06
6.609419043132970120e-06
6.561652332190389805e-06
6.406748506065201618e-06
6.307756960389765309e-06
6.121075042103439270e-06
6.070502676624379023e-06
5.885273205403395527e-06
5.756239151706933992e-06
5.489146960209888602e-06
5.439195959111354981e-06
5.311992084921071043e-06
5.242481845959205831e-06
5.183496390209513005e-06
5.103383659065816406e-06
4.944064339837099943e-06
4.784553139954841875e-06
4.740636825205758750e-06
4.612025706687158788e-06
4.443485657361646496e-06
4.252732293535206342e-06
4.195504370666749050e-06
4.088844078409590981e-06
3.987513996403232463e-06
3.838158376067738645e-06
3.796622765757340725e-06
3.758899575023479716e-06
3.746742281355732676e-06
3.608196342107738457e-06
3.561387114114184656e-06
3.383722119347430235e-06
3.305963953674157107e-06
3.164249478077710866e-06
3.083661362594234306e-06
3.058890506514062309e-06
2.937228444791344625e-06
2.897759690374177773e-06
2.781764249934263792e-06
2.770725025110282884e-06
2.729874952666782737e-06
2.639901628809438976e-06
2.567929152737687228e-06
2.448059429013046437e-06
2.318252707302574114e-06
2.217795987441289046e-06
2.192712624820620172e-06
2.146359798807436240e-06
2.089780098457977904e-06
2.073859173002015708e-06
2.017000038533650504e-06
1.994490172930946863e-06
1.947659377616249002e-06
1.901582052799518678e-06
1.793064571689986423e-06
1.702727866641207636e-06
1.686303926832756743e-06
1.644149801330337114e-06
1.594379576496958423e-06
1.585795517503733739e-06
1.528154834150079516e-06
1.473577534206375546e-06
1.442313133905533316e-06
1.405745072956069132e-06
1.348830480435096826e-06
1.297632235610795049e-06
1.282307193696067464e-06
1.236389505207747403e-06
1.199748231251745466e-06
1.151353249087539191e-06
1.145313850884736627e-06
1.112543488963237750e-06
1.018792634488851148e-06
9.735371334601519162e-07
9.358516444181363721e-07
9.203560606491255705e-07
8.598504975052050885e-07
8.320171166395145096e-07
8.274521209024645588e-07
7.801594472295832229e-07
7.450870457357610724e-07
7.127085845416340329e-07
6.840140844424977276e-07
6.788205628699006268e-07
6.229723716105438338e-07
6.024304810161981019e-07
5.809187134955138836e-07
5.521042619995366491e-07
5.074489321918683661e-07
5.047132478573115833e-07
4.651102322712999496e-07
3.741118934917151634e-07
3.631638659138029881e-07
3.496439772758359351e-07
3.085701525187827838e-07
2.921528811152810260e-07
2.898273910150190662e-07
2.318787021013919471e-07
1.986954233040906706e-07
1.822252072805638236e-07
1.648106316650672323e-07
1.550498028102158381e-07
1.171415360593034388e-07
1.101251202770085335e-07
6.169119448845636743e-08
2.109117990133341465e-08
1.661746569906885310e-08
