6.569055938720703125e+01
3.184349060058593750e+01
2.060290145874023438e+01
9.650270462036132812e+00
1.827888846397399902e+00
1.135691523551940918e+00
7.514464855194091797e-01
3.902406692504882812e-01
1.683428287506103516e-01
1.205046474933624268e-01
9.639756381511688232e-02
5.371149629354476929e-02
4.846882447600364685e-02
3.956852108240127563e-02
2.163163200020790100e-02
1.542705111205577850e-02
1.012725569307804108e-02
6.508315913379192352e-03
5.325525067746639252e-03
4.582968540489673615e-03
2.748028608039021492e-03
1.412185141816735268e-03
1.233692746609449387e-03
1.056740293279290199e-03
9.941292228177189827e-04
9.504971094429492950e-04
8.205813355743885040e-04
7.180633838288486004e-04
6.758838426321744919e-04
6.384945590980350971e-04
6.081897881813347340e-04
5.511780036613345146e-04
4.989784210920333862e-04
4.658128018490970135e-04
4.313395766075700521e-04
3.966515650972723961e-04
3.801479469984769821e-04
3.643847303465008736e-04
3.542051126714795828e-04
3.260815574321895838e-04
3.040783922187983990e-04
2.883031556848436594e-04
2.601538144517689943e-04
2.531355130486190319e-04
2.466434089001268148e-04
2.364628453506156802e-04
2.323517983313649893e-04
2.146457700291648507e-04
2.096939133480191231e-04
1.907630648929625750e-04
1.855509763117879629e-04
1.732354867272078991e-04
1.722457236610352993e-04
1.611132465768605471e-04
1.583412667969241738e-04
1.504518586443737149e-04
1.422527566319331527e-04
1.409689284628257155e-04
1.281204749830067158e-04
1.231386413564905524e-04
1.197437886730767787e-04
1.161701075034216046e-04
1.101852903957478702e-04
1.091070225811563432e-04
1.045771059580147266e-04
1.040199931594543159e-04
9.717592183733358979e-05
9.558703459333628416e-05
9.177589527098461986e-05
8.570108911953866482e-05
8.303762297146022320e-05
8.264624193543568254e-05
7.390751852653920650e-05
7.159785309340804815e-05
6.989900430198758841e-05
6.757076334906741977e-05
6.479060539277270436e-05
6.391401257133111358e-05
6.112678238423541188e-05
5.774468809249810874e-05
5.494437937159091234e-05
5.315276939654722810e-05
5.292829519021324813e-05
5.062139825895428658e-05
4.898342740489169955e-05
4.670961789088323712e-05
4.505838296608999372e-05
4.460559648578055203e-05
4.401789192343130708e-05
4.128650471102446318e-05
3.992016718257218599e-05
3.914238550351001322e-05
3.803923391387797892e-05
3.708734584506601095e-05
3.607006874517537653e-05
3.510907845338806510e-05
3.371270940988324583e-05
3.246351116104051471e-05
3.086263677687384188e-05
3.063698022742755711e-05
3.032771928701549768e-05
2.913344360422343016e-05
2.806250449793878943e-05
2.748309998423792422e-05
2.654869967955164611e-05
2.581470653240103275e-05
2.547111762396525592e-05
2.504211624909657985e-05
2.338593731110449880e-05
2.296587626915425062e-05
2.248898636025842279e-05
2.195371598645579070e-05
2.080492777167819440e-05
2.057969140878412873e-05
2.048597707471344620e-05
1.979337321245111525e-05
1.925924880197271705e-05
1.878743023553397506e-05
1.852109744504559785e-05
1.803777377062942833e-05
1.764968874340411276e-05
1.741899541229940951e-05
1.677578984526917338e-05
1.597207301529124379e-05
1.565045567986089736e-05
1.526101550552994013e-05
1.491312377766007558e-05
1.474470354878576472e-05
1.419056934537366033e-05
1.373363193124532700e-05
1.368816356261959299e-05
1.326591518591158092e-05
1.303253975493134931e-05
1.255670395039487630e-05
1.229496047017164528e-05
1.177584908873541281e-05
1.146777503890916705e-05
1.122530102293239906e-05
1.089505349227692932e-05
1.064002117345808074e-05
1.049667116603814065e-05
1.041687028191518039e-05
1.011305903375614434e-05
9.929557563737034798e-06
9.535038770991377532e-06
9.493291145190596581e-06
9.253112693841103464e-06
8.974542652140371501e-06
8.778925803198944777e-06
8.646891728858463466e-06
8.318452273670118302e-06
8.182826604752335697e-06
8.030488970689475536e-06
7.828321940905880183e-06
7.819766324246302247e-06
7.492423264920944348e-06
7.368450042122276500e-06
7.336939233937300742e-06
6.951715477043762803e-06
6.868785476399352774e-06
6.813058917032321915e-06
6.471993856393964961e-06
6.419266355806030333e-06
6.234451575437560678e-06
6.027000381436664611e-06
5.804661213915096596e-06
5.769819381384877488e-06
5.698196673620259389e-06
5.613087978417752311e-06
5.511441486305557191e-06
5.401794169301865622e-06
5.302064437273656949e-06
5.195475750952027738e-06
5.113152383273700252e-06
5.054262146586552262e-06
5.028845407650806010e-06
4.682219241658458486e-06
4.577649178827414289e-06
4.485641966311959550e-06
4.342964530223980546e-06
4.169969088252400979e-06
4.125391114939702675e-06
4.000688477390212938e-06
3.947759068978484720e-06
3.839106284431181848e-06
3.788149115280248225e-06
3.730977596205775626e-06
3.585957756513380446e-06
3.506991788526647724e-06
3.500101229292340577e-06
3.430300012041698210e-06
3.328342017994145863e-06
3.181330612278543413e-06
3.151389364575152285e-06
3.051307658097357489e-06
2.930890332208946347e-06
2.904655957536306232e-06
2.853783371392637491e-06
2.837082320183981210e-06
2.737163185884128325e-06
2.670640014912351035e-06
2.604469273137510754e-06
2.564094074841705151e-06
2.513016170269111171e-06
2.430259655739064328e-06
2.368894001847365871e-06
2.342039579161792062e-06
2.288983523612841964e-06
2.265562898173811845e-06
2.160337544410140254e-06
2.151545231754425913e-06
2.109464276145445183e-06
2.017012775468174368e-06
1.988782287298818119e-06
1.915949042086140253e-06
1.865120907496020664e-06
1.822385797822789755e-06
1.733870135467441287e-06
1.698874484645784833e-06
1.635081275708216708e-06
1.606193336556316353e-06
1.577073703629139345e-06
1.563007003824168351e-06
1.529367068542342167e-06
1.477992668696970213e-06
1.412204142070550006e-06
1.373473423882387578e-06
1.324690629189717583e-06
1.294742105528712273e-06
-1.292326828661316540e-06
1.211471499118488282e-06
1.175248598883626983e-06
1.154309984485735185e-06
1.117619490287324879e-06
1.093891114578582346e-06
1.068032474904612172e-06
1.022777610160119366e-06
-1.008257981993665453e-06
9.960592706192983314e-07
9.441696420253720134e-07
9.042746000886836555e-07
8.685529451213369612e-07
8.501145885020378046e-07
8.225813417084282264e-07
7.734479368082247674e-07
-7.638005286025872920e-07
7.582552825624588877e-07
7.247667213050590362e-07
-7.078061798893031664e-07
7.060836537675641011e-07
6.796825573474052362e-07
6.400351821866934188e-07
-6.299908363871509209e-07
6.136720003269147128e-07
5.995392484692274593e-07
-5.798552251690125559e-07
5.793511377305549104e-07
5.634975082102755550e-07
5.338008008948236238e-07
5.039532879891339689e-07
4.925944381284352858e-07
-4.745729711430612952e-07
4.674927254200156312e-07
4.501757189245836344e-07
4.189730873349617468e-07
4.025743578495166730e-07
3.655258069557021372e-07
-3.575853213533264352e-07
-3.395926171378960134e-07
3.348200436903425725e-07
3.315782635127106914e-07
-3.087911011334654177e-07
3.052396948532987153e-07
2.797160618683847133e-07
-2.707707835725159384e-07
2.644216010594391264e-07
-2.591112604477530112e-07
2.359620907554926816e-07
2.349912904264783720e-07
-2.039885060867163702e-07
2.000923728928682976e-07
1.853408093666075729e-07
-1.771314828147296794e-07
1.506838884779426735e-07
-1.478970546031632693e-07
1.315866029472090304e-07
-1.213799976085283561e-07
-1.059613268239445460e-07
8.842845033996127313e-08
-8.441217147492352524e-08
7.650957201121855178e-08
6.588083323322280194e-08
-5.244661238634762412e-08
4.793294294813676970e-08
2.443420576980770420e-08
9.129589528811266064e-09
-7.568802473656432994e-09
