3.835682581521832404e-03 1.716823173949362860e-02
4.673292306005739742e-03 1.639429265218619869e-02
6.540787001372268782e-03 1.541446059173995006e-02
3.326731093462928675e-03 2.060270994423128374e-02
4.804406097687819420e-03 1.640041446776537015e-02
5.150160445558300305e-03 1.856911929836304806e-02
8.149105962581240648e-03 1.524928077892581668e-02
6.601028400637666375e-03 1.750308287463619994e-02
7.385009317907742336e-03 1.741055590191381910e-02
2.233228549320542041e-03 1.841669697194003169e-02
5.264859278415785424e-03 1.850948002513148199e-02
3.267431059811473811e-03 2.062683236876998796e-02
4.932809442475510030e-03 1.612338368517287485e-02
5.784937474433056188e-04 2.001460113760429593e-02
4.738870085370903984e-03 2.131858544003353839e-02
4.949204070244142117e-04 1.994807267071224341e-02
2.774215868090346582e-03 1.376121650254947745e-02
3.965946191691107139e-03 1.179933615986741846e-02
4.321022925479682357e-03 2.034902433554205969e-02
6.166534816111575446e-03 1.591741451981328742e-02
3.371140127709754131e-03 2.226157439876831970e-02
5.226996157495657387e-03 1.588485704646116353e-02
4.434469130776139069e-04 1.868678961248696965e-02
3.292172596797619463e-03 2.049598623757438454e-02
2.286589123895331824e-03 2.197323378480801198e-02
3.715957001648811497e-03 1.832551912723174095e-02
4.513246682322209422e-03 1.694358531342241708e-02
4.422402004536829002e-03 1.017305444510894705e-02
2.303896850930116456e-03 1.633455563368636787e-02
4.981519308251788902e-03 1.647528327275724069e-02
3.655236481097480072e-03 1.837754998036963613e-02
6.217676150884662292e-04 1.800472348710175849e-02
1.999709739180874184e-03 1.945608298201816078e-02
1.326028864620548318e-04 1.952143263960511715e-02
4.459298041107738302e-03 1.390103076473836463e-02
6.114734591620822786e-03 1.345080194822070342e-02
1.495691669797656739e-03 2.056674471317868069e-02
5.840874186488953859e-03 1.380243412559895716e-02
2.235759264109903142e-03 2.065101420559209075e-02
5.621082468126522257e-03 1.370115746302887072e-02
4.165194896621939556e-03 1.119305814737453671e-02
7.364881677245055380e-03 1.369174034663074579e-02
5.852963602467091062e-03 2.282281397540816131e-02
5.624099689206986212e-03 2.001516466155857724e-02
5.514183407997432472e-03 1.412134083664633513e-02
4.474742201375737569e-03 2.158815029175867317e-02
5.530567275956504297e-03 1.777991832923607810e-02
2.922566256307368698e-03 2.073049428980208372e-02
4.257908597970933538e-03 1.086248894641508519e-02
3.872959703883232119e-03 1.204290249601742101e-02
7.230634189459177186e-03 7.230634189459177186e-03
4.889255395674911575e-03 5.863164234335327754e-03
2.995520422378941065e-03 1.354442271443536024e-02
6.789377477230659590e-03 1.750588441174374260e-02
3.445059417548218105e-03 1.914780323855398703e-02
6.892498515709243913e-03 1.636846653669559587e-02
1.395369289520657701e-03 1.928071777434015727e-02
4.991866979112706028e-03 2.286285948382406688e-02
2.818703216184454546e-03 2.115317501851380483e-02
1.655049604146090593e-03 2.306036727980578446e-02
4.295559368882507882e-03 1.767944202981360999e-02
6.537976595497527188e-03 1.599629025923848466e-02
1.486818346197094206e-03 1.931763814913155589e-02
4.689267768384512702e-03 1.636302724939685954e-02
8.796176139035428738e-04 1.900571668254282323e-02
4.724409159887917736e-03 1.315982170367041224e-02
9.345556022112853954e-04 1.904032880259219629e-02
4.284651939941428941e-03 1.430613413412787013e-02
4.897575768246703598e-03 5.486479660691189093e-03
4.654954484996011443e-03 2.031366451937413956e-02
6.811205989697506104e-03 1.671198535528478982e-02
2.481505022406340407e-03 1.947479217482557187e-02
4.761280859197135860e-03 1.648798364149622539e-02
1.704295256030924745e-03 1.854357476889031617e-02
3.457757195852945078e-03 1.817780000340761190e-02
3.116944636226299799e-04 1.857517446619515178e-02
5.518027741671623423e-04 1.988588618510065548e-02
1.490740116345453184e-03 1.931914023348445947e-02
1.828507583135201850e-03 1.419287057034458559e-02
4.858887326167224407e-03 1.600831342374921598e-02
2.475458822584743201e-03 1.859204697524924690e-02
6.119356812094626195e-03 1.081637606062909977e-02
4.252991842753637078e-03 1.841702913177946377e-02
2.376152716674185140e-03 1.892155795478412880e-02
2.223267651297321755e-03 1.947867596389516245e-02
6.077630276995084737e-04 2.003726935910322624e-02
0.000000000000000000e+00 1.332600106675778731e-02
5.596380941414971777e-03 2.209113715132784289e-02
3.049913622373682121e-03 1.921659099450926875e-02
6.157587330779419870e-04 1.993556780757575406e-02
1.611493947890700476e-03 2.050244248263855679e-02
5.236426859579307660e-03 1.535644903202845919e-02
5.127932916607257086e-03 1.928983128586020390e-02
2.257030512770143767e-03 2.076632198792687997e-02
3.831268776136735263e-03 1.214519086474083985e-02
2.659106131256821440e-03 1.621761643096191266e-02
4.818920331451693323e-03 1.637034204263625170e-02
3.987950265753157850e-03 2.006722641933725293e-02
4.504059481980368304e-03 1.792776605325721584e-02
7.951900420301675002e-03 7.951900420301675002e-03
