1.637414989941429511e+01
7.570556302280975203e+00
5.445619557095477070e+00
2.578816183940962237e+00
4.666791637971965390e-01
2.380798128682262704e-01
8.168457754878330479e-02
5.791857907197364014e-02
3.623319748394081274e-02
2.685257372015731683e-02
2.157009208666505265e-02
1.461731498978563817e-02
1.325356299288515428e-02
9.537345165656060941e-03
8.448953171925090849e-03
3.954562435224373909e-03
3.520642003276926515e-03
2.102220392443756008e-03
1.841677823406763243e-03
1.710044959938628777e-03
1.623285240693943428e-03
1.398302523779447254e-03
1.191582724653690193e-03
7.352157980954854245e-04
6.524429676276302962e-04
6.306783890832601529e-04
5.341700640613286600e-04
4.493935308412915766e-04
4.234627543476780645e-04
4.024336365463236274e-04
3.816071286093469209e-04
3.478098434156101692e-04
3.103990304302015383e-04
2.818012556691788426e-04
2.610104320729818815e-04
2.568014766107843370e-04
2.411827721736031576e-04
2.331344108280350512e-04
2.233803792994182281e-04
2.107938125739136994e-04
2.025585982370138355e-04
1.800084328892658848e-04
1.784275230428252423e-04
1.714273685383096350e-04
1.674744617339992369e-04
1.576811263729026042e-04
1.455406579018175437e-04
1.374761653494319645e-04
1.358457248098318346e-04
1.274301914940366833e-04
1.249596851752335066e-04
1.191604933860146518e-04
1.153418865081410445e-04
1.126706407497958361e-04
1.085174954575428226e-04
1.049366545840182415e-04
1.039210271909378795e-04
1.028001821246462069e-04
9.864808558120433579e-05
9.729667009751492314e-05
9.190937315758050934e-05
8.741237921998920091e-05
8.442180229962278470e-05
8.386994065812216129e-05
8.000087167023121372e-05
7.822278017595875983e-05
7.491803441975497275e-05
7.250630172249133835e-05
7.043437460675385745e-05
6.984448148011184723e-05
6.742123600373710530e-05
6.605120679926397380e-05
6.220348124866425144e-05
6.098735447182387296e-05
6.000752922018616416e-05
5.863237984310919296e-05
5.760678115189455609e-05
5.558340919668826546e-05
5.468463347488108532e-05
5.328524891712804816e-05
5.249243467049305163e-05
5.113935937837037801e-05
5.064799524874158578e-05
4.811737775855378789e-05
4.724892535069608480e-05
4.719595281923422256e-05
4.643697395934116319e-05
4.373155878181575896e-05
4.339906666905372326e-05
4.267930578500296623e-05
4.222323934502892272e-05
4.032553425072992294e-05
3.905504961987990559e-05
3.864014785136280161e-05
3.768653455481486657e-05
3.751442732000878492e-05
3.689974920177164635e-05
3.643256248263138770e-05
3.605008512368348120e-05
3.511297249092396966e-05
3.434606862104074069e-05
3.397781048480020101e-05
3.283687433037238667e-05
3.255997723362316962e-05
3.130964874764765151e-05
3.102009297505105675e-05
2.991544109341033304e-05
2.963233897874433589e-05
2.936021227422739443e-05
2.872426600611501790e-05
2.812980296991078540e-05
2.754547024882182061e-05
2.735048401311320304e-05
2.550035511715685818e-05
2.508568394385776073e-05
2.487453406040334938e-05
2.459078386131041460e-05
2.408919380484149809e-05
2.335760015677949131e-05
2.279371786939158619e-05
2.254430708360152113e-05
2.215406304959481650e-05
2.158807459920603474e-05
2.119268397426637076e-05
2.080782729544978263e-05
2.051890935263382481e-05
2.044062662740048198e-05
2.007128228420516759e-05
1.995442365498573242e-05
1.960780638143761690e-05
1.924567336332599107e-05
1.879006611201592823e-05
1.837596120940484883e-05
1.779282082968358967e-05
1.751874109855043788e-05
1.725113706895938095e-05
1.675744113962788446e-05
1.656939220312167110e-05
1.620697345532758741e-05
1.605337903522502423e-05
1.560040337415303548e-05
1.503053361296186677e-05
1.492170258404236166e-05
1.463142965014497306e-05
1.419343915416641388e-05
1.404951109627855052e-05
1.397437785622179274e-05
1.367044964550327479e-05
1.338406406216628842e-05
1.328019830673672376e-05
1.321943576899346393e-05
1.266147301468382957e-05
1.256205039956069233e-05
1.237752724023970969e-05
1.204657992504463939e-05
1.182027983811307388e-05
1.156993056883122127e-05
1.140222037692581980e-05
1.109542564275570432e-05
1.083277797257924178e-05
1.065577366068571072e-05
1.048413840617052203e-05
1.039743009268066135e-05
1.020875757295151724e-05
1.007302343314266548e-05
9.742830925285049005e-06
9.701978397832040373e-06
9.615928953936181485e-06
9.348572468769309442e-06
9.214762954859212788e-06
8.953897192746794988e-06
8.840789617874236306e-06
8.675323907449426558e-06
8.620176420981644777e-06
8.391280025693537330e-06
8.261930659432147720e-06
8.071666001600417571e-06
7.703432775354939629e-06
7.496928209380715375e-06
7.340942703146380733e-06
7.292690586391732427e-06
7.161076086720522437e-06
7.020337504618738121e-06
6.969546749985416110e-06
6.826612908714894770e-06
6.747989766044142230e-06
6.578259179971008525e-06
6.426984898302636933e-06
6.362812123109181193e-06
6.251776253726423239e-06
6.029884393915740125e-06
5.924634673724168156e-06
5.802541718278649126e-06
5.746621669117059850e-06
5.590023184734026980e-06
5.324673863458090430e-06
5.259920317674045246e-06
5.134607273958968727e-06
5.001764660610558540e-06
4.934385800601086641e-06
4.867394752171172439e-06
4.741881044708287815e-06
4.545056003725252131e-06
4.488180040036998490e-06
4.376191385828225542e-06
4.246704798602409168e-06
4.098881227191845794e-06
4.066914919906345995e-06
4.057653025997941484e-06
3.935846951673709922e-06
3.869801712415736535e-06
3.799114685154295930e-06
3.654965002616472742e-06
3.586258405398341031e-06
3.546499627948540393e-06
3.455480326965977325e-06
3.378913617978673843e-06
3.252154424097494573e-06
3.185176893531181505e-06
3.101731682049878629e-06
3.025669818865527583e-06
2.971280630943622732e-06
2.949799308935196095e-06
2.871596677697484914e-06
2.820144145649319629e-06
2.720724248141812722e-06
2.684173442054117437e-06
2.655442450662324344e-06
2.635264590888279298e-06
2.585818724658652006e-06
2.452993327353547842e-06
2.368966420254415505e-06
2.282510784045604579e-06
2.193725338344624321e-06
2.158361820915529057e-06
2.062078672993018070e-06
2.007372702895491188e-06
1.981368219447742263e-06
1.952285532946624923e-06
1.935733011302380121e-06
1.869506984071392365e-06
1.841242382866416502e-06
1.721340816896363063e-06
1.656133495451839740e-06
1.655918399817431723e-06
1.629786893015861582e-06
1.575743722407666160e-06
1.546420383709418323e-06
1.435344936244846519e-06
1.377367772690694087e-06
1.371245901920930279e-06
1.340984283752933734e-06
1.269526597556293233e-06
1.210397228188116477e-06
1.167581601256281585e-06
1.141265373746936786e-06
1.120310420484261011e-06
1.109882801483133332e-06
1.044888662380447282e-06
9.851186441857974982e-07
9.590156148787303418e-07
9.242635966027607823e-07
9.200045690498951475e-07
9.195487304291277468e-07
8.814949471510925056e-07
8.345788849887723448e-07
8.086647178580437414e-07
7.793931022522828035e-07
7.385653440985066232e-07
7.186913981184606556e-07
6.685184702493106108e-07
6.331246302964516924e-07
6.037688359797018866e-07
5.678665228426876668e-07
5.319508597266749533e-07
5.193067212475639868e-07
5.007538893833070317e-07
4.697119147929625428e-07
4.628036100824765585e-07
4.497928500489050568e-07
3.906810052073086613e-07
3.739356199915456769e-07
3.469724083691679175e-07
3.318163041373112429e-07
2.961887500617893322e-07
2.793920351019897938e-07
2.266537524377833535e-07
2.117608830755621269e-07
2.089190599325784526e-07
1.849077562241266041e-07
1.746420965292927443e-07
1.306708085216127995e-07
1.150937154981958712e-07
6.088058922730809978e-08
5.694785647859643402e-08
2.443142901413631480e-08
1.514187076451418933e-08
