6.478430938720703125e+01
3.542152786254882812e+01
2.240692901611328125e+01
1.017959117889404297e+01
1.823580622673034668e+00
1.046149492263793945e+00
6.613472104072570801e-01
4.056711792945861816e-01
1.885832399129867554e-01
1.645275503396987915e-01
1.030926108360290527e-01
5.663917586207389832e-02
4.179952666163444519e-02
1.507150661200284958e-02
1.239005383104085922e-02
6.695017218589782715e-03
5.654263310134410858e-03
3.817421151325106621e-03
2.321554347872734070e-03
2.230647020041942596e-03
1.895786146633327007e-03
1.127805910073220730e-03
9.741425747051835060e-04
8.325942326337099075e-04
5.728263058699667454e-04
5.433254991658031940e-04
5.155386752448976040e-04
4.712050431407988071e-04
4.069459973834455013e-04
3.879881405737251043e-04
3.549319808371365070e-04
3.125588700640946627e-04
2.802085073199123144e-04
2.681810583453625441e-04
2.566475886851549149e-04
2.426034625386819243e-04
2.370099682593718171e-04
2.191116655012592673e-04
2.080593985738232732e-04
2.010794414673000574e-04
1.928807323565706611e-04
1.719597203191369772e-04
1.623479329282417893e-04
1.544842380098998547e-04
1.441360946046188474e-04
1.434585574315860868e-04
1.385720097459852695e-04
1.346037897747009993e-04
1.310000079683959484e-04
1.275757531402632594e-04
1.185813671327196062e-04
1.127742289099842310e-04
1.033225344144739211e-04
1.005292215268127620e-04
9.780409163795411587e-05
9.421465074410662055e-05
9.117367153521627188e-05
8.424583938904106617e-05
8.120021084323525429e-05
7.673402433283627033e-05
7.513313175877556205e-05
7.272545917658135295e-05
7.102719973772764206e-05
6.878897693241015077e-05
6.757229857612401247e-05
6.536932778544723988e-05
6.335970829240977764e-05
6.171353015815839171e-05
5.787648478872142732e-05
5.717907697544433177e-05
5.630100349662825465e-05
5.363665331969968975e-05
5.156185216037556529e-05
5.072302519693039358e-05
4.918925696983933449e-05
4.562530011753551662e-05
4.513536987360566854e-05
4.479438212001696229e-05
4.303797322791069746e-05
3.991447010776028037e-05
3.892071981681510806e-05
3.852892041322775185e-05
3.752615157281979918e-05
3.703646143549121916e-05
3.616210960899479687e-05
3.406615360290743411e-05
3.248352004447951913e-05
3.201058643753640354e-05
3.114619903499260545e-05
3.025270416401326656e-05
3.006381484738085419e-05
2.875533027690835297e-05
2.809670331771485507e-05
2.692028829187620431e-05
2.641173523443285376e-05
2.583479908935260028e-05
2.550558019720483571e-05
2.415841845504473895e-05
2.383624996582511812e-05
2.305338966834824532e-05
2.196734931203536689e-05
2.146305814676452428e-05
2.088713335979264230e-05
2.051161573035642505e-05
2.003743429668247700e-05
1.913067535497248173e-05
1.880333547887858003e-05
1.819709723349660635e-05
1.792072180251125246e-05
1.744382279866840690e-05
1.697400512057356536e-05
1.683527443674392998e-05
1.648700708756223321e-05
1.580417119839694351e-05
1.559922930027823895e-05
1.500269536336418241e-05
1.463557600800413638e-05
1.432029057468753308e-05
1.415976021235110238e-05
1.381728088745148852e-05
1.344065276498440653e-05
1.322495609201723710e-05
1.303169301536399871e-05
1.267174957320094109e-05
1.256357245438266546e-05
1.211720882565714419e-05
1.176305613626027480e-05
1.170448103948729113e-05
1.139436608355026692e-05
1.122055891755735502e-05
1.081281152437441051e-05
1.063895706465700641e-05
1.054663607646944001e-05
1.030158728099195287e-05
9.808455615711864084e-06
9.739585948409512639e-06
9.506176866125315428e-06
9.345174476038664579e-06
8.953058568295091391e-06
8.873249498719815165e-06
8.611236808064859360e-06
8.392724339501000941e-06
8.091826202871743590e-06
8.046526090765837580e-06
7.968106729094870389e-06
7.769500371068716049e-06
7.728748641966376454e-06
7.661703421035781503e-06
7.261314294737530872e-06
7.029649168543983251e-06
6.977946668484946713e-06
6.869232493045274168e-06
6.709319677611347288e-06
6.583774847968015820e-06
6.432647751353215426e-06
6.174368536449037492e-06
6.117584689491195604e-06
5.998314009048044682e-06
5.720136869058478624e-06
5.596153187070740387e-06
5.576964667852735147e-06
5.414874976850114763e-06
5.315401722327806056e-06
5.237831828708294779e-06
5.149137450644047931e-06
5.042349584982730448e-06
4.924034783471142873e-06
4.851556241192156449e-06
4.795166660187533125e-06
4.602338776749093086e-06
4.454134341358439997e-06
4.431778961588861421e-06
4.379927304398734123e-06
4.153995178057812154e-06
4.093624283996177837e-06
3.969907083956059068e-06
3.882266810251167044e-06
3.854533588310005143e-06
3.743527940969215706e-06
3.675191464935778640e-06
3.617473566919215955e-06
3.535490577633026987e-06
3.425687282287981361e-06
3.372718992977752350e-06
3.348659674884402193e-06
3.247963377361884341e-06
3.186546337019535713e-06
3.151350483676651493e-06
3.099496552749769762e-06
2.978575366796576418e-06
2.887140681195887737e-06
2.809152647387236357e-06
2.780210024866391905e-06
2.711267370614223182e-06
2.704523240026901476e-06
2.648571808094857261e-06
2.619329279696103185e-06
2.573599431343609467e-06
2.488878635631408542e-06
2.440000798742403276e-06
2.348258703932515346e-06
2.289302074132137932e-06
2.255212848467635922e-06
2.247405063826590776e-06
2.162413466066936962e-06
2.154549065380706452e-06
2.108125727318110876e-06
2.048453325187438168e-06
1.920606791827594861e-06
1.900970005408453289e-06
1.827796381803636905e-06
1.788387976375815924e-06
1.761394969435059465e-06
1.731506813484884333e-06
1.695937271506409161e-06
1.634255340832169168e-06
1.608182174095418304e-06
1.560966325087065343e-06
1.514024688731296919e-06
1.467726747250708286e-06
1.410242703059338965e-06
1.400153678332571872e-06
1.387651877848838922e-06
1.300650978919293266e-06
1.277383034903323278e-06
1.249885258403082844e-06
1.209721858685952611e-06
1.184377424578997307e-06
1.163316483143717051e-06
-1.153429934674932156e-06
1.107321850213338621e-06
1.083476036001229659e-06
-1.069521772478765342e-06
1.063995000549766701e-06
1.050564719662361313e-06
1.020025365505716763e-06
9.924261803462286480e-07
9.726254575070925057e-07
9.504822742201213259e-07
8.884322255653387401e-07
8.817361845103732776e-07
-8.352528766408795491e-07
8.059227525336609688e-07
7.856868364797264803e-07
7.684792535656015389e-07
-7.522363034695445094e-07
7.285005381163500715e-07
7.102437962203111965e-07
6.915332164680876303e-07
6.788480391151097137e-07
6.311400397862598766e-07
6.031383463778183796e-07
-5.929786084379884414e-07
5.718030138268659357e-07
5.388894237512431573e-07
-5.368544861994450912e-07
5.275510943647532258e-07
-5.144517558619554620e-07
5.116779675518046133e-07
4.757951899136969587e-07
4.524572716491093161e-07
-4.513554756613302743e-07
4.329338594288856257e-07
4.160551441145798890e-07
4.078910080806963379e-07
3.948636049244669266e-07
-3.883792487613391131e-07
3.768146825677831657e-07
-3.412294233839929802e-07
3.171053322148509324e-07
3.040338185655855341e-07
-3.016038476744142827e-07
2.896212549785559531e-07
2.850096336715068901e-07
-2.483102434780448675e-07
2.429408141324529424e-07
2.255954996144282632e-07
-2.166146515492073377e-07
2.077975267411602545e-07
-1.978520742795808474e-07
1.761356713814166142e-07
1.657229660168013652e-07
-1.655823069768302958e-07
-1.573395707055169623e-07
1.462280323494269396e-07
1.316346356361464132e-07
-1.075940900818750379e-07
-9.539915879486215999e-08
8.912156346241317806e-08
8.430687614691123599e-08
-7.944993285491364077e-08
6.939336572031606920e-08
5.264863389697893581e-08
-3.037695961438657832e-08
2.423927192296559952e-08
1.113366820959527104e-08
-7.131288448647410405e-09
