1.090727245543402057e+00
9.232686592073251486e-01
4.679560847922890066e-01
4.287877421215214868e-01
3.958010998807756087e-01
1.538853360455180730e-01
1.405852812757600323e-01
1.347167970349967270e-01
1.068201642916807026e-01
9.854563159737722566e-02
8.617557810130792306e-02
7.466864968589746743e-02
6.384675164890064869e-02
6.233741487220387234e-02
5.717593722829215214e-02
4.654224381966442364e-02
4.436983153977041433e-02
4.270228614559872654e-02
4.146376637856262481e-02
3.870569624998876357e-02
3.804053712946790095e-02
3.703809167863496982e-02
3.504785219414932596e-02
3.085611684766074655e-02
2.818339108713234509e-02
2.683000843443749880e-02
2.622741830047913350e-02
2.547390985151926079e-02
2.411854929530791308e-02
2.224643606087536168e-02
2.202442679340991041e-02
2.142150823036349447e-02
1.990766152751367174e-02
1.909769289916724358e-02
1.818579621423647291e-02
1.788858686992149741e-02
1.713855120771407350e-02
1.678263380047372716e-02
1.603567710332144333e-02
1.522840810111371172e-02
1.511951847832294221e-02
1.471344881697096187e-02
1.399378643128058874e-02
1.323845469685265563e-02
1.308871468411212415e-02
1.194265027937030203e-02
1.186671947759680538e-02
1.125689945947729899e-02
1.059503071974624532e-02
1.019974827266751337e-02
1.013287768351268416e-02
1.004581222144466587e-02
9.896711233689441806e-03
9.680843927359118056e-03
9.119767682976964024e-03
8.867616431295168022e-03
8.590431903084408405e-03
8.254247214429411006e-03
8.034479334803062631e-03
7.635379850356120018e-03
7.531656529852485960e-03
7.072920572471366220e-03
6.991713057997380430e-03
6.734471992283490305e-03
6.606646067618738606e-03
6.513184204157760997e-03
6.113287714664759898e-03
5.971206073183584796e-03
5.802532170944418345e-03
5.623748104162277356e-03
5.443132205678996235e-03
5.349634823604868146e-03
4.832174327602394709e-03
4.722466677940029452e-03
4.577207550048429351e-03
4.483199068566003781e-03
4.371838388503763301e-03
4.251364055683203372e-03
4.125221734310299294e-03
4.028221998985614949e-03
3.956414025982779407e-03
3.859394980853136058e-03
3.693871253490845115e-03
3.646187864700274877e-03
3.558559649970112655e-03
3.455237991501067772e-03
3.367601285167646889e-03
3.331765663139636506e-03
3.291976279041529310e-03
3.080384567490176626e-03
2.984867888973311185e-03
2.932028307279256878e-03
2.855961229511916159e-03
2.784753610736889502e-03
2.685370073692221454e-03
2.605991426035881697e-03
2.569856528189836190e-03
2.485229193802723693e-03
2.365280413217338371e-03
2.327041587810941593e-03
2.273190959853436770e-03
2.243766705467844635e-03
2.172402951616303479e-03
2.152162263598536227e-03
2.111297305805395590e-03
2.076913578241790063e-03
2.008332954909537553e-03
1.942808287438300887e-03
1.853787775764145383e-03
1.802250732201179277e-03
1.771058899185480031e-03
1.726863506146338089e-03
1.702568749297033932e-03
1.644054308946602504e-03
1.624411908730342795e-03
1.574546666043916653e-03
1.561639416798208009e-03
1.504181671953289286e-03
1.472306579452495150e-03
1.432875016172807572e-03
1.417142879245464554e-03
1.377129374463619341e-03
1.344197540658249607e-03
1.302675519978985534e-03
1.282768984463596466e-03
1.254966598939773366e-03
1.193856769090879824e-03
1.182069972794691374e-03
1.172128862313894480e-03
1.120556880438380821e-03
1.100086972416620653e-03
1.054813985616874722e-03
1.039855258612027095e-03
1.019098556193781752e-03
9.777965182243479429e-04
9.562286448115962009e-04
9.124694802847856372e-04
8.921796564349056703e-04
8.858708253964840988e-04
8.521803790418381892e-04
8.253530014612822912e-04
8.068877961805725899e-04
8.004263486346941629e-04
7.815276043871467347e-04
7.472805491203913164e-04
7.372708899325062072e-04
7.195955222376968375e-04
7.066115277527930741e-04
6.853350278418405108e-04
6.814593660312407266e-04
6.412386547107859405e-04
6.309260298344267822e-04
6.107943887685012311e-04
6.016653966706584852e-04
5.878003659852773250e-04
5.856801185952324740e-04
5.559514014479040572e-04
5.192469307490586716e-04
5.090640559585330989e-04
4.941974378689742995e-04
4.827170885494813527e-04
4.546348810840621936e-04
4.326578358310939273e-04
4.200292573899416489e-04
4.168262819899017763e-04
4.102498961622459282e-04
3.848236711064670682e-04
3.824301110361699599e-04
3.767437928209032964e-04
3.733068555121181855e-04
3.609495528776536012e-04
3.520267224521878295e-04
3.356413240287131703e-04
3.180264280044819069e-04
3.068223449977124160e-04
2.874671788473306803e-04
2.844302190873018070e-04
2.762226875669138984e-04
2.586048138301683553e-04
2.515726917652593700e-04
2.390525930939244644e-04
2.271601792680308807e-04
2.151609301077912892e-04
2.088439127603307843e-04
2.055224524810392111e-04
1.970710593082431827e-04
1.830577860709069670e-04
1.762980928197087859e-04
1.711522786863903071e-04
1.603285763492927275e-04
1.579891298678456522e-04
1.458827727692058409e-04
1.432207978712800051e-04
1.368389262999395231e-04
1.304653380140713143e-04
1.214292096280707400e-04
1.126784351345275795e-04
1.088517152630554409e-04
1.035286909281251403e-04
9.648325625146269408e-05
9.345197027978739354e-05
8.292101700261387686e-05
8.096011162958469652e-05
7.357957147504486583e-05
6.680204086643807008e-05
6.178686812194903637e-05
5.564833141632843542e-05
3.799815948830224873e-05
2.727134872001312881e-08
2.596587003907970860e-08
2.354116463602204314e-08
2.198333195053460499e-08
2.124796404198467813e-08
2.112071220595003116e-08
1.933106425967018902e-08
1.893425269634264292e-08
1.824636566648604543e-08
1.789704581127043454e-08
1.703619099601166512e-08
1.605412027897788599e-08
1.531644807054436494e-08
1.476224613621783756e-08
1.433091426835845086e-08
1.422045182254134274e-08
1.376226081255028684e-08
1.356750987929283410e-08
1.233224344612604339e-08
1.221452102896725793e-08
1.165408898361614105e-08
1.145860187197960654e-08
1.128204061265279560e-08
1.117917126484307073e-08
1.074023868220626857e-08
1.025770105020563852e-08
1.019245844596239339e-08
9.852975312003076605e-09
9.506456383867848023e-09
9.095168271889147428e-09
8.940905896578337854e-09
8.825944851704649382e-09
8.029342196531939593e-09
7.639144400688898664e-09
7.277505249780087586e-09
7.085347786754541585e-09
6.881106340773489005e-09
6.757241244172064780e-09
6.631353702480981214e-09
6.628434937796811588e-09
6.531737845103214194e-09
6.233464482093092653e-09
6.156830766688133068e-09
5.822518323260800809e-09
5.688521249843285776e-09
5.568731090323571297e-09
5.347619262087024867e-09
5.181187996661691529e-09
5.083603903072855729e-09
5.075356329983154184e-09
4.854886118917206575e-09
4.657589486165524287e-09
4.650810965884336774e-09
4.219280193596591799e-09
4.164981457734901668e-09
4.047613232514294427e-09
4.034255224794504981e-09
3.664956562599470607e-09
3.650110420075498979e-09
3.428693130469066581e-09
3.346325749667516255e-09
3.321825548812153878e-09
2.917360056838343028e-09
2.880167835627436310e-09
2.658021571736126843e-09
2.656327025014256820e-09
2.395779294902022561e-09
2.351185943899998734e-09
2.192876340888801651e-09
1.887714610878554680e-09
1.822976249339572267e-09
1.710110110073332948e-09
1.661805168731195376e-09
1.288950639715037248e-09
1.278087510546878210e-09
1.215134671811046232e-09
1.200549629768849715e-09
9.683607741927449202e-10
8.749561919772572066e-10
6.411968936285985902e-10
5.683522479792985767e-10
5.177291247910478288e-10
5.135414143314263721e-10
4.248942148029245059e-10
2.958853856700018371e-10
2.144103637953092100e-10
1.971897838384824366e-10
1.405869015393534673e-10
2.122189456489291716e-11
