2.224922180175781250e+00
1.865029692649841309e+00
8.878442049026489258e-01
7.989870905876159668e-01
7.027071118354797363e-01
3.351072967052459717e-01
2.205684334039688110e-01
2.058931738138198853e-01
1.711224913597106934e-01
1.454643756151199341e-01
1.317552477121353149e-01
1.021046191453933716e-01
8.726485073566436768e-02
7.268381863832473755e-02
6.141768023371696472e-02
5.523047968745231628e-02
4.790586978197097778e-02
4.412344098091125488e-02
4.090435802936553955e-02
3.594076260924339294e-02
3.258971124887466431e-02
3.186498209834098816e-02
2.941314131021499634e-02
2.732809260487556458e-02
2.587723359465599060e-02
2.463383972644805908e-02
2.347636967897415161e-02
2.219549380242824554e-02
2.061594277620315552e-02
2.018430083990097046e-02
1.852439530193805695e-02
1.755433157086372375e-02
1.653436012566089630e-02
1.572695374488830566e-02
1.527939550578594208e-02
1.476585119962692261e-02
1.443918887525796890e-02
1.337092556059360504e-02
1.288275979459285736e-02
1.257048919796943665e-02
1.215667743235826492e-02
1.120562292635440826e-02
1.096028741449117661e-02
1.078492123633623123e-02
1.044745277613401413e-02
1.010867115110158920e-02
9.695717133581638336e-03
9.063431061804294586e-03
8.628259412944316864e-03
8.193479850888252258e-03
8.066351525485515594e-03
8.032605051994323730e-03
7.858824916183948517e-03
7.627950515598058701e-03
7.106845267117023468e-03
6.850501056760549545e-03
6.522228009998798370e-03
6.316554266959428787e-03
6.096307188272476196e-03
6.065822672098875046e-03
5.940959788858890533e-03
5.713193211704492569e-03
5.579768680036067963e-03
5.226188339293003082e-03
5.074648186564445496e-03
4.901797510683536530e-03
4.647380672395229340e-03
4.506447352468967438e-03
4.342693835496902466e-03
4.199710208922624588e-03
4.070305265486240387e-03
4.055681638419628143e-03
3.833720693364739418e-03
3.734485013410449028e-03
3.638177411630749702e-03
3.427359508350491524e-03
3.326967824250459671e-03
3.163968445733189583e-03
3.048881888389587402e-03
2.948775188997387886e-03
2.788323909044265747e-03
2.768570091575384140e-03
2.603267319500446320e-03
2.510669175535440445e-03
2.427573781460523605e-03
2.344387350603938103e-03
2.306943992152810097e-03
2.235778840258717537e-03
2.146150683984160423e-03
2.095371251925826073e-03
1.977632055059075356e-03
1.923601143062114716e-03
1.911017927341163158e-03
1.837746938690543175e-03
1.802474958822131157e-03
1.665732590481638908e-03
1.655460218898952007e-03
1.629751408472657204e-03
1.552316243760287762e-03
1.504544285126030445e-03
1.497984281741082668e-03
1.444022287614643574e-03
1.385578769259154797e-03
1.337248831987380981e-03
1.312789274379611015e-03
1.252681948244571686e-03
1.214865362271666527e-03
1.181667321361601353e-03
1.173123484477400780e-03
1.109850592911243439e-03
1.090859761461615562e-03
1.074285130016505718e-03
1.047080033458769321e-03
1.010911422781646252e-03
1.003831741400063038e-03
9.604106307961046696e-04
9.490443626418709755e-04
9.325462160632014275e-04
8.856507483869791031e-04
8.665369241498410702e-04
8.299952605739235878e-04
7.990349549800157547e-04
7.911325665190815926e-04
7.647590246051549911e-04
7.384381024166941643e-04
7.336663547903299332e-04
7.043915102258324623e-04
6.875615799799561501e-04
6.751578766852617264e-04
6.662680534645915031e-04
6.537876906804740429e-04
6.092384574003517628e-04
5.930083571001887321e-04
5.815962795168161392e-04
5.729296826757490635e-04
5.292503046803176403e-04
5.138742853887379169e-04
5.006846040487289429e-04
4.925702232867479324e-04
4.791661049239337444e-04
4.648424801416695118e-04
4.465027595870196819e-04
4.444005026016384363e-04
4.239091649651527405e-04
4.164370184298604727e-04
4.054930177517235279e-04
3.961084294132888317e-04
3.838159900624305010e-04
3.754805948119610548e-04
3.540774341672658920e-04
3.444938338361680508e-04
3.384575247764587402e-04
3.319671377539634705e-04
3.277938521932810545e-04
3.106934309471398592e-04
2.966090978588908911e-04
2.933948417194187641e-04
2.824392577167600393e-04
2.750460116658359766e-04
2.613176475279033184e-04
2.607752103358507156e-04
2.540890418458729982e-04
2.375185722485184669e-04
2.297578903380781412e-04
2.293555880896747112e-04
2.189768129028379917e-04
2.036612131632864475e-04
2.021563268499448895e-04
1.945102412719279528e-04
1.880621275631710887e-04
1.843993813963606954e-04
1.763260079314932227e-04
1.680983405094593763e-04
1.612471824046224356e-04
1.579624658916145563e-04
1.572724868310615420e-04
1.488730486016720533e-04
1.457751059206202626e-04
1.391732657793909311e-04
1.238204567926004529e-04
1.215455049532465637e-04
1.134977501351386309e-04
1.106057752622291446e-04
1.070384532795287669e-04
1.014390509226359427e-04
9.484234760748222470e-05
9.168533142656087875e-05
8.774292655289173126e-05
8.273752609966322780e-05
8.237994916271418333e-05
7.858878234401345253e-05
7.315693801501765847e-05
7.137309148674830794e-05
7.011803245404735208e-05
6.464643956860527396e-05
5.998706546961329877e-05
5.966786557110026479e-05
5.547045293496921659e-05
5.351602521841414273e-05
5.044158751843497157e-05
4.652198185794986784e-05
4.201300907880067825e-05
4.149143205722793937e-05
3.971339901909232140e-05
3.480325176496990025e-05
3.364000440342351794e-05
2.842049070750363171e-05
1.844039252318907529e-05
-2.574962110202250187e-08
2.213591976385487214e-08
-1.767063118052192294e-08
-1.266384508369355899e-08
1.250862791124518481e-08
-1.130927618220312070e-08
1.072378719157995874e-08
1.039277286452033877e-08
-9.827565428111029178e-09
-9.763295061304688716e-09
9.281970747565537749e-09
-9.189805361131675454e-09
-8.775715265585404268e-09
8.594847500376090466e-09
-8.218337121945751278e-09
7.970254678468791099e-09
7.788908185091258929e-09
7.420874581498537736e-09
-7.286666825478960163e-09
7.182759720336662213e-09
-6.716572187315250630e-09
-6.399467622486554319e-09
6.056868784298785613e-09
-6.018710418942418983e-09
5.726584983989368993e-09
-5.700166116895388768e-09
5.445667916603724734e-09
-5.339122477465707561e-09
-5.066707498002642751e-09
4.865119418440144727e-09
-4.815189136309072637e-09
4.747836346297162891e-09
-4.613723181279283381e-09
4.594314706451996244e-09
4.563937672230622411e-09
-4.199379066704977959e-09
-4.170747303078314872e-09
4.090659810884744729e-09
-4.073790638159380251e-09
3.835230355520025114e-09
-3.725074471105926932e-09
3.672039117219583204e-09
3.485873589781363080e-09
-3.397885306455350474e-09
-3.337151666116255910e-09
3.303140427846074090e-09
-3.054761998910748844e-09
3.051020769362366991e-09
-3.013018945452472508e-09
-2.951193955880171416e-09
2.950493627196237867e-09
2.773479446105397983e-09
2.650448527319326786e-09
2.499291440472006798e-09
-2.497487106012385993e-09
2.309883173623461516e-09
-2.258102815844154065e-09
2.205074789429772864e-09
2.089769690627463206e-09
-2.061522730301135198e-09
2.036688373507899996e-09
-1.986041553436734830e-09
-1.842380470407078974e-09
-1.793451054332706462e-09
1.772216373652213406e-09
-1.662068371821590063e-09
1.511635816520140452e-09
1.422119533245336243e-09
-1.394803383902853966e-09
-1.279198857950802903e-09
1.217333678305010380e-09
-1.101973623462981777e-09
1.074666688971603890e-09
-1.013288009055202110e-09
9.066533079860050748e-10
-8.375832249996051360e-10
7.814794367178024004e-10
7.568592419460173915e-10
-7.271263036123798429e-10
5.346048603804831600e-10
-5.068544473019187535e-10
-4.341673132124412859e-10
4.031042721841515686e-10
-3.225038014420533727e-10
2.236546364775549023e-10
1.714650643691584264e-10
-1.223521978177544156e-10
9.529690231380172349e-11
-1.553713060986616767e-11
