3.794845164924170924e-03 1.711612392414663467e-02
5.719563296426617184e-03 1.327173237399287276e-02
6.658389859978098083e-03 1.486036250841535865e-02
4.042593843558131041e-03 2.015094834759577000e-02
4.931118244250993522e-03 1.612719858036116075e-02
4.773794414209765920e-03 1.918444450382965002e-02
7.984899680309380174e-03 1.635080190193018146e-02
6.910524576847871907e-03 1.628898238093258108e-02
6.951319055032979984e-03 1.905310285190465330e-02
3.109633770679335989e-03 1.818628292332509500e-02
5.220771768861864719e-03 1.843657365210256069e-02
2.305553029074354152e-03 1.948098739662371820e-02
4.800373122381336108e-03 1.640871628622604661e-02
4.448823857787099893e-04 1.990696370648810040e-02
5.280008826503590491e-03 2.060405798348334538e-02
4.755992757127212606e-04 1.993231248672939701e-02
3.527138629004476951e-03 1.278226406539371279e-02
4.345946966241285604e-03 1.051226719666223039e-02
4.543155702161762871e-03 2.011067366293797440e-02
6.034678288062495649e-03 1.637717428153750640e-02
3.354576707299840831e-03 2.226678581042452337e-02
5.785914907484626148e-03 5.785914907484626148e-03
1.681497364919378899e-04 1.552624481225911394e-02
3.277841801441474471e-03 2.050186306766240904e-02
1.917201972850032625e-03 2.059598667951197115e-02
3.273526010496141843e-03 1.864521833998975323e-02
3.404772663739289579e-03 1.821579477776326395e-02
4.332915611669883697e-03 1.056662932154749969e-02
2.287083681946728772e-03 1.633805298857809313e-02
4.954000586378998379e-03 1.653531613924763555e-02
3.874747900380826320e-03 1.817625238883048555e-02
4.755992757127212606e-04 1.789261279813300978e-02
2.003735364584793323e-03 1.945669735357387353e-02
6.512411291024408633e-04 1.996245132695339056e-02
4.439280427723481075e-03 1.395045885528176446e-02
5.812729908516155522e-03 5.812729908516155522e-03
1.902397102850885043e-03 2.188878559079911190e-02
5.820021648671519152e-03 1.475353029953072222e-02
2.153367306498948832e-03 2.064103092147687168e-02
5.033269629033208271e-03 1.559563069341853708e-02
4.115376774428141857e-03 1.135685520750735408e-02
7.936952556855971647e-03 1.410327278727689995e-02
5.971091610885781616e-03 2.263407921777013318e-02
5.443482516611854345e-03 2.033889860210473521e-02
5.223478936152356304e-03 1.507984573846802429e-02
4.486794593493598562e-03 2.157686951140529164e-02
5.518283935359421556e-03 1.970244076270293021e-02
2.706113906604414813e-03 2.076503632957859419e-02
4.183516782940967238e-03 1.113050193721210578e-02
3.830715244561767700e-03 1.214652179288300618e-02
7.220655903654196912e-03 7.220655903654196912e-03
4.873442362554300349e-03 6.318850118706133452e-03
3.049959974701205254e-03 1.348296081810365123e-02
6.821990440500426064e-03 1.738435150488575054e-02
3.863786781107194680e-03 2.029318429700744178e-02
6.538409044259154736e-03 1.771581367039325866e-02
1.324012349150529731e-03 1.924939967666590077e-02
3.874747900380826320e-03 2.368790900536593691e-02
2.255965447167900331e-03 2.115712447099507565e-02
1.212544993754880547e-03 2.283576773111575114e-02
4.518193119270852084e-03 1.734898585493833967e-02
6.523256279870793921e-03 1.549177554948488744e-02
1.568396329937305237e-03 2.059624383514803772e-02
5.089134487925649035e-03 1.867904238343689668e-02
2.912438868833548992e-04 1.977478285613950074e-02
4.210464029558642560e-03 1.446165616275257686e-02
7.133989135690819994e-04 2.011634934370230485e-02
4.558687903717086043e-03 1.634563145039906462e-02
4.080880132603687850e-03 1.146520227334858061e-02
4.896594238059479888e-03 2.000093239319198149e-02
6.471034575684042611e-03 1.793449414420479962e-02
9.804730246154031836e-04 1.611244951604603320e-02
5.266604365105118264e-03 1.850609757638520605e-02
1.531917005660416191e-03 1.419058655282908789e-02
3.598561506782554410e-03 1.806708592604164623e-02
1.681497364919378899e-04 1.844555799611305447e-02
6.932991244760362262e-04 1.999368768505361063e-02
7.519884823893001466e-04 1.892048225275818479e-02
8.064178069047627613e-04 1.395088950392167973e-02
4.956853451911381360e-03 1.578294789656738834e-02
2.685135963035871487e-03 1.855173709799975978e-02
5.973458743431052029e-03 1.189786758904064212e-02
4.173366707048617105e-03 1.851134537992708134e-02
1.864870791106960565e-03 1.931184651273112896e-02
3.154768696207768154e-03 2.066748081542680790e-02
1.681497364919378899e-04 1.966240867297966086e-02
0.000000000000000000e+00 1.332600106675778731e-02
5.433084259711945009e-03 2.232643233636311120e-02
3.633746540836042382e-03 1.888262711043307146e-02
5.044492094758135613e-04 1.984808799473307059e-02
1.164975547533419597e-03 2.029684601245366690e-02
5.133388664255920247e-03 1.563624299560398279e-02
5.282685637233976161e-03 1.901786249861484035e-02
2.505374647008388588e-03 2.077706675066184200e-02
3.729741582213921131e-03 1.237806443807856933e-02
2.626582849879894026e-03 1.816723708406425830e-02
4.985292316659961816e-03 1.600267531298442403e-02
4.207105062905476880e-03 1.986828319461866194e-02
5.451268192843372780e-03 1.596406370420338366e-02
7.903037615121080717e-03 7.903037615121080717e-03
