1.007092721711681627e+00
1.485458563591622871e-01
9.781898731368166011e-02
6.357605074060261596e-02
5.984636530778662811e-02
5.130483910946490034e-02
4.228602272103373916e-02
2.334934833765113515e-02
2.069841853715967059e-02
1.535271412845292012e-02
1.147543388633073813e-02
7.818617080309255701e-03
6.743472997226461485e-03
5.985968432348919184e-03
4.947316810103880025e-03
4.456974637772485696e-03
4.094659214775095771e-03
3.731475369889322886e-03
3.354619141150738757e-03
3.136322031650894127e-03
2.462826968468794300e-03
2.424490390121894923e-03
2.089803876543871661e-03
2.009255234790306276e-03
1.896764945933321041e-03
1.835673890683818922e-03
1.732507874942188679e-03
1.599580798128502060e-03
1.443705260203614719e-03
1.231468665080446764e-03
1.181114699797584933e-03
1.105672887787610172e-03
1.046608790197839107e-03
9.153273317306884508e-04
8.067243624078697557e-04
7.657307332927837558e-04
7.215192031016120274e-04
7.125505601064570371e-04
6.776914045991267854e-04
6.309087926633198673e-04
6.068277643910272500e-04
5.789331772166723348e-04
5.388333854880114756e-04
4.754748865661378131e-04
4.596415509016163708e-04
4.459431126560145855e-04
4.011602055119436322e-04
3.976626873771358034e-04
3.280582629664118249e-04
3.248952305333914340e-04
3.037793678701816973e-04
2.890192217445370173e-04
2.782098246266743102e-04
2.701915960886384395e-04
2.578817181893392234e-04
2.415585046996031077e-04
2.334651342400435349e-04
2.314552032094651908e-04
2.169240761153345336e-04
2.142941554105382983e-04
2.066636583311778983e-04
1.989771518471466214e-04
1.928415630091627204e-04
1.837815870823294952e-04
1.782289499033863926e-04
1.683186423353178667e-04
1.586798482988123829e-04
1.544640167973931920e-04
1.496811991388979500e-04
1.362430943902051550e-04
1.298591443921227071e-04
1.266110553007951910e-04
1.198676353038839048e-04
1.140909977350579980e-04
1.121041525922518997e-04
1.063293557866432478e-04
1.023591227772963595e-04
1.005778732296007123e-04
9.648892707811790250e-05
9.421442947501215649e-05
9.288572178213761442e-05
8.917586963715015962e-05
8.607492600442787078e-05
8.307871593870344270e-05
7.879373424278973996e-05
7.369258301502995588e-05
7.308953731228894524e-05
7.151736143609517787e-05
6.858839044781261907e-05
6.653281644417982014e-05
6.398544372391132458e-05
6.301621640057850830e-05
6.110594794142355020e-05
5.846044488058241176e-05
5.644584889305132453e-05
5.357012893180386964e-05
5.275894683373385895e-05
5.142658916637773834e-05
4.915243484505646724e-05
4.684595337387611775e-05
4.545677565819087495e-05
4.536262294134423684e-05
4.220546628217340847e-05
4.158726699706571234e-05
3.964037028161542794e-05
3.844685667279174355e-05
3.789695406014274842e-05
3.706290429675635807e-05
3.596892218259866748e-05
3.422025896854004724e-05
3.395456615028703189e-05
3.234737179497839722e-05
3.182828471620266860e-05
3.039915693639053037e-05
3.007679982387957644e-05
2.953288333044659395e-05
2.915486726189000111e-05
2.793617467407123940e-05
2.756648457886912696e-05
2.593303464764600634e-05
2.585213393853688280e-05
2.535811527843566217e-05
2.444976557298333679e-05
2.332069561858064464e-05
2.305421439899384852e-05
2.240603237274819815e-05
2.138346271909444024e-05
2.110893205042927337e-05
2.060617803406839272e-05
2.022216094753029092e-05
1.960327021373876969e-05
1.876256689856290393e-05
1.847401560427860430e-05
1.802163258518873535e-05
1.729756180875198965e-05
1.667237207849621007e-05
1.628510496514402298e-05
1.594094206042198739e-05
1.580517251698581647e-05
1.491794281631100109e-05
1.465494086112490090e-05
1.427283873069067707e-05
1.383594618908910416e-05
1.341673000783108238e-05
1.275425974494868758e-05
1.259483539549448837e-05
1.228870072182972906e-05
1.219241110923519723e-05
1.178763581743286542e-05
1.142518328376452000e-05
1.101428650613532930e-05
1.087631909718940555e-05
1.064114659441334943e-05
1.012387653805361124e-05
1.003004511337342905e-05
9.839125354579991221e-06
9.586821813055396469e-06
9.292826090805401043e-06
9.144355739854036766e-06
8.826087927256626433e-06
8.736513759449959738e-06
8.643232324780143224e-06
8.189681748924660114e-06
7.996960518048740793e-06
7.971176843896543693e-06
7.632941920805342653e-06
7.506138022872626131e-06
7.355488628451560003e-06
7.019129341110817194e-06
6.797260353312687066e-06
6.774798922608810043e-06
6.674154846559936511e-06
6.368974452686160636e-06
6.034118087892065063e-06
5.899516038463443870e-06
5.716591824438809254e-06
5.463958402743100515e-06
5.322009341896320034e-06
5.263095304677340449e-06
5.157216010171079259e-06
4.953980540383223594e-06
4.836012986687125240e-06
4.730017171047909197e-06
4.681652602333554175e-06
4.625939048145128320e-06
4.451077481998349863e-06
4.374726723553103485e-06
4.261893361322648156e-06
4.095124159238562645e-06
4.055518378574429720e-06
4.027103293681776749e-06
3.737045025636296366e-06
3.689821664226004950e-06
3.547003979555309949e-06
3.484627917197700458e-06
3.393641802365588120e-06
3.272148430458808635e-06
3.250229703602212992e-06
3.124141500247158348e-06
3.081927352392485203e-06
3.070905927507887000e-06
2.964043696714514667e-06
2.926164202420658149e-06
2.819449353333468659e-06
2.731788087170467844e-06
2.727912106146499685e-06
2.599758048384334364e-06
2.511984227896757916e-06
2.495013685321267129e-06
2.434907003059215085e-06
2.317850696306136504e-06
2.278092268470744656e-06
2.243498287300771684e-06
2.047646374958707860e-06
1.982107033918531041e-06
1.944280657160258413e-06
1.898711395645529809e-06
1.882076662205049938e-06
1.841493163086374643e-06
1.756741241350342827e-06
1.710441796200402237e-06
1.677928813803059946e-06
1.661971124159849728e-06
1.603693160750177864e-06
1.582702951381786034e-06
1.547227478929728273e-06
1.434275263098619330e-06
1.380684215440694080e-06
1.334322249462736857e-06
1.296976981791790376e-06
1.279914376716998642e-06
1.248182486550548297e-06
1.166687558055072556e-06
1.132891576905350664e-06
1.093628887873474635e-06
1.080788475884613158e-06
1.030361658811022561e-06
1.000381921873705110e-06
9.722836622499909923e-07
9.390264324673017103e-07
8.881333196868525270e-07
8.419187033709770493e-07
8.086729190852172338e-07
7.728335818825688240e-07
7.564827362262043112e-07
7.110670528579626110e-07
7.029319864211797873e-07
6.803523749364058385e-07
6.707639634660394681e-07
6.384206848241543374e-07
6.048123924220932156e-07
5.683125616492050777e-07
5.584653484889157916e-07
5.286877683473478907e-07
4.965834343996380654e-07
4.818508357353070267e-07
4.635445331064376434e-07
4.459832681796873162e-07
4.034238934432684172e-07
3.941138250600187214e-07
3.812179332972962705e-07
3.519712162873532919e-07
3.396429780722965837e-07
3.240198729579699355e-07
3.183958104544776852e-07
3.038467517368054042e-07
2.862288191717761577e-07
2.781238180259883847e-07
2.585070873485000838e-07
2.472041680646263592e-07
2.440671763245490523e-07
2.250663765490045893e-07
1.999542332551797296e-07
1.928125314422937252e-07
1.657824605141205402e-07
1.614164798721721818e-07
1.494880155702739809e-07
1.407132479267620080e-07
1.221891222900987547e-07
1.192093146926924995e-07
1.056151276232182889e-07
9.700455794021992065e-08
8.315062506963073136e-08
7.673094758184263497e-08
6.763887417153976971e-08
5.316392365490050757e-08
4.666201706773238082e-08
4.220681874675827221e-08
3.442551837875608814e-08
2.946671196815536880e-08
1.839662983084513855e-08
2.401698806735095336e-09
1.540361079114059058e-09
8.849768572672832704e-10
5.124576399245159836e-10
3.383106590629196921e-10
4.420726168500433445e-11
