1.663620948791503906e+00
2.226335108280181885e-01
1.642297804355621338e-01
8.664220571517944336e-02
7.952306419610977173e-02
6.619866937398910522e-02
6.181172654032707214e-02
2.621194161474704742e-02
2.039158903062343597e-02
1.618805155158042908e-02
1.243922393769025803e-02
1.062780991196632385e-02
9.428824298083782196e-03
7.288640830665826797e-03
5.822331644594669342e-03
4.614254925400018692e-03
3.325611352920532227e-03
2.828617580235004425e-03
2.771382685750722885e-03
2.549685072153806686e-03
2.321101492270827293e-03
2.076114993542432785e-03
1.865246449597179890e-03
1.813137554563581944e-03
1.551434863358736038e-03
1.415466540493071079e-03
1.255650538951158524e-03
1.199700869619846344e-03
1.122315414249897003e-03
1.009445404633879662e-03
9.593095746822655201e-04
9.067482897080481052e-04
8.886214927770197392e-04
8.707225788384675980e-04
7.759314612485468388e-04
7.561352103948593140e-04
7.054946618154644966e-04
6.341018015518784523e-04
5.693142302334308624e-04
5.115625099278986454e-04
4.922043299302458763e-04
4.748070787172764540e-04
4.712636873591691256e-04
4.215702065266668797e-04
3.830154018942266703e-04
3.614291490521281958e-04
3.477832069620490074e-04
3.375099913682788610e-04
3.254853363614529371e-04
2.920134866144508123e-04
2.711112610995769501e-04
2.590899530332535505e-04
2.544579620007425547e-04
2.351734001422300935e-04
2.146241458831354976e-04
2.074925578199326992e-04
2.025597495958209038e-04
1.993661135202273726e-04
1.810610701795667410e-04
1.760346058290451765e-04
1.685216411715373397e-04
1.619023096282035112e-04
1.514466130174696445e-04
1.426493108738213778e-04
1.408308162353932858e-04
1.321534655289724469e-04
1.288432249566540122e-04
1.162518819910474122e-04
1.131653625634498894e-04
1.106365234591066837e-04
1.069441495928913355e-04
1.043453303282149136e-04
9.747625153977423906e-05
9.233546734321862459e-05
8.438961958745494485e-05
8.298330794787034392e-05
7.898949115769937634e-05
7.437743624905124307e-05
7.267708861036226153e-05
7.178312080213800073e-05
6.894906982779502869e-05
6.468511855928227305e-05
6.178052717586979270e-05
5.981356662232428789e-05
5.638493530568666756e-05
5.575417890213429928e-05
5.170343138161115348e-05
4.991448440705426037e-05
4.978901415597647429e-05
4.621324478648602962e-05
4.540788722806610167e-05
4.380847167340107262e-05
4.300470754969865084e-05
4.101387821719981730e-05
4.047068068757653236e-05
3.668511999421752989e-05
3.586654565879143775e-05
3.484323679003864527e-05
3.313728302600793540e-05
3.190767893102020025e-05
3.081527393078431487e-05
2.890615360229276121e-05
2.855512138921767473e-05
2.773490632534958422e-05
2.655473326740320772e-05
2.632960968185216188e-05
2.511190905352123082e-05
2.352486262680031359e-05
2.290970587637275457e-05
2.239076820842456073e-05
2.161404336220584810e-05
2.080939702864270657e-05
2.043593849521130323e-05
2.025892172241583467e-05
1.959691508091054857e-05
1.891255487862508744e-05
1.810042158467695117e-05
1.743232678563799709e-05
1.731983502395451069e-05
1.640737718844320625e-05
1.613531821931246668e-05
1.550222623336594552e-05
1.511079062765929848e-05
1.453961158404126763e-05
1.424208403477678075e-05
1.392186732118716463e-05
1.309883919020649046e-05
1.275423983315704390e-05
1.256702853424940258e-05
1.186442750622518361e-05
1.153674566012341529e-05
1.113615780923282728e-05
1.064365278580226004e-05
1.042436088027898222e-05
9.820030754781328142e-06
9.721286005515139550e-06
9.253980351786594838e-06
9.171114470518659800e-06
8.905331014830153435e-06
8.732178685022518039e-06
8.434593837591819465e-06
8.193090252461843193e-06
7.931181244202889502e-06
7.769853255013003945e-06
7.451117653545225039e-06
7.328955234697787091e-06
7.206193004094529897e-06
6.813730124122230336e-06
6.586425570276333019e-06
6.438967375288484618e-06
6.229528480616863817e-06
5.971018254058435559e-06
5.905272246309323236e-06
5.735130798711907119e-06
5.650847924698609859e-06
5.399468136602081358e-06
5.352731932362075895e-06
5.232731382420752198e-06
5.017364401282975450e-06
4.896791779174236581e-06
4.717873252957360819e-06
4.686836291512008756e-06
4.506342065724311396e-06
4.407577762322034687e-06
4.211884061078308150e-06
4.194158464088104665e-06
3.882429155055433512e-06
3.809365580309531651e-06
3.797907538682920858e-06
3.649937980299000628e-06
3.487904905341565609e-06
3.429160869927727617e-06
3.347578967805020511e-06
3.234101768612163141e-06
3.139435648336075246e-06
3.091935468546580523e-06
2.956381877083913423e-06
2.918005975516280159e-06
2.866470822482369840e-06
2.804000132528017275e-06
2.697241598070831969e-06
2.598934543129871599e-06
2.499990614523994736e-06
2.436999011479201727e-06
2.333219526917673647e-06
2.303143446624744684e-06
2.249342287541367114e-06
2.169896106352098286e-06
2.138653371730470099e-06
2.107768523273989558e-06
2.069282345473766327e-06
2.015557356571662240e-06
1.909259481180924922e-06
1.900638267215981614e-06
1.843876930252008606e-06
1.810359208320733160e-06
1.721692228784377221e-06
1.683403979768627323e-06
1.614908114788704552e-06
1.563003820592712145e-06
1.546256157780590001e-06
1.489800752096925862e-06
1.459532199987734202e-06
1.412215851814835332e-06
1.361783120046311524e-06
1.333840486950066406e-06
1.266171466340892948e-06
1.254269818673492409e-06
1.238650952473108191e-06
1.180669869427219965e-06
1.147531179412908386e-06
1.131904809881234542e-06
1.086635393221513368e-06
1.051100298354867846e-06
9.761856745171826333e-07
9.654885388954426162e-07
9.250475159205961972e-07
9.212083682541560847e-07
8.867541509971488267e-07
8.693640438650618307e-07
8.327029377142025623e-07
8.265008659691375215e-07
8.035547125473385677e-07
7.943798436826909892e-07
7.502989660679304507e-07
7.223570719361305237e-07
7.073495567055942956e-07
6.773032055207295343e-07
6.767280638086958788e-07
6.606594524782849476e-07
6.444070095312781632e-07
6.177024829412403051e-07
5.918207079957937822e-07
5.702870566892670467e-07
5.645708824886241928e-07
5.467658183988532983e-07
5.139294785294623580e-07
4.931702051180764101e-07
4.813785494661715347e-07
4.632936168036394520e-07
4.551803556296363240e-07
4.424178428052982781e-07
3.928804517272510566e-07
3.791660674323793501e-07
3.669074999379517976e-07
3.537800239428179339e-07
3.380123132501466898e-07
3.352216140228847507e-07
3.258889478274795692e-07
3.201410265774029540e-07
3.026503634373511886e-07
2.977630799705366371e-07
2.825052547450468410e-07
2.716156188853346976e-07
2.698921832688938593e-07
2.517980703942157561e-07
2.342744807037888677e-07
2.214164425140552339e-07
2.085308921095929691e-07
1.927456310113484506e-07
1.835977769815144711e-07
1.771304738440449000e-07
1.752934934984295978e-07
1.628166899081406882e-07
1.580393274025482242e-07
1.520593571058270754e-07
1.417627260025255964e-07
1.344053686125334934e-07
1.302898624544468476e-07
1.198636994104163023e-07
1.177276871544563619e-07
1.083389449263449933e-07
1.053792644256645872e-07
1.015648507518562838e-07
9.012568114030727884e-08
8.199261003483115928e-08
7.352080189093612717e-08
6.859124823677120730e-08
6.250791528827903676e-08
5.965854654732538620e-08
5.407500935916687013e-08
4.728043734303355450e-08
4.462936686877583270e-08
3.938015069593348016e-08
3.732811748591302603e-08
2.821469458069714165e-08
2.749284711001109827e-08
2.126568432458952884e-08
1.855265097105984751e-08
1.743889299632428447e-08
1.341915911723390309e-08
1.096632562536115074e-08
7.826674419675327954e-09
5.143188985812230385e-09
4.618514459764355706e-09
3.615391763744923992e-09
-2.780267127633351265e-10
