8.223228365119801264e-01
5.039139833268244661e-01
3.714721202248377208e-01
2.815596540453249030e-01
1.908155697949479590e-01
1.663917591180552880e-01
1.534489923272749634e-01
9.721782564782091574e-02
9.233112551009281521e-02
8.291693026982567549e-02
7.237341192636778664e-02
6.098769797184510483e-02
5.433103046023400606e-02
5.118788506038988995e-02
4.677513248836370763e-02
3.946266830632443046e-02
3.884723138413013338e-02
3.720454889466721926e-02
3.463512369078874942e-02
3.134623800967682727e-02
3.019088675055452489e-02
2.886674481993064395e-02
2.746138397011437665e-02
2.414066838558844019e-02
2.382625165945481682e-02
2.239192122219371348e-02
2.142119310324123657e-02
2.072069395642917033e-02
2.041996405989309968e-02
1.929201278015337320e-02
1.787076259582103324e-02
1.759553088528352516e-02
1.669099175955171543e-02
1.594611077788412115e-02
1.517437341132675706e-02
1.480404490389956862e-02
1.414427028407075349e-02
1.351621695453019203e-02
1.301537859332833197e-02
1.241897796612397367e-02
1.191406580537194421e-02
1.189588638888842281e-02
1.149040844013350313e-02
1.119049548320631693e-02
1.087672743406203034e-02
1.055813329468861632e-02
1.007015189996005901e-02
9.446097571087906652e-03
8.918707397775758189e-03
8.682212946674344733e-03
8.377622965369143498e-03
8.092572386160320000e-03
7.788805331754176421e-03
7.589704479265167551e-03
7.531250144727634141e-03
7.055794349293147139e-03
6.863409588445141575e-03
6.835082210528137595e-03
6.433849470489728072e-03
6.328575539458083585e-03
6.131074348707583020e-03
5.920428314304160104e-03
5.784359803329027633e-03
5.738379433246242750e-03
5.388968651566096273e-03
5.154717027900555630e-03
5.059271404138314561e-03
4.951960141889569580e-03
4.704547999011102904e-03
4.537418227450068856e-03
4.473241511459425356e-03
4.331816818733983006e-03
4.189241796110826366e-03
4.145917939038151756e-03
3.977146834111319924e-03
3.942455099983333336e-03
3.736355273471483537e-03
3.577143890705801292e-03
3.573546139471517162e-03
3.490798673694699671e-03
3.407750370894137206e-03
3.337375319612152346e-03
3.186363258848602491e-03
3.072755016284360510e-03
3.001205980095336765e-03
2.899926143135236889e-03
2.775512521872375120e-03
2.761620716216697715e-03
2.694916863874559452e-03
2.636723812863069494e-03
2.554923070550029103e-03
2.443494108331104118e-03
2.379943976467077584e-03
2.287833767618637458e-03
2.238390817971571377e-03
2.186069330124809553e-03
2.108414166195114823e-03
2.080502022459352219e-03
2.012716785369448626e-03
1.979029412840951300e-03
1.888725951101879498e-03
1.848303997555043269e-03
1.788067130064554784e-03
1.746796050721964502e-03
1.730226953257472597e-03
1.677794444142128921e-03
1.665971830361959996e-03
1.602978565509413297e-03
1.575223227487067756e-03
1.493881120136088432e-03
1.473286793593079355e-03
1.437856672686659140e-03
1.374793468383766907e-03
1.368418737598489600e-03
1.332369685113777256e-03
1.281510318918041959e-03
1.216995610204795993e-03
1.187901893342636732e-03
1.156627211546998150e-03
1.131238116323933897e-03
1.115743752684427575e-03
1.036895886595307938e-03
1.014928527516016773e-03
1.008929524284658862e-03
9.917003983717679553e-04
9.524353013650898496e-04
9.413258073665515613e-04
8.999652153968249087e-04
8.828364688519275668e-04
8.685455307361716719e-04
8.337124245569836611e-04
8.192825180363554104e-04
7.731800115190100775e-04
7.219462539669630223e-04
7.154236005591290901e-04
6.786701368182272449e-04
6.659873263823105471e-04
6.422921128533762031e-04
6.408105621895823344e-04
6.265076404180963720e-04
6.101013146858883960e-04
6.036172620985780614e-04
5.849471252003501367e-04
5.500360092638966738e-04
5.370585401508051401e-04
5.222156217069387788e-04
5.217606092199927230e-04
4.810640124951273428e-04
4.672414201948789131e-04
4.543756346854284259e-04
4.351570303372448499e-04
4.082294686078123550e-04
4.002594435584695535e-04
3.901811573106886422e-04
3.680199617546150493e-04
3.594585352887993968e-04
3.519132955442804312e-04
3.161946916329222684e-04
3.044619812618606230e-04
2.914973010834918422e-04
2.846595064666646545e-04
2.769456822541065751e-04
2.626897188731528235e-04
2.463447137056249932e-04
2.339874499420918662e-04
2.254419783084291658e-04
2.174321690408212589e-04
2.031100593024480960e-04
1.951337226228268414e-04
1.886442591508339490e-04
1.690922172954684025e-04
1.553357455300355362e-04
1.431966617390266960e-04
1.386593292019277503e-04
1.279648731904475432e-04
1.121837387606769611e-04
1.111110592702350828e-04
9.698172059644535967e-05
2.418284581192851622e-08
2.175103109689763166e-08
2.130571338429268750e-08
2.036061627717376365e-08
2.000016693445769306e-08
1.793933955246404952e-08
1.761230182167836178e-08
1.711446395292356904e-08
1.642302100283805764e-08
1.624655658220588333e-08
1.541125629984032979e-08
1.513772174423743247e-08
1.438325250320893625e-08
1.358173815166017187e-08
1.299957915499304709e-08
1.234054939391802030e-08
1.224651392932298293e-08
1.212096898222801447e-08
1.162641267132168477e-08
1.134232484161128851e-08
1.113057946853043688e-08
1.088814034142157343e-08
1.070054277794926326e-08
1.051721758724568462e-08
1.037349570655349606e-08
9.839483213793145527e-09
9.638822252986140114e-09
9.430865013454114359e-09
9.252358041481784924e-09
9.185553758076475224e-09
9.086972837885385078e-09
8.919424852108899549e-09
8.638322415991640776e-09
8.073809362504207725e-09
8.004534792959033813e-09
7.853643527972269703e-09
7.592691656345372663e-09
7.392622811732155042e-09
7.198990623503112836e-09
7.138363572642821097e-09
6.755021480339900593e-09
6.680164711558496276e-09
6.544354209141700011e-09
6.326411285968061579e-09
6.081427564345851063e-09
5.959909734180255438e-09
5.719790622852032752e-09
5.687586721033211110e-09
5.476923146918187580e-09
5.449208757151319736e-09
5.363735956301307513e-09
5.153806214676792621e-09
5.093974619726146806e-09
4.934719822169952537e-09
4.811655478510179924e-09
4.749918131763914076e-09
4.578304068393585818e-09
4.485532334923240615e-09
4.449597330213030768e-09
4.375844523229713809e-09
4.105374546878964482e-09
4.004425551675014088e-09
3.921238863038034093e-09
3.787112368033574317e-09
3.737887483153619619e-09
3.732519499951483475e-09
3.514494101811932094e-09
3.502490073561299642e-09
3.412275062594715081e-09
3.298548729351133344e-09
3.257346400753598985e-09
3.143132345867912728e-09
3.047843224212085534e-09
3.040471981361277565e-09
2.911843120352942240e-09
2.848316502298700661e-09
2.784155403051900046e-09
2.750322646922606143e-09
2.674347657557712734e-09
2.649406039633985807e-09
2.448086086650579153e-09
2.326759444196537392e-09
2.265268496202687515e-09
2.166989367310584847e-09
2.140999603031845481e-09
2.034479226757759164e-09
1.891429619791975155e-09
1.821371496474025542e-09
1.797136147745070777e-09
1.670907254859822506e-09
1.657418663827265099e-09
1.488981959179803486e-09
1.456093140625109087e-09
1.413256456260891638e-09
1.379248426204128972e-09
1.334494325992073839e-09
1.245231638877136146e-09
1.192444837085945812e-09
1.104355040070846707e-09
1.006709308672187510e-09
9.413393721823312374e-10
9.271758669423743295e-10
8.679667267379151963e-10
7.523694195708652737e-10
6.717382500518244774e-10
6.372826338258099323e-10
5.244314565783873598e-10
5.021322223045076777e-10
4.923374975894696606e-10
4.712750844970335262e-10
3.976222683763158514e-10
3.650636704260600439e-10
3.146179887587809928e-10
2.919822814649921637e-10
2.211686650601166650e-10
1.745139163143765694e-10
1.159640285389494165e-10
5.787676028335790684e-11
1.659272098484043679e-11
