2.300048746236172281e+00
9.023677558505065477e-01
7.588465997950585296e-01
5.159789668087866321e-01
3.215522719723377110e-01
2.091952933393418090e-01
1.511551957026122106e-01
1.197674149583635994e-01
9.010084935910507575e-02
7.354208873411317848e-02
6.166888059334964256e-02
5.960861529679961635e-02
5.080653797874731120e-02
4.255487647589845795e-02
3.369944846859584953e-02
2.972300455468600278e-02
2.178601684501797753e-02
2.002492497520486775e-02
1.796379658896675099e-02
1.588970346372986855e-02
1.370564698514058211e-02
1.274055499113816055e-02
1.137403492722428681e-02
1.033548435138412908e-02
9.051972848960438550e-03
8.317643146586738839e-03
8.100219027086493287e-03
6.644208043591730457e-03
5.869992079152934299e-03
5.138232069769771947e-03
4.773443179031642419e-03
4.152958976180985869e-03
3.879470063983091275e-03
3.528121391782944143e-03
2.921133117184913051e-03
2.684644349687354513e-03
2.487655133349126954e-03
2.327170161115627283e-03
1.948837890983631848e-03
1.795572566322162396e-03
1.683138488371886590e-03
1.525843723598812414e-03
1.348240621533747111e-03
1.211328843058661524e-03
1.173312245467385490e-03
1.063196874068866090e-03
9.981715115197267035e-04
9.111969765834615270e-04
8.618447824846479964e-04
7.875025289891682614e-04
7.707464799438447541e-04
6.747297706992164655e-04
6.513478518592616612e-04
5.894423472018896605e-04
5.540309341434991597e-04
5.214518992727825743e-04
4.875823404086044297e-04
4.549205593119190331e-04
4.187778312075077225e-04
3.825189221350745565e-04
3.823216718317970367e-04
3.531803689381678071e-04
3.489737987753464116e-04
2.929604463036980869e-04
2.770151880400956233e-04
2.499394186873543926e-04
2.321763599981267214e-04
2.193916728819544611e-04
2.108284299261631734e-04
1.857379974455233124e-04
1.826654610317472976e-04
1.721328015410489450e-04
1.662489894334174656e-04
1.582783763230686863e-04
1.555367506548007794e-04
1.482138753900892863e-04
1.393027857655434543e-04
1.313637938647852789e-04
1.188551020295486684e-04
1.137707472978592173e-04
1.099612022314989756e-04
1.042103700242513178e-04
1.009321464679989591e-04
9.322704850138217110e-05
9.024126760958884545e-05
8.415438798976793925e-05
8.147677535216593897e-05
7.726609283406487302e-05
7.576396023336658830e-05
7.136840575674943297e-05
6.865750794326008831e-05
6.572311413177977244e-05
6.023884328372882481e-05
5.894189099758166770e-05
5.539248304020309965e-05
5.323084659159328690e-05
4.934259633512137554e-05
4.840514551770090445e-05
4.674597580913291979e-05
4.440956233387552421e-05
4.207724199047852210e-05
4.037910818889996472e-05
3.717851858390483792e-05
3.524905893265190438e-05
3.395328997376883124e-05
3.306843479412800431e-05
3.185916406346737544e-05
3.005677951612141261e-05
2.805489622916897575e-05
2.554401021342942476e-05
2.482734814038991384e-05
2.367406313290599463e-05
2.270077406383060053e-05
2.092431981874465316e-05
2.086807870346565094e-05
1.996063616793340782e-05
1.800723378965840104e-05
1.782470354088895549e-05
1.689226314679252719e-05
1.569052381213779314e-05
1.562943430235787305e-05
1.530874114024570161e-05
1.454406102112195598e-05
1.354552637297109924e-05
1.236420891769828822e-05
1.224424154195396603e-05
1.163287301004671320e-05
1.108924783228582485e-05
1.035611894041653388e-05
1.020000965979789673e-05
9.379716161768303592e-06
9.194444217047862655e-06
8.807621563327627833e-06
8.539174727940785763e-06
8.163944004320227422e-06
7.807986185162114274e-06
7.540072146244767529e-06
7.308743404392567066e-06
7.096105509280844038e-06
6.707958350000886722e-06
6.635442078167463911e-06
6.228490788216089748e-06
6.064307996725588223e-06
6.016105034166453126e-06
5.580133265342535060e-06
5.365982915953036497e-06
5.347194976829732945e-06
4.991449572118515170e-06
4.682357252147818041e-06
4.583870153950474202e-06
4.279050282535832297e-06
4.251573466529786259e-06
4.088953082201894538e-06
4.033426242608117464e-06
3.856119950315104693e-06
3.568083580954925809e-06
3.511371813091318716e-06
3.303935490443275663e-06
3.183663355253737887e-06
3.067445538091358296e-06
2.930162837972446018e-06
2.836583263530233345e-06
2.762380290290228941e-06
2.655453197884798945e-06
2.628167563173245616e-06
2.510832150043559630e-06
2.432691779895200272e-06
2.322728366998999124e-06
2.261179355856760504e-06
2.138555613424750999e-06
2.100317673385841380e-06
2.005765601831718563e-06
1.976188320101717020e-06
1.887585140144569918e-06
1.876577626873359264e-06
1.766876199230488391e-06
1.664540733749965685e-06
1.629083929786234866e-06
1.609536869571750015e-06
1.580284583689641747e-06
1.548728468129961350e-06
1.516557711675625061e-06
1.503440856540457898e-06
1.367684514188395154e-06
1.312421019581855134e-06
1.270831579094670400e-06
1.262565574022517995e-06
1.214910680107524053e-06
1.180949749960355725e-06
1.141310827888406883e-06
1.096210064493108344e-06
1.079516427683259316e-06
1.027573837001093921e-06
1.009325650244757471e-06
9.803760451819414012e-07
9.359719343596738639e-07
9.046097697300904745e-07
8.822701076938495693e-07
8.763474479982806714e-07
8.361671398045080291e-07
8.214853647308126656e-07
8.064216270637794798e-07
7.881619601052701025e-07
7.542824632169257096e-07
7.295331875522210805e-07
7.041173673974126775e-07
6.915335672101107258e-07
6.814100470318215159e-07
6.523165201976484510e-07
6.382248655274303424e-07
6.361354936467995863e-07
6.133533595438244063e-07
5.892532436857850028e-07
5.825525953045594067e-07
5.671648876038402032e-07
5.386560577765203903e-07
5.259434987950940978e-07
5.211374113897191693e-07
5.018567263253284712e-07
4.885295002788695378e-07
4.773639857453849543e-07
4.573460902802171404e-07
4.377736604517230650e-07
4.294820127357074049e-07
4.229843130693735550e-07
4.080406786926067350e-07
3.863947277816474588e-07
3.807329533360596471e-07
3.672767044378461523e-07
3.578691903211296068e-07
3.563124120127520879e-07
3.458399054814035569e-07
3.393566197017632567e-07
3.301566577402950263e-07
3.212757678056161856e-07
2.991575807494370662e-07
2.930503572645263959e-07
2.881458418819503953e-07
2.795178908287311857e-07
2.719324436562458648e-07
2.649991204001821863e-07
2.613190980639557756e-07
2.474873436141610358e-07
2.370066943607810324e-07
2.330584081560233821e-07
2.208879773963558410e-07
2.174527858431843168e-07
2.089567163194481380e-07
2.008154501628474638e-07
1.937367126285623686e-07
1.876073527019601321e-07
1.802914360887341686e-07
1.794004853400499702e-07
1.671276669755193143e-07
1.638486065452233295e-07
1.609121756363929574e-07
1.518742907343421954e-07
1.493046611307358697e-07
1.424457016590381977e-07
1.395238256182996934e-07
1.339930139123254447e-07
1.298018393165005690e-07
1.279576338700523701e-07
1.201540714553424375e-07
1.194524629718272493e-07
1.121273840682485668e-07
1.090210144849741453e-07
1.048082468759044758e-07
1.027978604995495260e-07
9.398254654141785765e-08
8.913517734140137139e-08
8.178140057304107363e-08
7.634708723298705293e-08
7.366588587564344290e-08
6.582417825872464358e-08
6.300584958458211460e-08
5.563698203740805675e-08
5.211582251845712546e-08
4.679696483802410388e-08
1.291455581708742480e-08
9.046612362123401808e-09
4.977986398155119002e-09
3.196929163108864885e-09
1.992428632606866124e-09
1.071212854421729269e-09
