4.743772983551025391e+00
1.383427739143371582e+00
1.114308238029479980e+00
7.405818104743957520e-01
4.622109830379486084e-01
3.672572076320648193e-01
2.269635349512100220e-01
1.909003555774688721e-01
1.292427033185958862e-01
8.827690780162811279e-02
7.915575057268142700e-02
6.410223990678787231e-02
5.381336808204650879e-02
4.695926234126091003e-02
3.241088241338729858e-02
2.590587921440601349e-02
1.976379007101058960e-02
1.686375029385089874e-02
1.662512496113777161e-02
1.432645972818136215e-02
1.133882533758878708e-02
9.769222699105739594e-03
8.733950555324554443e-03
7.880538702011108398e-03
7.398686371743679047e-03
6.516314111649990082e-03
6.300353910773992538e-03
5.381202325224876404e-03
4.472246859222650528e-03
3.856713185086846352e-03
3.470608964562416077e-03
3.028554376214742661e-03
2.914766548201441765e-03
2.597571350634098053e-03
2.252505626529455185e-03
1.904060016386210918e-03
1.585383666679263115e-03
1.516503863967955112e-03
1.457015867345035076e-03
1.280219177715480328e-03
1.238954253494739532e-03
1.181214116513729095e-03
1.063201343640685081e-03
9.914363035932183266e-04
9.129769168794155121e-04
8.612736710347235203e-04
7.534896139986813068e-04
7.506177644245326519e-04
6.208004197105765343e-04
6.132742855697870255e-04
5.574331735260784626e-04
5.282000638544559479e-04
5.087302997708320618e-04
4.435037262737751007e-04
4.080780199728906155e-04
3.921462921425700188e-04
3.654663742054253817e-04
3.346441080793738365e-04
3.317033697385340929e-04
2.805816184263676405e-04
2.735606394708156586e-04
2.648318768478929996e-04
2.475136716384440660e-04
2.440510288579389453e-04
2.217957226093858480e-04
1.917768677230924368e-04
1.782399340299889445e-04
1.706093316897749901e-04
1.620519324205815792e-04
1.572545879753306508e-04
1.409931137459352612e-04
1.306387130171060562e-04
1.257844560313969851e-04
1.157278165919706225e-04
1.058510897564701736e-04
1.020871786749921739e-04
1.003618963295593858e-04
9.323038102593272924e-05
8.882930706022307277e-05
8.328152034664526582e-05
7.702950097154825926e-05
6.953629053896293044e-05
6.705770647386088967e-05
6.638818013016134501e-05
6.066296555218286812e-05
5.669904203386977315e-05
5.488523311214521527e-05
5.421157766249962151e-05
5.078206595499068499e-05
4.749081199406646192e-05
4.533168976195156574e-05
4.347884532762691379e-05
4.045852983836084604e-05
3.849929271382279694e-05
3.830894274869933724e-05
3.719541200553067029e-05
3.395828025531955063e-05
3.273514448665082455e-05
3.205852044629864395e-05
3.097111402894370258e-05
2.735466296144295484e-05
2.646044595167040825e-05
2.529034645704086870e-05
2.460703035467304289e-05
2.249529825348872691e-05
2.190333179896697402e-05
2.112512629537377506e-05
2.051152296189684421e-05
2.005237547564320266e-05
1.706341026874724776e-05
1.694691854936536402e-05
1.576939575897995383e-05
1.488913676439551637e-05
1.474785130994860083e-05
1.398267613694770262e-05
1.295136735279811546e-05
1.199835332954535261e-05
1.195457662106491625e-05
1.109138611354865134e-05
1.075337877409765497e-05
9.819852493819780648e-06
9.618048352422192693e-06
9.376688467455096543e-06
8.463870472041890025e-06
8.135196367220487446e-06
7.752265446470119059e-06
7.530970378866186365e-06
7.065912086545722559e-06
6.639037565037142485e-06
6.326951279334025458e-06
6.191021839185850695e-06
5.779146704298909754e-06
5.555194093176396564e-06
5.338059963833075017e-06
5.086865712655708194e-06
4.945218279317487031e-06
4.797413112100912258e-06
4.612447355611948296e-06
4.500795512285549194e-06
4.250809070072136819e-06
4.089545655006077141e-06
3.822852704615797848e-06
3.590907226680428721e-06
3.484977469270233996e-06
3.359887841725139879e-06
3.317959453852381557e-06
3.200072569597978145e-06
2.969150273202103563e-06
2.935715656349202618e-06
2.792061195577844046e-06
2.672449909368879162e-06
2.622425654408289120e-06
2.577398163339239545e-06
2.444498022668994963e-06
2.217754854427766986e-06
2.166017111449036747e-06
2.112655693053966388e-06
2.012566483244881965e-06
1.888757310553046409e-06
1.772859036464069504e-06
1.708226704977278132e-06
1.670640472184459213e-06
1.605723809916526079e-06
1.566995251778280362e-06
1.520526552667433862e-06
1.423769958819320891e-06
1.353970560558082070e-06
1.331789462710730731e-06
1.275682848245196510e-06
1.247532054549083114e-06
1.227836264661164023e-06
1.152647541857731994e-06
1.120445631386246532e-06
1.027804387376818340e-06
9.867628705251263455e-07
9.442490522815205622e-07
9.170405519398627803e-07
8.869153020896192174e-07
8.549303061045065988e-07
8.294225040117453318e-07
7.956882654980290681e-07
7.650049838048289530e-07
7.413177058879227843e-07
7.252173190863686614e-07
7.132275072763150092e-07
6.955659728191676550e-07
6.488744475063867867e-07
6.418933935492532328e-07
6.280726552176929545e-07
6.042353106749942526e-07
5.901786153117427602e-07
5.694596438843291253e-07
5.234500122242025100e-07
5.146630428498610854e-07
4.857149633608059958e-07
4.705880201072432101e-07
4.523939196587889455e-07
4.370899659988936037e-07
4.214752777897956548e-07
4.108495943455636734e-07
4.070287502599967411e-07
3.995612587459618226e-07
3.898970248883415479e-07
3.814265596702171024e-07
3.644084927145740949e-07
3.549797611412941478e-07
3.395653322968428256e-07
3.364032750141632278e-07
3.187551556038670242e-07
3.119029088338720612e-07
3.045494167963624932e-07
2.880817646655486897e-07
2.826133140843012370e-07
2.797848992486251518e-07
2.718558960168593330e-07
2.666647844762337627e-07
2.620997463509411318e-07
2.577749000920448452e-07
2.421724047962925397e-07
2.363619984180331812e-07
2.260529896602747613e-07
2.246353005830314942e-07
2.095209907793105231e-07
2.062324142571014818e-07
2.022685521296807565e-07
1.918923970833930071e-07
1.830558460369502427e-07
1.807692058264365187e-07
1.760903387548751198e-07
1.734821495347205200e-07
1.666169424652252928e-07
1.643165745690566837e-07
1.620703500293529942e-07
1.549257007127380348e-07
1.487651104525866685e-07
1.450598432484184741e-07
1.406355778499346343e-07
1.368966593418008415e-07
1.305608208213016042e-07
1.279340864357436658e-07
1.243136154016610817e-07
1.217737803926866036e-07
1.179507762572029606e-07
1.154837576677891775e-07
1.137879266366326192e-07
1.066546175820803910e-07
1.059555074789386708e-07
1.030806089374891599e-07
9.920480437131118379e-08
9.691601832173546427e-08
9.550554835868751979e-08
8.816683561008176184e-08
8.739726808926207013e-08
8.550197350132293650e-08
8.229795156466934714e-08
7.978681537679221947e-08
7.880451846631331136e-08
7.445245131521005533e-08
7.328149820295948302e-08
7.160844006648403592e-08
6.944274133502403856e-08
6.754689252375101205e-08
6.474856206750700949e-08
6.396254548235447146e-08
6.211683967194403522e-08
5.954771253868784697e-08
5.704103855919129273e-08
5.517124890275226790e-08
5.391664359422065900e-08
5.144036663295992184e-08
4.819525400989732589e-08
4.652235574553742481e-08
4.561730193586299720e-08
4.455932867131195962e-08
4.320308377714354720e-08
3.754022870339213114e-08
3.652359836792129499e-08
3.477467558354874200e-08
3.246406166113047220e-08
3.107482982045439712e-08
2.641755614263274765e-08
2.545289312649856583e-08
2.256826725499649910e-08
1.969945806479245221e-08
9.973658343653823977e-09
