2.640130161664345221e-01
6.274566106872067617e-02
2.119786134140125983e-02
9.159338452326954913e-03
6.770898061616880889e-03
6.561788967358799657e-03
4.050953886365439745e-03
2.996422966411517973e-03
2.344342048669199007e-03
1.656819091468301162e-03
1.426458528742531769e-03
1.369077677195693196e-03
1.130268023431126641e-03
9.295537182826098862e-04
8.033946340749018771e-04
7.224070061086143709e-04
6.250681374993937063e-04
5.201245522438355771e-04
4.663556349268561572e-04
4.598520941034337189e-04
3.937469007574694209e-04
3.627974506558876507e-04
3.386385916538323646e-04
2.930114801750202734e-04
2.791823952232874717e-04
2.564051634753665128e-04
2.358901538572088130e-04
2.208512247697705215e-04
2.157690452367133692e-04
1.995737946536608348e-04
1.857431533996453492e-04
1.700559594566980481e-04
1.653112097290629096e-04
1.527820485776706016e-04
1.500669052718895649e-04
1.390234354922244763e-04
1.314881687060565291e-04
1.285656821131655114e-04
1.207861049578835627e-04
1.180798930828796142e-04
1.137255223620535954e-04
1.073734767054995682e-04
1.051611460490999429e-04
1.008579467241711448e-04
9.679646359301002229e-05
8.815363403477648478e-05
8.265485417647644266e-05
8.069835344525198059e-05
7.979291268398940398e-05
7.663015399760395160e-05
7.432384553242916048e-05
7.086476767132687479e-05
6.778670304510416651e-05
6.730788299323714659e-05
6.093456755376003471e-05
5.943299631053978229e-05
5.644286853232684823e-05
5.568330615986650384e-05
5.442437193218100294e-05
5.302614582650998286e-05
5.188377336283629942e-05
4.989370293435328767e-05
4.759157540199083732e-05
4.591851936937510633e-05
4.561882526296351240e-05
4.397208534840726799e-05
4.318144014409504511e-05
4.117183797855451663e-05
4.077004389711167835e-05
4.034652064443280907e-05
3.660957367156058759e-05
3.655016237188704115e-05
3.468267425391703310e-05
3.431265516679697365e-05
3.337013838004355607e-05
3.251731110391015096e-05
3.122638408295476728e-05
3.076650659043673070e-05
2.971219542568169944e-05
2.947763517998158188e-05
2.831079913577175204e-05
2.796255619927186516e-05
2.698203075245234601e-05
2.570313037189016447e-05
2.474188523549947260e-05
2.316621055195271223e-05
2.274098078331643192e-05
2.220488283337549530e-05
2.094013666036977059e-05
2.048112530737542690e-05
2.033284096306865372e-05
1.996965424437077431e-05
1.927140716891280548e-05
1.889683557517322422e-05
1.813142297895935955e-05
1.747573309011757982e-05
1.721359114807986113e-05
1.666521548733926303e-05
1.638457767967071863e-05
1.572898123010515615e-05
1.496711134321509850e-05
1.471905046616129532e-05
1.434760059942137752e-05
1.422620399481576741e-05
1.395007393833436432e-05
1.357286054191946782e-05
1.295348324693359817e-05
1.258884551882758911e-05
1.235471904848316381e-05
1.190313599751365480e-05
1.166694492794417585e-05
1.138453572149276597e-05
1.109841259676345607e-05
1.060371176793382738e-05
1.042370990250070273e-05
1.025949211999990343e-05
9.825622568631364083e-06
9.614510449592308242e-06
9.354536078666638409e-06
9.208352862590696324e-06
9.063478900462234171e-06
9.032064255109075745e-06
8.839802921261427778e-06
8.579332566872449798e-06
8.337483143100986394e-06
7.997740431064879668e-06
7.641367376076156352e-06
7.479382537941586799e-06
7.313056051556709276e-06
7.259946156764709684e-06
7.063486394982337769e-06
7.009501711447966436e-06
6.727152201423630273e-06
6.632547175165208852e-06
6.515420544562131192e-06
6.244414240936565042e-06
6.197693420291471902e-06
6.011518011893027860e-06
5.826705865965663343e-06
5.760428053612102381e-06
5.632516284383174896e-06
5.486597283423521244e-06
5.262198250216486794e-06
5.092129659383029183e-06
5.050248952278718797e-06
4.891900746790712532e-06
4.782788950150839750e-06
4.547979617140189437e-06
4.523385505809123148e-06
4.488792949479915163e-06
4.418555125640120678e-06
4.342013924593076589e-06
4.224923068201184957e-06
4.022774406980157262e-06
4.007869052876785996e-06
3.878625174256244050e-06
3.814856561284797009e-06
3.717785734271651437e-06
3.608276678799538256e-06
3.592209289365979450e-06
3.507230895610453267e-06
3.416741610065045564e-06
3.368061740239223820e-06
3.269707510438774649e-06
3.199813259568559617e-06
3.156469848012724207e-06
3.075686353894559529e-06
3.007851314749405445e-06
2.935061426420521481e-06
2.897762506284309322e-06
2.778899940466037927e-06
2.742599067531807847e-06
2.696089828288395933e-06
2.596676406311946374e-06
2.523806030310274035e-06
2.500276360028939539e-06
2.427368331162838528e-06
2.385304131710396482e-06
2.333565734128929413e-06
2.328258288869346867e-06
2.265901229546811323e-06
2.188153927474769505e-06
2.147337155467079338e-06
2.048877217572488211e-06
2.002004128319398971e-06
1.976304932748476567e-06
1.919568104465572222e-06
1.812084239234840185e-06
1.797325353232150441e-06
1.790560763588308562e-06
1.691847360608535685e-06
1.653880600303298242e-06
1.633765719929310743e-06
1.597977509825417761e-06
1.562018167853556982e-06
1.541497747902237644e-06
1.458101254295640925e-06
1.425876308466590013e-06
1.402853100953755354e-06
1.342864806722896152e-06
1.300499232743019047e-06
1.247229517968340480e-06
1.223909561761606182e-06
1.192752635027989846e-06
1.148533431530589836e-06
1.139716337438913565e-06
1.113161510022407113e-06
1.080583629439740848e-06
1.061723197743419123e-06
1.024709157150177441e-06
9.890423380491819408e-07
9.512097096715308528e-07
9.086989338705596296e-07
8.879252260084517255e-07
8.573233827808934808e-07
8.523475883553107515e-07
8.368155721665897050e-07
8.173720850661783260e-07
7.949991478219084556e-07
7.746797376716044280e-07
7.641340640982829525e-07
7.335884964699258754e-07
7.251006404395646180e-07
6.975747583750019404e-07
6.638358601018134241e-07
6.420357489299971031e-07
6.148014121610211349e-07
6.065812412684132775e-07
5.753901353789248801e-07
5.648280168609287996e-07
5.416759885776212760e-07
5.256172428113504852e-07
5.144499419526247117e-07
5.034755195870539224e-07
4.657986596127733411e-07
4.479197447081003545e-07
4.336461434183983366e-07
3.825603197783869602e-07
3.793755270596800091e-07
3.660298334753939386e-07
3.581769514672344374e-07
3.383261687951930573e-07
3.314163874006410341e-07
3.122237547303138037e-07
3.063227002450905249e-07
2.916232935329573069e-07
2.759932955065075573e-07
2.714350913835491521e-07
2.508391942576040301e-07
2.420949825506825747e-07
2.329575015911064193e-07
2.126107463843487724e-07
2.006179391190386957e-07
1.993363326888545660e-07
1.832359648453815661e-07
1.646608545132158277e-07
1.626663541111022371e-07
1.577315860885329221e-07
1.477215275705274679e-07
1.384517418968685689e-07
1.204543892998767777e-07
1.110130613544367934e-07
1.027330240372210549e-07
9.814171963770730242e-08
9.799594354261980577e-08
8.390359285289656964e-08
7.867269028176514551e-08
7.297960575937731142e-08
7.151119896955985088e-08
6.189462238731001519e-08
5.523677175006825176e-08
5.480071242866850158e-08
4.813611580872375997e-08
3.921621026019159332e-08
3.545217173035313670e-08
3.253051254932867136e-08
2.735239515547939169e-08
2.352449427197474678e-08
2.148506354888467240e-08
1.915176578458653136e-08
1.551398330447312685e-08
1.459698544282277992e-08
1.051607282288824112e-08
7.523159151985267426e-09
5.329868816667631389e-09
3.913572510527309830e-09
2.084618600639000489e-09
1.188099678512455548e-09
1.068591466413872669e-09
5.804447066118009049e-10
4.095247142171087177e-10
3.191130451324197936e-10
1.929301617356929720e-10
9.632517201934882399e-11
7.373802396472358259e-11
2.243190079046660675e-11
4.270796941766348988e-12
