4.077982008457183838e-01
8.598904311656951904e-02
4.024758189916610718e-02
1.422612741589546204e-02
9.315419942140579224e-03
7.342791184782981873e-03
5.256715230643749237e-03
3.807739121839404106e-03
2.880748361349105835e-03
2.653635106980800629e-03
2.012786222621798515e-03
1.821693964302539825e-03
1.030320883728563786e-03
9.535806602798402309e-04
9.184462833218276501e-04
8.548611076548695564e-04
6.207437836565077305e-04
5.235533462837338448e-04
4.918656777590513229e-04
4.678569675888866186e-04
4.479684866964817047e-04
3.827582113444805145e-04
3.690215235110372305e-04
3.030399966519325972e-04
2.891476906370371580e-04
2.663327322807163000e-04
2.515336964279413223e-04
2.224739000666886568e-04
2.150386426365002990e-04
1.995728962356224656e-04
1.774761039996519685e-04
1.548909785924479365e-04
1.529354485683143139e-04
1.487914851168170571e-04
1.419226464349776506e-04
1.267745537916198373e-04
1.235657982761040330e-04
1.106880008592270315e-04
1.002082135528326035e-04
9.657204645918682218e-05
9.085125930141657591e-05
8.437054202659055591e-05
8.075744699453935027e-05
7.951516454340890050e-05
7.390671817120164633e-05
7.122405804693698883e-05
6.852093792986124754e-05
6.475407280959188938e-05
6.241846858756616712e-05
5.925429650233127177e-05
5.592333400272764266e-05
5.395517291617579758e-05
5.154044629307463765e-05
4.948154673911631107e-05
4.732838351628743112e-05
4.533998435363173485e-05
4.362031904747709632e-05
4.228761463309638202e-05
4.045442983624525368e-05
3.902025127899833024e-05
3.775162986130453646e-05
3.556367300916463137e-05
3.424544775043614209e-05
3.417390689719468355e-05
3.224227111786603928e-05
3.103629933320917189e-05
2.973684422613587230e-05
2.882804619730450213e-05
2.866430259018670768e-05
2.788354504446033388e-05
2.674499410204589367e-05
2.524529554648324847e-05
2.468793718435335904e-05
2.273564496135804802e-05
2.227302320534363389e-05
2.158157440135255456e-05
2.097360265906900167e-05
2.045036671916022897e-05
1.983241600100882351e-05
1.931486440298613161e-05
1.877475369838066399e-05
1.804118619475048035e-05
1.718686144158709794e-05
1.617207271920051426e-05
1.583798984938766807e-05
1.514909945399267599e-05
1.437662285752594471e-05
1.399833763571223244e-05
1.364549189020181075e-05
1.342759514955105260e-05
1.301197607972426340e-05
1.272970439458731562e-05
1.263020840269746259e-05
1.232237354997778311e-05
1.129837346525164321e-05
1.100919962482294068e-05
1.097186395782046020e-05
1.043787051457911730e-05
1.010131200018804520e-05
9.953012522601056844e-06
9.576894626661669463e-06
9.101507203013170511e-06
8.688281923241447657e-06
8.492740562360268086e-06
8.211660315282642841e-06
8.096780220512300730e-06
7.989946425368543714e-06
7.760569133097305894e-06
7.674935659451875836e-06
7.433776318066520616e-06
7.279124929482350126e-06
6.822128398198401555e-06
6.712328286084812135e-06
6.535319698741659522e-06
6.156496965559199452e-06
6.095840035413857549e-06
5.868374501005746424e-06
5.654887445416534320e-06
5.547487944568274543e-06
5.418241471488727257e-06
5.415258328866912052e-06
5.164955382497282699e-06
5.055066594650270417e-06
4.744782017951365560e-06
4.738023562822490931e-06
4.579477717925328761e-06
4.515781256486661732e-06
4.347395133663667366e-06
4.332542630436364561e-06
4.281202109268633649e-06
4.209089183859759942e-06
4.037173312099184841e-06
3.918714355677366257e-06
3.769792101593338884e-06
3.693923417813493870e-06
3.573181174942874350e-06
3.456874765106476843e-06
3.409719738556304947e-06
3.297603370810975321e-06
3.264987526563345455e-06
3.228965397283900529e-06
3.095648935413919389e-06
2.978280463139526546e-06
2.897526201195432805e-06
2.825446472343173809e-06
2.744732000792282633e-06
2.676917347343987785e-06
2.657125605765031651e-06
2.532496637286385521e-06
2.488973905201419257e-06
2.479381464581820183e-06
2.412187768641160801e-06
2.265295051984139718e-06
2.199616801590309478e-06
2.193341060774400830e-06
2.138388481398578733e-06
2.067463128696545027e-06
2.054957803920842707e-06
1.994341573663405143e-06
1.967025127669330686e-06
1.875515977189934347e-06
1.851287152021541260e-06
1.774149041011696681e-06
1.715767439236515202e-06
1.707662363514828030e-06
1.663682496655383147e-06
1.636691990825056564e-06
1.600026280357269570e-06
1.579442937327257823e-06
1.502636337136209477e-06
1.484309905208647251e-06
1.437628725398099050e-06
1.399604229845863301e-06
1.377036142002907582e-06
1.362465809506829828e-06
1.289467263632104732e-06
1.238906406797468662e-06
1.235784793607308529e-06
1.200236397380649578e-06
1.164407763099006843e-06
1.158948407464777119e-06
1.146507770499738399e-06
1.114446376959676854e-06
1.073724433808820322e-06
1.055406983141438104e-06
1.044755435941624455e-06
1.003373427010956220e-06
9.658352837504935451e-07
9.516216437077673618e-07
9.205418223245942499e-07
9.180452593682275619e-07
8.407699283452529926e-07
8.184383091247582342e-07
8.003373181963979732e-07
7.896372835602960549e-07
7.668759280932135880e-07
7.631779794792237226e-07
7.477656254195608199e-07
7.056147524053812958e-07
6.977051612011564430e-07
6.885677521495381370e-07
6.509094419016037136e-07
6.422059186661499552e-07
6.348705596792569850e-07
6.176775286803604104e-07
5.953233994659967721e-07
5.735136028306442313e-07
5.726249128201743588e-07
5.402827696343592834e-07
5.252099413155519869e-07
5.173178578843362629e-07
5.029822318647347856e-07
4.900671228824649006e-07
4.726190923065587413e-07
4.509527968821203103e-07
4.446487480436189799e-07
4.335984726822061930e-07
4.108799771529447753e-07
4.071829948770755436e-07
3.970000648223503958e-07
3.958180343488493236e-07
3.697396095958538353e-07
3.610654459862416843e-07
3.599665774345339742e-07
3.438234159602870932e-07
3.318463086543488316e-07
3.180278440595429856e-07
3.067756040309177479e-07
2.849742486432660371e-07
2.838384318692988018e-07
2.778927807867148658e-07
2.648475003752537305e-07
2.602439224119734718e-07
2.433408781143953092e-07
2.336184650175709976e-07
2.315885723191968282e-07
2.158980123567744158e-07
2.048124230213943520e-07
2.009194872698571999e-07
1.925299102367716841e-07
1.858339544469345128e-07
1.751459137722122250e-07
1.682103913935861783e-07
1.577098061034121201e-07
1.541295375773188425e-07
1.500345234717315179e-07
1.419847990291600581e-07
1.376095042360248044e-07
1.295082370234013069e-07
1.249851067086638068e-07
1.219246570371979033e-07
1.144268253483460285e-07
1.035502492641171557e-07
1.020908939608489163e-07
9.522780430870625423e-08
8.964988040816024295e-08
8.371662829631532077e-08
7.731297557711513946e-08
7.270565305361742503e-08
7.043882277457669261e-08
6.420223996883578366e-08
5.844608708116538764e-08
5.493001964396171388e-08
5.267734337621732266e-08
4.846124923574279819e-08
4.749961490801979380e-08
4.221453409058995021e-08
3.981314478096464882e-08
3.583837582255000598e-08
3.279208371509412245e-08
3.078246280097118870e-08
2.844324775708173547e-08
2.566357260036511434e-08
2.268419052597892005e-08
1.939743121681658522e-08
1.906857782785209565e-08
1.791013559682141931e-08
1.458724696590252279e-08
1.239965818911059614e-08
1.187127729451731284e-08
8.842013343723920116e-09
8.181014088393112615e-09
7.222635822756728885e-09
6.310610256576865140e-09
4.347857185393877444e-09
3.303774143148530129e-09
2.348858219036742412e-09
1.859896792133497456e-09
1.563568940987636324e-09
1.169576102633129722e-09
7.831667536706277133e-10
2.249519875929806290e-10
-2.170209845164805529e-10
2.014085842549917515e-10
-1.717297276604412559e-10
-6.214063985598983209e-11
1.382698643082047596e-11
