3.821562117673279243e-03 1.715082257787624298e-02
5.921163231499541012e-03 1.222154957277526641e-02
6.685934629349076473e-03 1.472063379420309251e-02
3.921892098461612734e-03 2.024924267977145850e-02
4.668994690857933456e-03 1.666674976288592264e-02
5.147140064902326270e-03 1.857465916141590179e-02
8.020231267379452841e-03 1.613256217893823188e-02
6.148396896805376037e-03 1.689702276523044264e-02
6.885931884692932277e-03 1.926085097643515445e-02
3.154768696207768154e-03 1.816197183638116122e-02
5.223478936152356304e-03 1.843137426655658967e-02
2.482701106928334161e-03 1.947469731012247199e-02
4.844346924231970712e-03 1.631691532181689733e-02
2.377996378563606303e-04 1.850949174150981480e-02
5.078010683394140745e-03 2.089845913054496143e-02
3.759942411946500733e-04 1.984880734177706108e-02
3.216893874675504517e-03 1.327261132032421000e-02
4.180136162766284053e-03 1.114214184301518668e-02
4.003941472008390283e-03 2.062927256159139550e-02
5.940233049731345402e-03 1.667913605242310818e-02
4.442463849020167332e-03 2.335467295214484901e-02
5.788357768014616364e-03 5.788357768014616364e-03
0.000000000000000000e+00 1.536489520675160189e-02
3.054591655387293644e-03 2.057922935455101104e-02
2.389856783204015629e-03 2.066154888685746774e-02
3.299336076347578368e-03 1.863020046566647714e-02
3.354576707299840831e-03 1.824999279279271996e-02
4.310015935083818042e-03 1.065994736178418195e-02
2.243397296746799281e-03 1.634631121419582306e-02
4.931118244250993522e-03 1.658436812573693339e-02
4.098164750969759962e-03 1.793185724680829152e-02
4.118810547886961044e-04 1.784088563785310444e-02
2.166457805834941849e-03 2.075554794998555469e-02
5.317361552716549011e-04 2.182392198000607936e-02
4.951146077017033395e-03 1.236370664638873282e-02
5.543843516015666516e-03 1.494455154782401568e-02
1.164975547533419597e-03 2.040573630820957662e-02
5.778580129669045641e-03 1.490870734146630336e-02
2.106910159338166826e-03 2.063408340426842180e-02
5.288035193680422352e-03 1.488667457361782590e-02
4.105058220519613825e-03 1.138968387810933638e-02
7.333333692404163558e-03 1.392540730365219963e-02
5.824877737667097551e-03 2.286598385888467463e-02
4.416932236155838090e-03 1.710033382164853621e-02
5.212641831250073611e-03 1.511131083139388015e-02
4.397686252508102578e-03 2.165805793819776393e-02
5.490030957885435811e-03 1.975496800094222322e-02
2.436721181277150174e-03 1.947782730249472682e-02
4.186894673505777223e-03 1.111882675449944388e-02
3.774952221774906420e-03 1.227709571159076724e-02
7.242160544456440092e-03 7.242160544456440092e-03
4.885032015930710833e-03 6.004640049541733020e-03
3.073048570506316766e-03 1.345586633870701765e-02
6.981758490029517199e-03 1.674227503980293616e-02
3.778695358263961350e-03 2.168659165478593540e-02
6.605096303643229021e-03 1.748893032817419937e-02
1.258317407258302068e-03 1.921863569481587278e-02
4.303450788949704509e-03 2.345169427395246350e-02
3.208092506951780963e-03 2.106341290574597486e-02
1.647524219154784418e-03 2.305713107660845029e-02
4.951146077017033395e-03 1.654147783643062503e-02
6.499373417504825980e-03 1.559511208069967389e-02
1.494547549160729410e-03 1.932059211190161746e-02
4.696166567339828644e-03 1.778489048094569758e-02
2.912438868833548992e-04 1.977478285613950074e-02
4.087802750187941904e-03 1.469949785724860430e-02
1.416854864001206677e-03 2.053233828483114892e-02
5.212641831250073611e-03 1.478949085531724300e-02
4.257211295972930520e-03 1.086511223759327807e-02
5.354453712253049412e-03 1.926345265721537622e-02
6.562149838487025232e-03 1.763627509679189034e-02
1.763569314502238475e-03 1.940701947738245753e-02
4.549374946281033692e-03 1.688201540712292240e-02
4.448823857787099893e-04 1.636406560732850748e-02
3.982700253342557478e-03 1.745681585460422819e-02
1.681497364919378899e-04 1.844555799611305447e-02
1.416854864001206677e-03 2.042273025160008110e-02
9.362181104590705473e-04 1.904135666127482196e-02
1.076683653249474416e-03 1.407732093558682410e-02
5.075225922733165966e-03 1.548818255772052913e-02
2.243397296746799281e-03 1.860909004572400965e-02
5.894841502649303747e-03 1.237504149871671011e-02
4.858916421562249101e-03 1.905779474412647861e-02
2.038707208183483752e-03 1.934139119753143510e-02
2.984361769780443860e-03 2.071639885022762834e-02
1.681497364919378899e-04 1.966240867297966086e-02
1.681497364919378899e-04 1.348630967219909861e-02
5.247780597678234661e-03 2.256856678969910643e-02
3.054591655387293644e-03 1.921474164519199057e-02
2.912438868833548992e-04 1.855721804575475101e-02
1.386598248952072452e-03 2.040895510406863164e-02
5.024836331354600415e-03 1.590867035588557077e-02
5.215353218601826574e-03 1.913936457909963529e-02
3.388123308886071498e-03 2.045373139260863241e-02
3.827022988046402310e-03 1.215538170433959515e-02
3.059216323675721227e-03 1.800364213623341370e-02
5.141643918043927765e-03 1.561461809117419691e-02
4.515063092487652668e-03 1.952922528851392878e-02
5.477140517562876371e-03 1.589009715255024213e-02
7.956521448628659648e-03 7.956521448628659648e-03
