4.088515324512363991e-01
1.340856828335688922e-01
1.285569579896726766e-01
6.689754974905925966e-02
5.319708305585481994e-02
3.110940810491908542e-02
2.431427019433514414e-02
1.369910996467491038e-02
1.252840509302933711e-02
1.012890430235265267e-02
6.754718050898122356e-03
6.323573859998849779e-03
5.609533116276929805e-03
5.054694806392040149e-03
4.797832067806708303e-03
3.755564664578541802e-03
3.619387965204496141e-03
3.136223034627247299e-03
2.735701402468999205e-03
2.540065978136660848e-03
2.382905097212156993e-03
1.707484623249891148e-03
1.669759902063437228e-03
1.570677603137427079e-03
1.360207706057777778e-03
1.325487356354369600e-03
1.146317104441890462e-03
1.027633178031961587e-03
9.140200706721480182e-04
8.614459294820097680e-04
7.991551646895200117e-04
7.212867503216177905e-04
6.648930033826629159e-04
6.417441454673668581e-04
6.257928127565777661e-04
6.011143842772640128e-04
5.746073059578754453e-04
4.966295494532664730e-04
4.601727858571842428e-04
4.575084617224150466e-04
4.100111140018024118e-04
3.955196181177519617e-04
3.539857983178534124e-04
3.476835676952944173e-04
3.385442459567230633e-04
3.143696502834489401e-04
3.097532611255252423e-04
2.922209482594415541e-04
2.652213957952806651e-04
2.602479231481912621e-04
2.462405405174247644e-04
2.386148586217626678e-04
2.203778282417441037e-04
2.138389450586564622e-04
2.028344550601860830e-04
1.968845027923483179e-04
1.858909980262033715e-04
1.798141166408225261e-04
1.749489566191972064e-04
1.717132887783737595e-04
1.619117525558051772e-04
1.522648706814044069e-04
1.463439391635100136e-04
1.437279087730948502e-04
1.397087847074371023e-04
1.301120288864582655e-04
1.232203254377226172e-04
1.211568243021916662e-04
1.197977555296471104e-04
1.114270050885330586e-04
1.105488033485978487e-04
1.079442476037106418e-04
1.016628511196934986e-04
9.937052782493876427e-05
9.618109412065600457e-05
9.435535258090255758e-05
8.815355547344705942e-05
8.541632648288718997e-05
8.357170045459779686e-05
7.995701323676982809e-05
7.759111962830024978e-05
7.410193642579435656e-05
7.223908566240456238e-05
7.107430028891298889e-05
6.774901227799352734e-05
6.518803765409140626e-05
6.239652331394429251e-05
6.067396464082765888e-05
5.944462815869677258e-05
5.871882008958706207e-05
5.530087208355401445e-05
5.404423328657895112e-05
5.216913262930429623e-05
5.058392758280180117e-05
4.944258093888978609e-05
4.872730392511005065e-05
4.706295001996538285e-05
4.671682761411438429e-05
4.490298465177412258e-05
4.216822601119458227e-05
4.104102521641461813e-05
3.980619548483815378e-05
3.939719620846555400e-05
3.896338439435434551e-05
3.786433185041160663e-05
3.552028309056844179e-05
3.501210586335055936e-05
3.453529702557847018e-05
3.347048138617543154e-05
3.221945603059976832e-05
3.172784316064208442e-05
3.048882582001945408e-05
2.994841868407165715e-05
2.898655144290873109e-05
2.771902829621736582e-05
2.742934344787216342e-05
2.667824005190909371e-05
2.574632449140087221e-05
2.504972430349160418e-05
2.430921447996569953e-05
2.292980628210843796e-05
2.234981431882619883e-05
2.194737553991501711e-05
2.159445398267514606e-05
2.148816273051744783e-05
2.080865162485567204e-05
1.991610318662423036e-05
1.962422804002683416e-05
1.922142052815450922e-05
1.877538265963925125e-05
1.809032708385892055e-05
1.802000959055056941e-05
1.732035761212643511e-05
1.697199108266273968e-05
1.678395364219446005e-05
1.660629852810802920e-05
1.620480314326606101e-05
1.519690400233199800e-05
1.509202287669006341e-05
1.472306167767559720e-05
1.442613270632394403e-05
1.410499144963162258e-05
1.358963837668677999e-05
1.335012864789033892e-05
1.305802867011675098e-05
1.235842335919324871e-05
1.210733798479853082e-05
1.175505612855259625e-05
1.137483727288332875e-05
1.125546666070253912e-05
1.106231706391493504e-05
1.075752472002705065e-05
1.058231955000169181e-05
1.033000996628163097e-05
9.910160640543446122e-06
9.654591545672176544e-06
9.592038081983690056e-06
9.057355807905438601e-06
8.854626988961455199e-06
8.594330400401927489e-06
8.265475687050877351e-06
8.064862656588663885e-06
7.958679409219351762e-06
7.891562765633348872e-06
7.652671916947512016e-06
7.572485745454044584e-06
7.303477152799857190e-06
7.023022947725845245e-06
6.783318429019617033e-06
6.678217928972158019e-06
6.562886396737218172e-06
6.315294782443102670e-06
6.078344083129125759e-06
5.949058738069651059e-06
5.774845701406817895e-06
5.671595467311004040e-06
5.609310811035769524e-06
5.546046293201749729e-06
5.319221971556930103e-06
5.188992755337886393e-06
5.156735060240689307e-06
4.842059712218748114e-06
4.762388886938523569e-06
4.585355725800558344e-06
4.552098642962516521e-06
4.474615324164406984e-06
4.377527795801940453e-06
4.206952655429757846e-06
4.132394844455065019e-06
3.998187834140851224e-06
3.938692617124255376e-06
3.910640152186371229e-06
3.786069803608294058e-06
3.588623091809333892e-06
3.507162072129486474e-06
3.472035198163523897e-06
3.306866136036873068e-06
3.256585134595386603e-06
3.199556576551719845e-06
3.172582192051974479e-06
3.095999362659530026e-06
3.005426299469799050e-06
2.994190435283387779e-06
2.848317133354575728e-06
2.766931770108625599e-06
2.643081516445289053e-06
2.617086579066314655e-06
2.523171893476576145e-06
2.469863453871508541e-06
2.408844019527769960e-06
2.347757406941769414e-06
2.314381380915369480e-06
2.277549054142082225e-06
2.186488378535720101e-06
2.096843224956077080e-06
2.053188395841395128e-06
2.003095924549072135e-06
1.951349825394736902e-06
1.853416580614482716e-06
1.840692129771721071e-06
1.786356789961164934e-06
1.754426823006199948e-06
1.644277152542226655e-06
1.589550068812509073e-06
1.537585342321088257e-06
1.503040090911792851e-06
1.425165807989312968e-06
1.399883254910730206e-06
1.338928400167282342e-06
1.308405800656140427e-06
1.295955668382078855e-06
1.274762180485406082e-06
1.231394986128153754e-06
1.157751479778509907e-06
1.119954875137300198e-06
1.107732530179498404e-06
1.068090999181500792e-06
1.022540696770554746e-06
1.012971625100825683e-06
9.541289403106459991e-07
9.375437751994194006e-07
8.903478751217046547e-07
8.405555647439495731e-07
7.985506296094364129e-07
7.778731193299434749e-07
7.728055625359298070e-07
7.577806192240478069e-07
6.898451138831283104e-07
6.765913289928380211e-07
6.205445470918621527e-07
6.066883239286512882e-07
5.982086911729365173e-07
5.780351983019638620e-07
5.528503863311866543e-07
5.291312438622113374e-07
5.089849720264728821e-07
5.002507316339631867e-07
4.737600120111206615e-07
4.660698310572497520e-07
4.235148271086128100e-07
3.968571229279191514e-07
3.840423912539861985e-07
3.452145411402139303e-07
3.302717074027269535e-07
3.135002309655671435e-07
3.097471457039471100e-07
2.909746095220397538e-07
2.621174196315571640e-07
2.559889689574081363e-07
2.452643763641570987e-07
2.365769338178088646e-07
2.225772555138794774e-07
2.016106363682839112e-07
1.913825023779472730e-07
1.747853307600881046e-07
1.722232833334004669e-07
1.530666671722797912e-07
1.273912887432092253e-07
1.128835053817484696e-07
1.094715277017269670e-07
1.070704450828953871e-07
8.205037895897812345e-08
8.053296826382480973e-08
7.519158163909857916e-08
7.013660393029889703e-08
6.333351183469608725e-08
3.984381922777737140e-08
3.677372809648019094e-08
2.805221566547460580e-08
2.486549540418960403e-08
1.644451385657877328e-08
2.595213110053041069e-09
1.598464671443013890e-09
8.712617361633238831e-10
6.262002777562619126e-10
4.956088085225618314e-10
2.289689153200732334e-10
