6.793058514595031738e-01
2.134270370006561279e-01
1.722584068775177002e-01
1.070044934749603271e-01
7.012696564197540283e-02
4.171426966786384583e-02
2.717932313680648804e-02
2.101882919669151306e-02
1.668504066765308380e-02
1.097114197909832001e-02
1.017953082919120789e-02
8.535725995898246765e-03
7.167274598032236099e-03
6.250336766242980957e-03
5.162028130143880844e-03
4.600830376148223877e-03
3.614623332396149635e-03
2.956529613584280014e-03
2.763259923085570335e-03
2.353021409362554550e-03
1.734930789098143578e-03
1.612822292372584343e-03
1.438895473256707191e-03
1.329026417806744576e-03
1.263926853425800800e-03
1.119378255680203438e-03
1.016443129628896713e-03
9.292729082517325878e-04
8.593096863478422165e-04
7.209746981970965862e-04
7.058168412186205387e-04
6.419275305233895779e-04
5.960204871371388435e-04
5.535951931960880756e-04
5.060252733528614044e-04
4.795961140189319849e-04
4.513671447057276964e-04
4.002942296210676432e-04
3.861104487441480160e-04
3.615721652749925852e-04
3.503449843265116215e-04
3.272176836617290974e-04
3.046303172595798969e-04
2.941808197647333145e-04
2.780033682938665152e-04
2.735540037974715233e-04
2.560750581324100494e-04
2.340147620998322964e-04
2.241299080196768045e-04
2.136015391442924738e-04
2.007069851970300078e-04
1.858782634371891618e-04
1.803238264983519912e-04
1.698158303042873740e-04
1.613357599126175046e-04
1.564486883580684662e-04
1.490141876274719834e-04
1.444195659132674336e-04
1.394530554534867406e-04
1.281522854696959257e-04
1.257315889233723283e-04
1.206098240800201893e-04
1.186914960271678865e-04
1.108838914660736918e-04
1.037610563798807561e-04
9.909952495945617557e-05
9.583485370967537165e-05
9.283965482609346509e-05
9.115832654060795903e-05
8.413085015490651131e-05
8.308230462716892362e-05
7.701205322518944740e-05
7.390008977381512523e-05
7.266878674272447824e-05
7.084963726811110973e-05
6.882232992211356759e-05
6.538078741868957877e-05
6.213028973434120417e-05
5.840322410222142935e-05
5.810459333588369191e-05
5.635977140627801418e-05
5.233380215940997005e-05
5.204110493650659919e-05
4.750758671434596181e-05
4.730103682959452271e-05
4.466541577130556107e-05
4.400311081553809345e-05
4.277316475054249167e-05
4.081637598574161530e-05
4.017884566565044224e-05
3.897641363437287509e-05
3.744073546840809286e-05
3.574391666916199028e-05
3.532101982273161411e-05
3.338848182465881109e-05
3.187529000570066273e-05
2.991475594171788543e-05
2.901822517742402852e-05
2.822844726324547082e-05
2.720740485528949648e-05
2.686657353478949517e-05
2.677971679077018052e-05
2.551415673224255443e-05
2.360962025704793632e-05
2.329629933228716254e-05
2.239956666016951203e-05
2.172828681068494916e-05
2.129474887624382973e-05
2.045374458248261362e-05
2.002125802391674370e-05
1.909647289721760899e-05
1.886608515633270144e-05
1.857709685282316059e-05
1.754435106704477221e-05
1.730733310978394002e-05
1.660552698012907058e-05
1.622381932975258678e-05
1.582268305355682969e-05
1.560684177093207836e-05
1.504389911133330315e-05
1.434284695278620347e-05
1.345899181615095586e-05
1.330624854745110497e-05
1.326301298831822351e-05
1.272245390282478184e-05
1.248043827217770740e-05
1.221717138832900673e-05
1.160403098765527830e-05
1.127262748923385516e-05
1.095579409593483433e-05
1.071820952347479761e-05
1.051679555530427024e-05
1.019168757920851931e-05
1.001553300739033148e-05
9.889286957331933081e-06
9.321821380581241101e-06
8.953423275670502335e-06
8.875202183844521642e-06
8.540589988115243614e-06
8.224046723626088351e-06
7.856784577597863972e-06
7.737042324151843786e-06
7.692728104302659631e-06
7.418814675475005060e-06
7.212548553070519120e-06
7.135641681088600308e-06
6.905619557073805481e-06
6.703228336846223101e-06
6.521625437017064542e-06
6.384527296177111566e-06
6.141700396256055683e-06
6.053693141438998282e-06
5.835844149260083213e-06
5.686814802174922079e-06
5.522974333871388808e-06
5.241412054601823911e-06
5.092590527056017891e-06
5.015428541810251772e-06
4.926406290906015784e-06
4.836150310438824818e-06
4.736966729979030788e-06
4.636984158423729241e-06
4.464794528757920489e-06
4.339177849033148959e-06
4.262644779373658821e-06
4.125884970562765375e-06
3.976600510213756934e-06
3.798880698013817891e-06
3.700280558405211195e-06
3.661911023300490342e-06
3.583961870390339755e-06
3.427448064030613750e-06
3.286097125965170562e-06
3.226384478693944402e-06
3.197152409484260716e-06
3.102310756730730645e-06
3.019926907654735260e-06
2.805462145261117257e-06
2.763096745184157044e-06
2.693363512662472203e-06
2.675502855709055439e-06
2.556755134719423950e-06
2.471280367899453267e-06
2.415154995105694979e-06
2.305366706423228607e-06
2.283978119521634653e-06
2.166124659197521396e-06
2.127946800101199187e-06
2.111961293849162757e-06
2.027932623605011031e-06
1.997753543037106283e-06
1.953478658833773807e-06
1.855261984928802121e-06
1.846307668529334478e-06
1.762768079061061144e-06
1.739899857966520358e-06
1.699846848168817814e-06
1.654884954405133612e-06
1.627120241209922824e-06
1.565505158396263141e-06
1.526113237559911795e-06
1.476939473832317162e-06
1.463889361730252858e-06
1.427132701792288572e-06
1.386643702971923631e-06
1.329038695985218510e-06
1.285939447370765265e-06
1.281521576856903266e-06
1.254555172636173666e-06
1.210979121424315963e-06
1.187358066090382636e-06
1.164513946605438832e-06
1.119765897783508990e-06
1.109313416236545891e-06
1.080659330909838900e-06
1.024249854708614293e-06
1.002889916890126187e-06
9.885059171210741624e-07
9.608106665837112814e-07
9.111432746067293920e-07
8.766863857090356760e-07
8.604822596680605784e-07
8.179052315426815767e-07
7.935167900541273411e-07
7.866996725169883575e-07
7.458982622665644158e-07
7.242984452204836998e-07
7.141509854591276962e-07
6.782908030800172128e-07
6.709132094329106621e-07
6.520936040033120662e-07
6.373535370585159399e-07
6.310620506155828480e-07
5.993764489176101051e-07
5.760083467976073734e-07
5.524502171283529606e-07
5.393590072344522923e-07
5.206811692914925516e-07
4.843195711146108806e-07
4.560602917536016321e-07
4.519096137300948612e-07
4.329245086864830228e-07
4.219765230573102599e-07
4.062841014729201561e-07
3.857048795907758176e-07
3.755475574962474639e-07
3.554934266958298394e-07
3.453656916008185362e-07
3.334089342388324440e-07
3.142209266115969513e-07
3.013746834312769352e-07
2.971516437355603557e-07
2.861105485862935893e-07
2.701361836443538778e-07
2.596653416730987374e-07
2.560398968398658326e-07
2.473048823503631866e-07
2.310601416866120417e-07
2.171346125123818638e-07
2.053431700232977164e-07
2.037377981878307764e-07
1.937551843411711161e-07
1.803092715135790058e-07
1.625233352342547732e-07
1.601122789907094557e-07
1.571620629192693741e-07
1.522835049172499566e-07
1.489952836664087954e-07
1.287507558345168945e-07
1.204085151584877167e-07
1.148272588125109905e-07
1.102283775367141061e-07
1.057984846397630463e-07
9.961141955727725872e-08
8.649798388660201454e-08
8.203039669751888141e-08
7.478263341909041628e-08
6.756073389624361880e-08
6.095381621662454563e-08
5.801967972729471512e-08
5.381503953572064347e-08
4.290683364160940982e-08
4.014823318243543326e-08
3.682074734001616889e-08
3.579883411930495640e-08
3.293839512252816348e-08
2.123838171996794699e-08
1.991992526484409609e-08
1.638599478326341341e-08
1.612435696074498992e-08
1.110204106424816928e-08
9.103383824538013869e-09
7.887212660762088490e-09
6.635258564813284465e-09
5.174404904551010986e-09
3.489710742599072546e-09
1.490762735478767809e-09
