3.896998923448542068e-03 1.726046864022023897e-02
5.933327322578948321e-03 1.214858067403183292e-02
6.733132031001089896e-03 1.447112754967693968e-02
4.578461356941262821e-03 1.958990990492970666e-02
4.950432192494972489e-03 1.608335644783285417e-02
4.631815661258437827e-03 1.938085442726259280e-02
7.935349330009893939e-03 1.664265648975953721e-02
6.961683396109333462e-03 1.605627353494034140e-02
6.381498498839313811e-03 2.061491240072209005e-02
3.427368488322161434e-03 1.798614797569515755e-02
5.801287755327378358e-03 1.727112426374449380e-02
3.271582047136789573e-03 2.062520559559612512e-02
4.756200827258903231e-03 1.649812622119771824e-02
6.179359829954647696e-04 2.004507119136087617e-02
5.106466921753110948e-03 2.085909068409423639e-02
7.556642422975267358e-04 2.014678840485447514e-02
2.762163328770047849e-03 1.377157907107216632e-02
4.079598160743658219e-03 1.146915254587490066e-02
4.647903269516000767e-03 1.998523932451371984e-02
6.157357737113134007e-03 1.595099528547480258e-02
3.437418236033632987e-03 2.223938988884281015e-02
5.168765359547107009e-03 1.603444451902103982e-02
7.004400342112170660e-04 1.888415216876519753e-02
2.898084001498167899e-03 2.061804033011640364e-02
2.531589078247650001e-03 2.199544155025575515e-02
3.061387504379130091e-03 1.875275168011894186e-02
3.802266745074811202e-03 1.788056796979310692e-02
4.234202684264508181e-03 1.095045123007592006e-02
2.612443054405499954e-03 1.623781676168972038e-02
4.903028339379127479e-03 1.664353023237843954e-02
3.868503868495788440e-03 1.818249298563534566e-02
1.194088096980669856e-03 1.835474304264165038e-02
2.169783246027844146e-03 1.947542522229481904e-02
8.420424400032584236e-04 2.009866594612344862e-02
4.673746048669610333e-03 1.331518132384947734e-02
6.031866447440137335e-03 1.385845248548166729e-02
1.517089006075044008e-03 2.057564943877458405e-02
5.726973660099846965e-03 1.427812126460508910e-02
2.120754179686734978e-03 2.063625264195557280e-02
5.104334744691936890e-03 1.541162248340716828e-02
4.077414416366967505e-03 1.147586924399480492e-02
7.282067920327915146e-03 1.428148389505066312e-02
6.008618554569699483e-03 2.257162921967906591e-02
5.343088518915490616e-03 2.050472002997897128e-02
5.303571705256542382e-03 1.483866276206489282e-02
4.513184034450044325e-03 2.155183802152712061e-02
5.463702198412806986e-03 1.793280523505884697e-02
2.964399259651333361e-03 2.072116147934111030e-02
4.230093963584914858e-03 1.096544596401100372e-02
3.791394380141091796e-03 1.223930502985436444e-02
7.199676125106983272e-03 7.199676125106983272e-03
4.858858230597971894e-03 6.630293744377365947e-03
3.053573288412704707e-03 1.347876147467944735e-02
6.773533907113879655e-03 1.756386826706030080e-02
3.589671979933975986e-03 1.905121165170469907e-02
6.742783466992803391e-03 1.698378047868569912e-02
1.276875557362351817e-03 1.922751313696954498e-02
4.882455697649781649e-03 2.297541620687902283e-02
2.329101478823891649e-03 2.116460033062742344e-02
1.555634994780830159e-03 2.301597345248261595e-02
4.248635102846932098e-03 1.774273773178084920e-02
6.468193862714023169e-03 1.627462241027733889e-02
1.103592738278221354e-03 1.913892829433374090e-02
4.594397316642952374e-03 1.654364539244399315e-02
1.106918361393388226e-03 1.914074794155745315e-02
4.311032637800363103e-03 1.424856573691494002e-02
1.201170672169572275e-03 1.919037788346046602e-02
4.758815789987536765e-03 1.305009095432151274e-02
4.195394895407875309e-03 1.108924745206733668e-02
4.892377193627769037e-03 2.000680919842030836e-02
6.884494599236252316e-03 1.640335794165052180e-02
2.520956569781875305e-03 1.947128235262920309e-02
4.827742630449996346e-03 1.635191259065022287e-02
1.435598993805485557e-03 1.845897436648569201e-02
3.592152245363351096e-03 1.807244019327682721e-02
4.161187908862603885e-04 1.866421797632602381e-02
9.305078863061410147e-04 2.015702282141948465e-02
1.236340876947559543e-03 1.920793317047670562e-02
1.762206029468150028e-03 1.419750182390477899e-02
5.007080172460056343e-03 1.566101984683774401e-02
2.592125132741801737e-03 1.857260976223904306e-02
5.985044159861827896e-03 1.182241603554190501e-02
4.333274497949518231e-03 1.831635262807201903e-02
2.552998128974965156e-03 1.890259811953669267e-02
2.096551441139382719e-03 1.946876529454158802e-02
9.650242147643669707e-04 2.028739058134728865e-02
5.616553597402163369e-04 1.379990977621451363e-02
5.691564312995191915e-03 2.194388749506957781e-02
4.021345859366900512e-03 1.853355645049023503e-02
9.231558360031363398e-04 2.015228936205590987e-02
1.629925277913583589e-03 2.050918606391132631e-02
5.250096868487943991e-03 1.531764982613458871e-02
4.887491276766437777e-03 1.966426739082658554e-02
2.507292443133108274e-03 2.077704064634979669e-02
3.673292476146582108e-03 1.249833248244642571e-02
2.827766674472200533e-03 1.613172241044847147e-02
5.053564023128232809e-03 1.583866942854903273e-02
4.259236476438907869e-03 1.981594736539167220e-02
5.324800655158707860e-03 1.630609523852695475e-02
7.845225936517593451e-03 8.662872037281249549e-03
