2.653093419866180646e-05
9.252187324413619192e-06
8.129424092374066882e-06
5.816433270408902298e-06
4.597845911100567842e-06
4.310390065458769261e-06
3.852250272637001363e-06
3.597169061086046634e-06
3.358143229377394351e-06
3.111292693903885200e-06
2.910606981923894777e-06
2.851374841901694134e-06
2.667281095885736841e-06
2.597058979064159826e-06
2.485133383418238408e-06
2.426381970658103729e-06
2.311928630009021890e-06
2.278640939795887873e-06
2.246234478866711331e-06
2.184346975615404410e-06
2.170380552415191173e-06
2.117674240265414185e-06
2.036945010794226309e-06
1.979676368393636231e-06
1.936806131640015274e-06
1.903120393117382892e-06
1.829692308909891556e-06
1.804910533897677320e-06
1.761648695639018311e-06
1.735208075951361456e-06
1.717483699618704968e-06
1.671006097281957954e-06
1.628335079389148348e-06
1.601514157516473301e-06
1.562712579972763004e-06
1.550556357667856259e-06
1.501360994705734191e-06
1.447060405416422495e-06
1.426770686045311191e-06
1.410283958478832924e-06
1.392146382914710973e-06
1.359146861924927036e-06
1.337784956667616530e-06
1.316004043958876375e-06
1.281963533754426548e-06
1.267154870448701832e-06
1.250894540067593710e-06
1.242954278057302364e-06
1.223522505923085516e-06
1.195353510854957940e-06
1.178486375562749254e-06
1.154237885700232604e-06
1.140651694990749071e-06
1.115153945804680288e-06
1.091015202912035418e-06
1.077027245108138647e-06
1.062227796705830863e-06
1.049946955603295478e-06
1.034216395720361345e-06
1.006793373735016265e-06
9.979012138734318557e-07
9.763710496188168544e-07
9.686570320221000689e-07
9.455423907026791797e-07
9.282460915710396213e-07
9.082541263867216619e-07
8.946436264560904429e-07
8.826043721907771308e-07
8.783176409013106678e-07
8.509409384388240891e-07
8.437188702904494151e-07
8.246684274635182897e-07
8.209132611723415395e-07
8.046760514986936635e-07
7.825625679275629986e-07
7.796879687735780414e-07
7.637983758631475689e-07
7.537548278961098474e-07
7.497777109573842267e-07
7.453514738718914951e-07
7.205532668424126131e-07
7.107152519389660709e-07
6.914092034101098373e-07
6.870902911662987102e-07
6.717969741889084662e-07
6.597474781196891155e-07
6.495860013514153693e-07
6.405806058108699413e-07
6.276301055489433915e-07
6.185294469901271688e-07
6.048845544140982115e-07
5.996868235642820286e-07
5.927347787016105280e-07
5.856000484104487850e-07
5.704388960559565153e-07
5.673104892778821710e-07
5.583230184485614133e-07
5.533647058279426718e-07
5.444334329097305055e-07
5.404559027227030896e-07
5.282409934021621637e-07
5.220888826935027789e-07
5.163042425764452744e-07
4.985192825219506316e-07
4.894573610434857708e-07
4.859637888548668589e-07
4.756886762734410898e-07
4.731262262484139815e-07
4.627568968666187966e-07
4.583536972248580666e-07
4.520755279177703453e-07
4.448901056301952846e-07
4.412687510480925743e-07
4.273574640255737202e-07
4.222160175239046835e-07
4.132385893073766926e-07
4.060877297171993394e-07
4.009986722992171987e-07
3.953691728277988805e-07
3.888912084419793813e-07
3.858606814488788346e-07
3.800540216423927450e-07
3.749228902310042808e-07
3.684761132388523424e-07
3.610948447486202208e-07
3.580165923870289392e-07
3.425695088425907276e-07
3.413506042894422125e-07
3.398790701611164776e-07
3.298087811999697998e-07
3.224909873418753137e-07
3.187628361324339662e-07
3.116461212254975603e-07
3.089885144019645927e-07
3.043232223021413666e-07
3.016106605228950616e-07
2.921995632480057270e-07
2.897644052251147949e-07
2.823629425932585146e-07
2.788484696939469263e-07
2.754614359572832028e-07
2.703768644527153100e-07
2.660852710578383945e-07
2.636903324038566676e-07
2.568897898480449349e-07
2.502641787725038755e-07
2.448027137344702786e-07
2.428691498132102205e-07
2.405819795904974054e-07
2.369079821234338833e-07
2.317483110479063917e-07
2.283681963363581798e-07
2.250710457561529513e-07
2.197612270676764315e-07
2.172335622732762786e-07
2.136002571664379105e-07
2.099733050177325205e-07
2.068694192396939746e-07
2.065279763300829431e-07
2.031581802945084485e-07
2.005648555224855235e-07
1.938257381638073118e-07
1.894563663178289204e-07
1.882582216357496560e-07
1.872160612669193351e-07
1.807037617294101484e-07
1.802533952890064998e-07
1.727261910199021366e-07
1.673138441127771447e-07
1.648342194254728608e-07
1.607145734099045546e-07
1.583641337789249145e-07
1.573224242573754480e-07
1.539457245977116569e-07
1.525095958306097928e-07
1.467611583864623726e-07
1.446206462525527412e-07
1.430620726954612294e-07
1.402351736274660232e-07
1.367112750081416318e-07
1.334509907534016458e-07
1.302018529229377494e-07
1.281007473756646431e-07
1.278206385104549301e-07
1.217988264361487740e-07
1.199070877790296359e-07
1.179907625813777371e-07
1.130695135900309878e-07
1.123159750371912579e-07
1.112646325612761114e-07
1.070370944281117111e-07
1.058305693840854767e-07
1.032929418084458666e-07
1.004134747602318955e-07
9.841773361153220404e-08
9.802915445443542612e-08
9.466959510125692575e-08
9.406805042918545509e-08
9.195184856297430041e-08
9.047924353726251025e-08
8.651707872963300100e-08
8.505966410743897666e-08
8.397193630118408290e-08
8.318528789967136863e-08
8.243146700641449322e-08
7.967621021106397321e-08
7.860611246001395059e-08
7.656063576250597360e-08
7.469930882050975658e-08
7.242787729155928430e-08
7.073097986601809537e-08
6.985481661634682625e-08
6.557287792419820935e-08
6.435228845548014064e-08
6.283767629937643583e-08
6.037735941064995437e-08
5.915808095432952741e-08
5.805629272894045512e-08
5.548252939548536745e-08
5.401198165792099465e-08
5.278790804766971698e-08
5.145600728167422216e-08
5.059848628818943781e-08
4.881913341864772293e-08
4.779556277996132424e-08
4.604707790018659078e-08
4.403078137019036830e-08
4.348469595057538035e-08
4.246507469607361094e-08
4.068512865246886166e-08
4.000725702700316026e-08
3.795618569280912753e-08
3.732353509364723927e-08
3.581433512165591755e-08
3.409317256325892522e-08
3.378698847878094591e-08
3.302327851994562255e-08
3.215632393950321046e-08
3.124968991512926971e-08
3.044906278105619785e-08
2.985511688873930994e-08
2.832693301858924111e-08
2.710385706921478091e-08
2.634042739119435156e-08
2.565614627532619848e-08
2.514883224544576791e-08
2.427086994173550299e-08
2.328290751564158443e-08
2.251186328363652563e-08
2.176929568858231802e-08
2.090998505822548665e-08
1.961377187553053624e-08
1.925042855756805454e-08
1.888232868373995899e-08
1.801718972918183787e-08
1.661403628356298063e-08
1.605699418738511938e-08
1.576133762297010059e-08
1.494118491409607643e-08
1.439662953946644386e-08
1.359795254507869324e-08
1.301912592151920231e-08
1.239362795547141729e-08
1.187791370638620276e-08
1.112203701924210750e-08
1.030770998732086035e-08
9.624690016638119893e-09
9.602979177934763616e-09
8.910205927106024927e-09
8.203872402748338255e-09
7.707749916229463894e-09
7.001867215982860179e-09
6.612680192391508375e-09
6.003973815311728013e-09
5.904630645889053296e-09
5.764818489249439522e-09
5.122235995988270242e-09
4.477550450392784491e-09
4.216824967734391113e-09
4.012819357949230920e-09
3.834606271557546338e-09
3.313899312470934001e-09
2.953346680382310511e-09
2.717818171865754618e-09
2.359200395358199483e-09
2.079741483354865555e-09
1.913924843573332561e-09
1.500191873296175385e-09
1.370360915000966202e-09
1.184570922066211907e-09
9.828397917315313703e-10
7.163954455405306871e-10
5.744494479864400885e-10
4.570084571580946247e-10
3.235593058701428982e-10
1.395938992414589207e-10
8.560327785554103484e-11
