3.826587850694469946e-03 1.680018071653525263e-02
6.819917832085434402e-03 6.819917832085434402e-03
7.096237640073138619e-03 1.186827274459912110e-02
6.129974692410036265e-03 1.625814806443544314e-02
4.864732002843723604e-03 1.627338587305048739e-02
6.216994001695291469e-03 1.572817242925356879e-02
8.006117343081636112e-03 1.622081610103175142e-02
6.875658968507615890e-03 1.644159420096774279e-02
6.685934629349076473e-03 1.984629089010385428e-02
3.889314673182777370e-03 1.756351375569496776e-02
5.169066213425901890e-03 1.853420393145940176e-02
2.674585289764369773e-03 1.945003528176042495e-02
4.809200049460206350e-03 1.639051560232884786e-02
1.681497364919378899e-04 1.966240867297966086e-02
5.536188032249448818e-03 2.017696285690958810e-02
3.362994729838757798e-04 1.981447624619261591e-02
3.519113274739953806e-03 1.279678472611221404e-02
4.365421060639590976e-03 1.042924683610282378e-02
4.665965825997578711e-03 1.996272368944414927e-02
6.102237108061257798e-03 1.614756104452888183e-02
2.941419073846208900e-03 2.235513397106554320e-02
5.963984576098737590e-03 5.963984576098737590e-03
0.000000000000000000e+00 1.536489520675160189e-02
2.823714248080158584e-03 2.063217020805492574e-02
3.312165688237162734e-03 2.048760005578652635e-02
3.535145764460101512e-03 1.847258003239534915e-02
5.383418266247369695e-03 1.491653715762592675e-02
4.339436180613469828e-03 1.053954472001883934e-02
2.255965447167900331e-03 1.634405759077161083e-02
5.160854824264509387e-03 1.605428235795161238e-02
3.827022988046402310e-03 1.822316814184201175e-02
0.000000000000000000e+00 1.746492836817278155e-02
1.960946049230806367e-03 1.944978261253666602e-02
0.000000000000000000e+00 1.949961671010448302e-02
4.546266387704007983e-03 1.367639359950127004e-02
5.525964222911038115e-03 8.757994220871985480e-03
1.902397102850885043e-03 2.188878559079911190e-02
5.209929032819526906e-03 1.258009138653609638e-02
1.834297067542405620e-03 2.057449776170590383e-02
5.212641831250073611e-03 1.511131083139388015e-02
4.176752806353773405e-03 1.115374667549056537e-02
7.958298052747852028e-03 1.391786690344884794e-02
6.309537392415536308e-03 2.202398499131275056e-02
5.414839262245329035e-03 2.038719860537019021e-02
5.185449982602767342e-03 1.518909189722325581e-02
4.365421060639590976e-03 2.168620725266047142e-02
5.574360316364259868e-03 1.959556058678615237e-02
2.788447922704445723e-03 2.075458143407882261e-02
4.384808666289732176e-03 1.034437751699075411e-02
3.691643120789511300e-03 1.245992070540182656e-02
7.248014373145828144e-03 7.248014373145828144e-03
4.919637161748391732e-03 4.919637161748391732e-03
2.998539340174476847e-03 1.354110214710782696e-02
6.894139196169452727e-03 1.710448976405102434e-02
3.856462060243051170e-03 2.029857091074571337e-02
6.600814231035201374e-03 1.750382683259844863e-02
1.577384348103884077e-03 1.935061088493265913e-02
4.098164750969759962e-03 2.357634152417849641e-02
2.488388860332219760e-03 2.117276518056250209e-02
1.188998189281803260e-03 2.282188062010523030e-02
4.761934037091560511e-03 1.692399034239234698e-02
6.451342455238102090e-03 1.579632558569554063e-02
1.604046253475890482e-03 2.060992164107476599e-02
5.261233018103234765e-03 1.851649692373107114e-02
0.000000000000000000e+00 1.949961671010448302e-02
4.270473668586278679e-03 1.433657389185438551e-02
8.237621095773922089e-04 2.019438324688944963e-02
4.163191884822856591e-03 1.455606565321909338e-02
4.173366707048617105e-03 1.116531663594018398e-02
5.166330533841102628e-03 1.959147097412002395e-02
6.677471417565179410e-03 1.722993799634612785e-02
2.912438868833548992e-04 1.563572965995490768e-02
5.152630349199070758e-03 1.871945884866849791e-02
1.779529543114839957e-03 1.419658331274708390e-02
3.664738543756753449e-03 1.801000092483825282e-02
0.000000000000000000e+00 1.828312262845219541e-02
3.362994729838757798e-04 1.970692061029593461e-02
5.044492094758135613e-04 1.873607804026411472e-02
6.512411291024408633e-04 1.385913645950667163e-02
4.905248019605555967e-03 1.590365187522890800e-02
2.621194981950193768e-03 1.856660422329267299e-02
6.058059539096324192e-03 1.130948670477035720e-02
4.280393481414492864e-03 1.838330739886351317e-02
2.106910159338166826e-03 1.934911621464599843e-02
3.243154668562482981e-03 2.063616126913483950e-02
0.000000000000000000e+00 1.949961671010448302e-02
0.000000000000000000e+00 1.332600106675778731e-02
5.531078489829755786e-03 2.218779592241613627e-02
3.602487925306542028e-03 1.890607317488348163e-02
4.448823857787099893e-04 1.979931862584567714e-02
9.659466952767986701e-04 2.017954273711143262e-02
5.169066213425901890e-03 1.554181823251465401e-02
5.052892586996506757e-03 1.941271130097687800e-02
3.243154668562482981e-03 2.063616126913483950e-02
4.524446676754085607e-03 9.655135239457230539e-03
4.656867411439834757e-03 1.336537417264998390e-02
