6.923513109923150610e-01
1.012470206657863914e-01
5.378115777429368777e-02
3.794713017850526171e-02
3.070040113270757279e-02
1.943741208784843799e-02
1.165045822788512639e-02
6.874638069952702241e-03
5.137129549361785057e-03
4.642651452657875835e-03
3.464305655369705542e-03
2.762523302825618983e-03
1.937932489600475462e-03
1.732717265328691464e-03
1.448993863640112316e-03
1.397208224045209729e-03
1.274584812996440398e-03
1.203964457984553352e-03
1.105282822039455352e-03
9.240609763677855434e-04
9.063626279626897349e-04
8.014442172449309267e-04
6.830230842786149531e-04
6.593171055114469947e-04
5.642206468163903131e-04
4.943238661773081185e-04
4.764034879749077405e-04
4.289348078341482726e-04
4.204935680014930356e-04
3.698882655661725883e-04
3.541029110824770051e-04
3.242303108604161887e-04
3.156131049388549302e-04
2.987670767670981250e-04
2.721367262032953313e-04
2.605883328584789722e-04
2.476694661453016154e-04
2.347476860556160652e-04
2.248187701307785948e-04
2.121053666954521365e-04
1.990074391262596745e-04
1.929760206197382068e-04
1.804070456830573219e-04
1.764225893827618599e-04
1.671790584124359868e-04
1.532250214328251844e-04
1.446358748968020597e-04
1.382151498380856957e-04
1.347901244775574412e-04
1.301355779937080981e-04
1.221620125313459292e-04
1.186445813731729353e-04
1.122460835726273297e-04
1.110057919534632696e-04
1.056951459763041343e-04
9.850019547643741396e-05
9.688636571898731425e-05
9.219993939988065416e-05
8.963317683478627586e-05
8.606374219956487454e-05
8.297625949516340758e-05
7.469672443857254345e-05
7.388873744621441287e-05
7.177731715918364162e-05
6.893678160443113907e-05
6.612258317857878020e-05
6.141431514879824416e-05
6.067789321142104121e-05
5.850956429628594621e-05
5.690839810257683511e-05
5.661900839618276419e-05
5.400560528004865249e-05
5.174611394311517894e-05
5.016162566673071485e-05
4.891725887989911155e-05
4.630903633091034636e-05
4.585468177688998756e-05
4.410321888102951320e-05
4.266495713651615915e-05
4.140529003910398831e-05
3.962128459114207382e-05
3.887316410039530577e-05
3.706018831319469640e-05
3.649722802654814378e-05
3.566635228243075935e-05
3.515608726953878396e-05
3.467681144053496120e-05
3.308158420613033451e-05
3.224157661563216627e-05
3.199357448618474187e-05
3.036160106706356276e-05
2.994051155481740806e-05
2.836884619696921877e-05
2.785689843628037457e-05
2.678686102005393797e-05
2.589215635578673543e-05
2.537171372948392924e-05
2.485127636629815264e-05
2.379788365933984968e-05
2.326255162740164674e-05
2.227289703737557269e-05
2.144242364141478059e-05
2.112985350650797966e-05
2.092827954538913947e-05
2.040517916942765850e-05
2.019848468601455156e-05
1.926597123025494495e-05
1.854140124611619483e-05
1.828611289355257317e-05
1.775634485905736777e-05
1.644948733092633662e-05
1.614666869552124160e-05
1.601726703334034133e-05
1.585087270987330636e-05
1.503224050464928825e-05
1.483729741278197208e-05
1.446399813647796199e-05
1.417530219822183387e-05
1.406921883342797010e-05
1.375913772782055074e-05
1.324386377878012756e-05
1.252159393430214165e-05
1.242217713449113904e-05
1.225419633742484894e-05
1.184189211886244520e-05
1.135057746086958963e-05
1.126934619563085130e-05
1.065246444395297808e-05
1.033697959418853913e-05
1.023062102710675927e-05
1.012236224005858767e-05
9.582840062133288919e-06
9.441092433133270565e-06
9.237161604478874628e-06
8.871975301192670362e-06
8.697062748229922958e-06
8.513929174762134068e-06
8.256214101829469770e-06
8.065286383948659895e-06
7.891446136925594424e-06
7.539034545613294629e-06
7.469651542015734917e-06
7.218692428102196301e-06
7.043133989154185310e-06
6.959639240094845109e-06
6.909505818951706962e-06
6.658242347710551832e-06
6.476919521474992956e-06
6.283841962960510212e-06
6.260751301221757146e-06
6.065062861365895810e-06
5.927554236565899552e-06
5.853168721365918723e-06
5.711843601860948189e-06
5.566575712942071080e-06
5.408868874786617010e-06
5.249043985723003448e-06
5.072314771356693222e-06
5.054084623270933909e-06
4.870884566513212549e-06
4.776651442822237094e-06
4.714777118741576026e-06
4.556591764440672180e-06
4.533322040045716678e-06
4.379681992838464018e-06
4.326726387644810305e-06
4.186155471876113051e-06
3.976568510311071666e-06
3.917675572974965942e-06
3.820223872069822258e-06
3.795101670461304955e-06
3.707063046123261969e-06
3.649310831029832026e-06
3.569632755090471600e-06
3.520133373367053908e-06
3.438302843678959601e-06
3.333648549367187910e-06
3.284446525244991098e-06
3.194252301803761145e-06
3.044469078050163926e-06
2.953312409308874982e-06
2.873039484332792400e-06
2.819381594435746779e-06
2.768975685332944380e-06
2.678139722879785722e-06
2.657332434503496793e-06
2.588983627223226336e-06
2.502580513072878624e-06
2.474663600048104154e-06
2.406978750810100394e-06
2.333876784949218015e-06
2.298175830634522191e-06
2.266907979350558233e-06
2.216437930245834606e-06
2.147185913096481708e-06
2.111515605416782763e-06
2.058245431091420048e-06
1.960301759021766443e-06
1.895543976458614517e-06
1.868317556449912686e-06
1.825284766172350374e-06
1.698249756886919271e-06
1.690830716308204383e-06
1.673606101773455596e-06
1.601205786139068453e-06
1.592998168519482298e-06
1.480078566893708051e-06
1.457837549686248081e-06
1.426866522161133143e-06
1.389971494682636311e-06
1.356444705388173292e-06
1.303173879274604354e-06
1.271797253075464211e-06
1.238400301956860515e-06
1.209545969003803618e-06
1.186285556396899830e-06
1.128702430096437681e-06
1.097265859413479336e-06
1.037700982583413209e-06
1.024531883020338562e-06
1.017069235598347322e-06
9.696456765586195939e-07
9.469101996991145587e-07
9.077496277722267386e-07
8.851377176189742235e-07
8.707628716192386647e-07
8.485059728886045490e-07
8.185768055032619976e-07
8.158519416603028828e-07
7.599355526994866096e-07
7.414350132026622303e-07
7.159683004947170033e-07
6.899873127844403788e-07
6.447892536383422755e-07
6.150786425306665351e-07
6.106874505296538698e-07
5.972408098145151303e-07
5.828724840623275316e-07
5.630542761709842967e-07
5.366254648207107813e-07
5.149325448794823919e-07
4.998096645880428552e-07
4.763994838158292411e-07
4.539668379618780638e-07
4.351656884847172248e-07
3.967481152704634902e-07
3.878805199843179097e-07
3.691741673503915811e-07
3.455399119214521541e-07
3.425291276239907959e-07
3.192492849293950430e-07
3.073473907389400729e-07
2.985855954128318786e-07
2.825226559438400919e-07
2.547320760433491001e-07
2.497324471060548605e-07
2.354397827974423968e-07
2.234166194410337923e-07
2.170752558406434354e-07
2.089785651847574123e-07
2.042316222628511622e-07
1.804244143718162240e-07
1.691213556804230093e-07
1.608303264820710502e-07
1.497872247442161790e-07
1.348938208299332039e-07
1.279804601739426490e-07
1.120096697488795225e-07
1.081136043195701560e-07
9.777915910640291498e-08
8.509889480562407321e-08
7.092666278618932845e-08
7.022329766355056109e-08
6.595861748632718495e-08
5.811174051841887983e-08
5.203149125185916430e-08
3.631499903776787657e-08
3.359838168050019486e-08
2.435777082082516713e-08
4.850544821839358565e-09
2.955041657944981142e-09
2.392873210544305790e-09
8.025451480900683890e-10
5.698709430523969292e-10
3.987386008162485715e-10
