1.643232703208923340e+00
2.320511639118194580e-01
1.179795935750007629e-01
5.177730694413185120e-02
4.296641796827316284e-02
2.511166036128997803e-02
1.167286373674869537e-02
6.462454330176115036e-03
4.666476510465145111e-03
4.103092942386865616e-03
3.293004818260669708e-03
2.625854918733239174e-03
2.301276661455631256e-03
1.854796428233385086e-03
1.743315486237406731e-03
1.652555423788726330e-03
1.380959409289062023e-03
1.224804203957319260e-03
1.114275772124528885e-03
8.817698108032345772e-04
7.871698471717536449e-04
7.478185580112040043e-04
6.225425750017166138e-04
5.216273711994290352e-04
4.879280750174075365e-04
4.412621783558279276e-04
4.208613536320626736e-04
4.122102982364594936e-04
3.888970240950584412e-04
3.547948726918548346e-04
3.312240296509116888e-04
3.168522380292415619e-04
3.055232518818229437e-04
2.828560536727309227e-04
2.652028924785554409e-04
2.475427172612398863e-04
2.411214809399098158e-04
2.220672031398862600e-04
2.063015417661517859e-04
1.932241430040448904e-04
1.862285425886511803e-04
1.686575851636007428e-04
1.569184823893010616e-04
1.488734123995527625e-04
1.448894181521609426e-04
1.414868456777185202e-04
1.346415228908881545e-04
1.272794906981289387e-04
1.177487647510133684e-04
1.110855737351812422e-04
1.036353714880533516e-04
1.012534994515590370e-04
9.781789412954822183e-05
9.585679799783974886e-05
8.957352110883221030e-05
8.455588249489665031e-05
7.871918205637484789e-05
7.673940126551315188e-05
7.177039515227079391e-05
7.028979598544538021e-05
6.540929462062194943e-05
6.349855539156123996e-05
5.958227120572701097e-05
5.581031655310653150e-05
5.306469756760634482e-05
5.268911991151981056e-05
4.887936665909364820e-05
4.768474900629371405e-05
4.546832133200950921e-05
4.406251173350028694e-05
4.274444290786050260e-05
4.106411506654694676e-05
3.959165042033419013e-05
3.837178883259184659e-05
3.640900831669569016e-05
3.513191768433898687e-05
3.226049011573195457e-05
3.147973257000558078e-05
3.087914228672161698e-05
3.072558683925308287e-05
2.996349030581768602e-05
2.755196146608795971e-05
2.559873973950743675e-05
2.516549648134969175e-05
2.449339808663353324e-05
2.384587969572748989e-05
2.279724685649853200e-05
2.244263851025607437e-05
2.067478453682269901e-05
1.978468935703858733e-05
1.915259599627461284e-05
1.841298762883525342e-05
1.818864075175952166e-05
1.727776543702930212e-05
1.672627149673644453e-05
1.665891795710194856e-05
1.595783032826147974e-05
1.551474815641995519e-05
1.510942638560663909e-05
1.410373533872189000e-05
1.323526339547242969e-05
1.301916472584707662e-05
1.242528014699928463e-05
1.201121176563901827e-05
1.184174016088945791e-05
1.156217786046909168e-05
1.142426208389224485e-05
1.117269766837125644e-05
1.111991969082737342e-05
1.072753639164147899e-05
1.027751568472012877e-05
9.809362381929531693e-06
9.639291420171502978e-06
9.604694241716060787e-06
9.075091838894877583e-06
8.856462955009192228e-06
8.723850442038383335e-06
8.128781701088882983e-06
8.038233318075072020e-06
7.970508704602252692e-06
7.311884019145509228e-06
7.182431090768659487e-06
7.079886472638463601e-06
6.884046797495102510e-06
6.589971690118545666e-06
6.505710643978090957e-06
6.202000804478302598e-06
6.141774065326899290e-06
5.797304766019806266e-06
5.655455424857791513e-06
5.515946668310789391e-06
5.355258508643601090e-06
5.190625415707472712e-06
4.960462774761253968e-06
4.861127308686263859e-06
4.653546056943014264e-06
4.611112672137096524e-06
4.419878223416162655e-06
4.326473572291433811e-06
4.299650299799395725e-06
4.201500360068166628e-06
4.041530701215378940e-06
4.013182660855818540e-06
3.773861863010097295e-06
3.732568757186527364e-06
3.529626837917021476e-06
3.493215899652568623e-06
3.425838485782151110e-06
3.376366976226563565e-06
3.254930788898491301e-06
3.181422243869747035e-06
3.121100917269359343e-06
3.058027914448757656e-06
2.970776449728873558e-06
2.863919235096545890e-06
2.778227099042851478e-06
2.703590325836557895e-06
2.635586497490294278e-06
2.553922740844427608e-06
2.484885953890625387e-06
2.471062998665729538e-06
2.400616267550503835e-06
2.348649559280602261e-06
2.221005388491903432e-06
2.181963509428896941e-06
2.082122819047071971e-06
2.068573394353734329e-06
2.013425500990706496e-06
1.947898908838396892e-06
1.927642188093159348e-06
1.872476332209771499e-06
1.839687570281967055e-06
1.783550715117598884e-06
1.764235548762371764e-06
1.695612354524200782e-06
1.678880380495684221e-06
1.642654410716204438e-06
1.623211801415891387e-06
1.550839215269661509e-06
1.521324406894564163e-06
1.489779492658271920e-06
1.468347477384668309e-06
1.410097183907055296e-06
1.365445427836675663e-06
1.308533342125883792e-06
1.293645141231536400e-06
1.279699517908738926e-06
1.266788785869721323e-06
1.249590468432870694e-06
1.227476673193450551e-06
1.195610707327432465e-06
1.161449404207814950e-06
1.136874288931721821e-06
1.105841988646716345e-06
1.097421090889838524e-06
1.030308453664474655e-06
1.012582742987433448e-06
9.733665820021997206e-07
9.376116736348194536e-07
9.115810257753764745e-07
8.870958367879211437e-07
8.597788223596580792e-07
8.476513357891235501e-07
8.344832167495042086e-07
7.969569537635834422e-07
7.735677058917644899e-07
7.392214342871739063e-07
7.042436891424586065e-07
6.906830662956053857e-07
6.706620183649647515e-07
6.597987294298945926e-07
6.416740916392882355e-07
6.370034952851710841e-07
6.026210144227661658e-07
5.827304221384110861e-07
5.608960123026918154e-07
5.437573236122261733e-07
5.182758968658163212e-07
5.145942623130395077e-07
5.092512083137989976e-07
4.831280193684506230e-07
4.786567160408594646e-07
4.597621909852023236e-07
4.488821332415682264e-07
4.409664597915252671e-07
4.235372443872620352e-07
4.202724710467009572e-07
4.020774042601260589e-07
3.870238458603125764e-07
3.741197360795922577e-07
3.601294906729890499e-07
3.496153340165619738e-07
3.402639379146421561e-07
3.264447059336816892e-07
3.176816960603900952e-07
3.032928930224443320e-07
2.916043229106435319e-07
2.706603368096693885e-07
2.651250952112604864e-07
2.617413770167331677e-07
2.611140530461852904e-07
2.488814061507582664e-07
2.326170971400642884e-07
2.309367204134105123e-07
2.167736141700515873e-07
2.030825783094769577e-07
1.940007763323592371e-07
1.802057170152693288e-07
1.756041996259227744e-07
1.730665815102838678e-07
1.680584489349712385e-07
1.594299590124137467e-07
1.543114791502375738e-07
1.405608713866968174e-07
1.296681233498020447e-07
1.226149635158435558e-07
1.162413241218018811e-07
1.116874983608795446e-07
1.062474623836351384e-07
1.042549016005978046e-07
1.001147040824434953e-07
9.743139628426433774e-08
8.840333265425215359e-08
8.169340048880258109e-08
7.450410066667245701e-08
7.000445378935182816e-08
6.950634912072928273e-08
5.920336221265642962e-08
5.594676721898395044e-08
5.188965346292206959e-08
4.606502201909279393e-08
4.078898285797549761e-08
3.943411641671445977e-08
3.529590841822027869e-08
3.092780076485723839e-08
2.776650376290490385e-08
2.475055715933649481e-08
2.121521802678216773e-08
1.764001389403802023e-08
1.697816287560272031e-08
1.092213786080264981e-08
1.021626516717333288e-08
6.441706279503023325e-09
5.793959090283351543e-09
4.863610403305074215e-09
