3.897807735968943001e-03 1.690833114682452690e-02
6.221540250201700734e-03 9.791434064787466959e-03
7.104201994588838463e-03 1.178785843013262224e-02
4.442463849020167332e-03 1.975287344018471225e-02
4.455174787298508618e-03 1.703935658354676502e-02
6.551369233476598761e-03 1.422701519974793258e-02
8.204949053697754152e-03 1.481284999531809476e-02
5.844261743781522384e-03 1.778091471943983592e-02
7.360273345365808510e-03 1.751934106481071313e-02
2.833709728002413355e-03 1.830700060114664671e-02
4.601899181625864095e-03 1.941997248486814973e-02
2.615796016419967042e-03 1.945960337620827180e-02
5.089134487925649035e-03 1.574993534133187906e-02
2.912438868833548992e-04 1.855721804575475101e-02
4.818010805028873599e-03 2.122832285754652770e-02
0.000000000000000000e+00 1.949961671010448302e-02
3.172642882850463131e-03 1.333171060229537339e-02
3.929094844838980187e-03 1.189852323581746391e-02
3.653147354330159215e-03 2.086503475411645089e-02
5.865992186729284373e-03 1.690232168543527938e-02
4.511930894335800662e-03 2.330223172430963621e-02
5.602188019815297106e-03 7.646303271724495462e-03
0.000000000000000000e+00 1.536489520675160189e-02
2.979620922037694124e-03 2.059937268582314601e-02
3.163718412617829920e-03 2.054470911773141617e-02
3.527138629004476951e-03 1.847855271681553627e-02
4.378355669906788469e-03 1.716020686903797082e-02
4.416932236155838090e-03 1.019856326076317397e-02
2.198843126254051289e-03 1.635351103016681115e-02
4.985292316659961816e-03 1.646696231694383741e-02
3.914676099527394752e-03 1.813560809055552933e-02
2.912438868833548992e-04 1.773821960850752513e-02
2.031760996479897805e-03 2.073290212611274622e-02
3.759942411946500733e-04 2.169269611990453511e-02
5.116838200980889338e-03 1.164521878604907190e-02
5.954495334485905740e-03 1.326774438586677748e-02
1.313291424939947013e-03 2.048334385036560887e-02
5.846680225881225983e-03 1.465062552757852299e-02
2.003735364584793323e-03 2.061528967420587707e-02
5.548941304233948740e-03 1.398942956799253262e-02
4.152992134378291796e-03 1.123401508004462368e-02
7.362193834203545166e-03 1.371212526090391862e-02
5.817592084112021070e-03 2.287707797639676466e-02
4.358939362839436490e-03 1.718973209850692407e-02
5.490030957885435811e-03 1.421052465768232395e-02
4.439280427723481075e-03 2.162079567150073864e-02
5.677388539269729792e-03 1.938973051060886854e-02
2.482701106928334161e-03 1.947469731012247199e-02
4.186894673505777223e-03 1.111882675449944388e-02
3.852794477805916891e-03 1.209288649186595829e-02
7.255812131585117307e-03 7.255812131585117307e-03
4.861825081757837654e-03 6.572054602658895794e-03
2.888066566975370196e-03 1.365611182949564434e-02
6.963510796154369874e-03 1.681987759847003439e-02
3.778695358263961350e-03 2.168659165478593540e-02
6.765807162154186330e-03 1.689398053417959580e-02
1.345197891935503119e-03 1.925892642971177224e-02
5.047293812327517323e-03 2.280287942516977945e-02
3.212496204984913173e-03 2.106196527791371134e-02
1.917201972850032625e-03 2.316027080984902828e-02
4.770832084160797279e-03 1.690709396741148229e-02
6.516751452313247935e-03 1.552014519933456183e-02
1.559356506344363813e-03 1.934433393803494661e-02
4.105058220519613825e-03 1.858801508667803568e-02
2.377996378563606303e-04 1.972669932779979457e-02
4.577256974082876025e-03 1.359224556653583493e-02
1.076683653249474416e-03 2.035541071591251069e-02
4.841427763422009346e-03 1.576358526577270255e-02
4.890816543730983935e-03 5.804972675153598216e-03
5.333289780764026086e-03 1.930224158525523787e-02
6.371965431089098714e-03 1.823840219180448974e-02
1.960946049230806367e-03 1.944978261253666602e-02
4.493091852162385200e-03 1.697726532032491770e-02
4.755992757127212606e-04 1.638821923859495183e-02
3.878394722741346223e-03 1.757549228473017852e-02
0.000000000000000000e+00 1.828312262845219541e-02
1.212544993754880547e-03 2.032256294387387377e-02
1.465895417502701076e-03 1.930951124578389466e-02
1.763569314502238475e-03 1.419743697642654630e-02
4.990960644035722336e-03 1.570064208779300280e-02
1.604046253475890482e-03 1.851593468479417054e-02
6.041702164296069294e-03 1.143057308346456802e-02
4.306734612997897664e-03 1.976651759105486211e-02
2.516634814516604136e-03 1.934803421139831558e-02
2.892957453742313074e-03 2.073657328202350644e-02
1.681497364919378899e-04 1.966240867297966086e-02
0.000000000000000000e+00 1.332600106675778731e-02
5.320019569154839194e-03 2.247719837685899225e-02
2.993820943325048185e-03 1.923778635664059877e-02
2.377996378563606303e-04 1.850949174150981480e-02
1.656082844118581367e-03 2.051851561237312202e-02
5.047293812327517323e-03 1.585407317568563249e-02
5.242389963900387535e-03 1.909117650950531431e-02
3.450144136764683820e-03 2.042368748795982819e-02
3.957774749881392065e-03 1.182164313724004545e-02
4.087802750187941904e-03 1.708844003252529137e-02
5.274651129713813467e-03 1.524691719523215208e-02
5.515721462996800092e-03 1.781443437548389797e-02
5.878029942436542761e-03 1.452635279830119183e-02
8.095672049878890886e-03 8.095672049878890886e-03
