1.590997949858108385e-01
2.560208061457077897e-02
2.102794707998240087e-02
1.091571413420953582e-02
7.191942423079301407e-03
4.401190202987774296e-03
3.992686993582767775e-03
3.065930564636566366e-03
2.935497473712127270e-03
1.883920535998688008e-03
1.564944810075056484e-03
1.424559704277819378e-03
1.216140446383329058e-03
1.139008136223740135e-03
9.518067177594139979e-04
7.387427641462787197e-04
6.775977183724295194e-04
6.481950728601409452e-04
5.598957363273717206e-04
5.246032627102247816e-04
4.492148354007347803e-04
4.205702592096196364e-04
3.821132438313801141e-04
3.359359913992669765e-04
3.306410521355567845e-04
2.987820963319018060e-04
2.863511942776799453e-04
2.640078954062285142e-04
2.422803179899068852e-04
2.311497367455319512e-04
2.174801832868944083e-04
2.009126844453023588e-04
1.864338796955999293e-04
1.755434046042622675e-04
1.665197607609653551e-04
1.514950370758291135e-04
1.464660081882327965e-04
1.430043439746118842e-04
1.323160318914791476e-04
1.262697012234903049e-04
1.212805480106520525e-04
1.188420856288442641e-04
1.154010088582381737e-04
1.106157418630403835e-04
1.060328871823986081e-04
9.783678449092398006e-05
9.340143092001128528e-05
8.862026146160256052e-05
8.312234840356696390e-05
8.071973935507623760e-05
7.937623959278305270e-05
7.664514618481305650e-05
7.082263781536727416e-05
6.940421231859707218e-05
6.677021789909813772e-05
6.497158894259143030e-05
6.151928905210002308e-05
5.960071307613492864e-05
5.825446747739477480e-05
5.652859909885257702e-05
5.591769864449756041e-05
5.390289154224097942e-05
5.232996191467706828e-05
5.202824643629086568e-05
5.083455351576514553e-05
4.905935704183762267e-05
4.762651599229992085e-05
4.639171979324095138e-05
4.265000011153040018e-05
4.229203013616123375e-05
4.106883618724459581e-05
4.065148033872693125e-05
4.011087180241910846e-05
3.787449648997253098e-05
3.562337127278661082e-05
3.525483411071106833e-05
3.390627830136168228e-05
3.374545194415227116e-05
3.307756045133904664e-05
3.221547944664493121e-05
3.174851213491223877e-05
3.143184515439110350e-05
3.048076933774666598e-05
2.996469798292110439e-05
2.847807937714582114e-05
2.756492687487081255e-05
2.684318043544535318e-05
2.604805934501370406e-05
2.566544875929650674e-05
2.496477762641933910e-05
2.390120799948407157e-05
2.339094413070897139e-05
2.274003698887399559e-05
2.205804784710961708e-05
2.160237904914822036e-05
2.031776715488760812e-05
1.975634059860549064e-05
1.923573170288279756e-05
1.900849101406323864e-05
1.828969722723226214e-05
1.763198095737833677e-05
1.713211191075266591e-05
1.701400519313968056e-05
1.640196761164033930e-05
1.620695404345120455e-05
1.567311002499048207e-05
1.510613720778614235e-05
1.482324929013662439e-05
1.454431772223537557e-05
1.380451759255073574e-05
1.331871176805549546e-05
1.299121640092537376e-05
1.271771855645872444e-05
1.222251214248635412e-05
1.213894431882532601e-05
1.162562439376737542e-05
1.137565981657332369e-05
1.102545771708879825e-05
1.080953408295491210e-05
1.069996306651779177e-05
1.039252868110435381e-05
9.860272414110851571e-06
9.651875938669623203e-06
9.469443579750025787e-06
9.402431795556562692e-06
9.036767682045966681e-06
8.704263196147996710e-06
8.663725627234022977e-06
8.548431591289465997e-06
8.309596865567158000e-06
8.052988067267366623e-06
7.997181611669159160e-06
7.719300586389421013e-06
7.649219074123595570e-06
7.514823934504261826e-06
7.413753331078698119e-06
7.189519594178275954e-06
6.918441346112337284e-06
6.812117118710009291e-06
6.709754952584320354e-06
6.660242653727236889e-06
6.578632946355668155e-06
6.355031456271918650e-06
6.070954832271637995e-06
6.008096181317873396e-06
5.882005447642508936e-06
5.738828162103676298e-06
5.477406956317337181e-06
5.381084596311985584e-06
5.219105194488913905e-06
5.104561966382626489e-06
5.024660757671477946e-06
4.947516236621641383e-06
4.922287060186060464e-06
4.712091906514121287e-06
4.630157234413595841e-06
4.561838640698983951e-06
4.398218755389595388e-06
4.365349211241805301e-06
4.226859853241197802e-06
4.204843772569533865e-06
4.059287429317807045e-06
3.947590638688292447e-06
3.878479344680746657e-06
3.740018031863695838e-06
3.658953597460880529e-06
3.513973163426616507e-06
3.423308363362953893e-06
3.350984423414408021e-06
3.338355302290495397e-06
3.281911102995309570e-06
3.189881108734944888e-06
3.094414883251404313e-06
2.973285167526121871e-06
2.933334136303384005e-06
2.865797298237407127e-06
2.802104130042054528e-06
2.716927195483132194e-06
2.665775084672680314e-06
2.632479408365913199e-06
2.588628976390673781e-06
2.542816770563188909e-06
2.433984254081920117e-06
2.405966907861844424e-06
2.340232989606040403e-06
2.265964826689648805e-06
2.234197531379291373e-06
2.207752940700584581e-06
2.089820459801389815e-06
2.040379937339747820e-06
1.995412335234207097e-06
1.968697908758251534e-06
1.961344801071524267e-06
1.900554066066666245e-06
1.829857604171146599e-06
1.763293808252885821e-06
1.744463877071303578e-06
1.712058235828840687e-06
1.644739851176418048e-06
1.611656879504298563e-06
1.592064205658148449e-06
1.531907313529537316e-06
1.515821510179402904e-06
1.498967850646724073e-06
1.437875032359903121e-06
1.402733995595996206e-06
1.365900666007480150e-06
1.347209931323181522e-06
1.326767627648304125e-06
1.285198301282922211e-06
1.241885559430464204e-06
1.227564129731173992e-06
1.194933080162313452e-06
1.161774569497762310e-06
1.137904999015787814e-06
1.100651094704733050e-06
1.023215920851246244e-06
1.005168719069201168e-06
9.973624006681977720e-07
9.752802597447205475e-07
9.384450215935292543e-07
9.191414470761239280e-07
8.723001418487949654e-07
8.350657020776514797e-07
8.235547402244358599e-07
8.057126437792466857e-07
7.750644428539063811e-07
7.453557548452277100e-07
7.227201856864729140e-07
7.152405895959630743e-07
6.884509911799841736e-07
6.680482741502404463e-07
6.364155662589792515e-07
6.243681592527459665e-07
6.040539559872247476e-07
5.812088062191341048e-07
5.539010468128357781e-07
5.354519584240208842e-07
5.145669923778043574e-07
5.104034116612160504e-07
4.956586134460051758e-07
4.701174553884949002e-07
4.450460932282585380e-07
4.304362042600912364e-07
4.267083527803294648e-07
3.988810000678097620e-07
3.887381514358999779e-07
3.740979884702846057e-07
3.629719608734901701e-07
3.402669063730615420e-07
3.179659350427838515e-07
3.109236629814157072e-07
2.971378026585102999e-07
2.855575041253850919e-07
2.718632930198906444e-07
2.633002766937687715e-07
2.537252732674963282e-07
2.433106103991621212e-07
2.315668543615259419e-07
2.281595789805671660e-07
2.181365704818046406e-07
1.986804004327009029e-07
1.923225567431183349e-07
1.878813905117124014e-07
1.713110036464395598e-07
1.681685752829563543e-07
1.584117025154815740e-07
1.455217759992170561e-07
1.386666360886115676e-07
1.299434833695809818e-07
1.270408853114262865e-07
1.189220047904154641e-07
1.057053792757885453e-07
9.502452224967890136e-08
8.598524214646326251e-08
7.932036537731989103e-08
7.539895418193640798e-08
7.183804341139538742e-08
6.848444572060826972e-08
6.374298783696066300e-08
5.429604173422217619e-08
4.765770488515170688e-08
4.238665846244484178e-08
3.498730912658709216e-08
3.439663725977769958e-08
3.011275634383367026e-08
2.408696783046640419e-08
1.616589959633372879e-08
1.261866442670964139e-08
1.129428360985733384e-08
1.061470695839244990e-08
1.761001151612724648e-09
8.846757178614922887e-10
6.209271176275288924e-10
4.277682386055597370e-10
2.402104891625704147e-10
1.290873987726697986e-10
