3.078139424324035645e-01
5.304276570677757263e-02
3.568879514932632446e-02
1.909271813929080963e-02
9.713319130241870880e-03
7.048026658594608307e-03
4.844903014600276947e-03
4.133862443268299103e-03
3.643988864496350288e-03
2.931147115305066109e-03
2.631714800372719765e-03
1.494675641879439354e-03
1.435270998626947403e-03
1.135150552727282047e-03
9.831479983404278755e-04
8.075954392552375793e-04
7.764002075418829918e-04
7.048323168419301510e-04
5.730020347982645035e-04
5.321388016454875469e-04
5.017466610297560692e-04
4.701527941506356001e-04
4.526450065895915031e-04
3.811450733337551355e-04
3.318646631669253111e-04
3.188388654962182045e-04
2.864577400032430887e-04
2.558786072768270969e-04
2.371140581090003252e-04
2.275677688885480165e-04
2.098351978929713368e-04
1.916954497573897243e-04
1.901474897749722004e-04
1.851092965807765722e-04
1.635097141843289137e-04
1.508261484559625387e-04
1.396190054947510362e-04
1.317298010690137744e-04
1.227426837431266904e-04
1.160841638920828700e-04
1.139285159297287464e-04
1.077178458217531443e-04
1.018869297695346177e-04
9.209218114847317338e-05
8.672426338307559490e-05
8.027687727008014917e-05
7.663739961571991444e-05
7.349833322223275900e-05
7.206924783531576395e-05
6.636634498136118054e-05
6.322147964965552092e-05
6.215443136170506477e-05
5.979475463391281664e-05
5.524645166588015854e-05
5.424556002253666520e-05
5.089111800771206617e-05
4.633425487554632127e-05
4.553006874630227685e-05
4.478634218685328960e-05
4.065382381668314338e-05
3.857129922835156322e-05
3.688055221573449671e-05
3.654180545709095895e-05
3.474966069916263223e-05
3.437851046328432858e-05
3.261901292717084289e-05
3.146997551084496081e-05
3.100137473666109145e-05
2.919671715062577277e-05
2.857252184185199440e-05
2.751193096628412604e-05
2.657831646502017975e-05
2.542479160183575004e-05
2.496066917956341058e-05
2.437993498460855335e-05
2.396470335952471942e-05
2.296400089107919484e-05
2.238657361885998398e-05
2.135958129656501114e-05
2.060752740362659097e-05
2.004960879276040941e-05
1.909592901938594878e-05
1.851947672548703849e-05
1.819869794417172670e-05
1.739649633236695081e-05
1.696934486972168088e-05
1.654990046517923474e-05
1.635661465115845203e-05
1.538372816867195070e-05
1.520515888842055574e-05
1.470389725000131875e-05
1.447301019652513787e-05
1.372938913846155629e-05
1.329935548710636795e-05
1.303184399148449302e-05
1.281691857002442703e-05
1.223333583766361699e-05
1.161925229098415002e-05
1.128677740780403838e-05
1.094875460694311187e-05
1.063837135006906465e-05
1.030155726766679436e-05
1.008674735203385353e-05
9.979325113818049431e-06
9.209116797137539834e-06
9.066075108421500772e-06
8.677920959598850459e-06
8.620329026598483324e-06
8.387207344640046358e-06
8.157029697031248361e-06
8.085341505648102611e-06
7.651789019291754812e-06
7.490004463761579245e-06
7.427790023939451203e-06
6.968989055167185143e-06
6.809549631725531071e-06
6.466359536716481671e-06
6.227118774404516444e-06
6.035796104697510600e-06
5.995930223434697837e-06
5.826159394928254187e-06
5.727297320845536888e-06
5.534648153115995228e-06
5.344142664398532361e-06
5.211458756093634292e-06
5.038813469582237303e-06
4.983147846360225230e-06
4.815914053324377164e-06
4.767498012370197102e-06
4.683545284933643416e-06
4.632589025277411565e-06
4.376269316708203405e-06
4.331332092988304794e-06
4.313262252253480256e-06
4.204019660392077640e-06
3.978100266976980492e-06
3.847223069897154346e-06
3.708743179231532849e-06
3.697686452142079361e-06
3.541751084412680939e-06
3.527746230247430503e-06
3.425034947213134728e-06
3.308441819172003306e-06
3.255519686717889272e-06
3.063559461224940605e-06
2.962902954095625319e-06
2.951573605969315395e-06
2.871107653845683672e-06
2.815755578922107816e-06
2.743539653238258325e-06
2.703179688978707418e-06
2.588894403743324801e-06
2.564286432971130125e-06
2.489664893801091239e-06
2.410536126262741163e-06
2.353595164095168002e-06
2.310567197127966210e-06
2.269424840051215142e-06
2.215147787865134887e-06
2.155616812160587870e-06
2.092565182465477847e-06
2.044295342784607783e-06
2.022077296714996919e-06
2.010350954151363112e-06
1.960340341611299664e-06
1.902149620036652777e-06
1.840511117734422442e-06
1.812789719224383589e-06
1.764225999068003148e-06
1.740517404869024176e-06
1.686517066445958335e-06
1.632857220101868734e-06
1.600608698026917409e-06
1.523629862276720814e-06
1.479718321206746623e-06
1.457521534575789701e-06
1.426803123649733607e-06
1.382345772071857937e-06
1.340474796052149031e-06
1.330038003288791515e-06
1.293658669965225272e-06
1.255063807548140176e-06
1.221806996909435838e-06
1.170110863313311711e-06
1.145830765381106175e-06
1.119505100177775603e-06
1.079257117453380488e-06
1.067093762685544789e-06
1.025724827741214540e-06
1.023306822389713489e-06
9.839390031629591249e-07
9.621923027225420810e-07
9.526960980110743549e-07
9.195475172418809962e-07
8.961615662883559708e-07
8.775004403105413076e-07
8.665743393976299558e-07
8.506855238010757603e-07
8.013661840777785983e-07
7.926194030005717650e-07
7.694608825659088325e-07
7.551901717306463979e-07
7.116639153537107632e-07
7.097004868228395935e-07
6.819357736276288051e-07
6.704239012833568268e-07
6.548464739353221375e-07
6.408324111362162512e-07
6.324597734419512562e-07
6.134716841188492253e-07
5.929359758738428354e-07
5.816674502057139762e-07
5.774535907221434172e-07
5.526505901798373088e-07
5.421250648396380711e-07
5.325148322299355641e-07
5.185406735108699650e-07
5.070741622148489114e-07
4.856317445955937728e-07
4.678542211422609398e-07
4.611373469742829911e-07
4.544373268799972720e-07
4.447197170520666987e-07
4.150627717081079027e-07
4.051254336445708759e-07
3.950717939460446360e-07
3.775506343117740471e-07
3.684641569634550251e-07
3.433540314290439710e-07
3.379646216217224719e-07
3.191859150319942273e-07
3.147059146613173652e-07
3.103886001554201357e-07
2.990319671880570240e-07
2.925623334704141598e-07
2.806627890095114708e-07
2.717817721986648394e-07
2.591786767425219296e-07
2.554743048222007928e-07
2.449241662816348253e-07
2.348917291783436667e-07
2.236811127431792556e-07
2.155633325173766934e-07
2.124648545986929093e-07
2.036927782000930165e-07
1.964229596751465579e-07
1.917584171451380826e-07
1.865998626726650400e-07
1.807799208108917810e-07
1.693911571010175976e-07
1.619513199102584622e-07
1.499170707575103734e-07
1.453475846346918843e-07
1.426133451332134428e-07
1.362102040047830087e-07
1.321707259194226936e-07
1.298563745422143256e-07
1.229886521514345077e-07
1.176502664179679414e-07
1.148983912457879342e-07
1.100004425325096236e-07
1.039816055481423973e-07
1.001866323235844902e-07
9.447313686905545183e-08
8.747628754690595088e-08
8.176510135626813280e-08
7.764151632727589458e-08
7.540239721492980607e-08
7.023376724646368530e-08
6.644097538810456172e-08
6.215806536147283623e-08
5.792606572185832192e-08
5.338198150184325641e-08
4.816341814262159460e-08
4.543777976095952909e-08
4.051120683357112284e-08
3.945006099570491642e-08
3.640267820514964114e-08
3.343779297892979230e-08
3.231587086816034571e-08
2.994364223241063883e-08
2.673647614415131102e-08
2.236171248171103798e-08
2.085709738253171963e-08
1.912471070397714357e-08
1.736787069717138365e-08
1.383147640865445283e-08
1.046019360018135558e-08
9.071793094506119814e-09
7.510873700766751426e-09
6.591893253471425851e-09
5.476001430082533261e-09
4.694409305727731407e-09
3.212972998767327226e-09
1.850903319500218913e-09
1.699073104433068693e-09
1.396769921946372506e-09
