3.124784050597474216e+00
2.178669265965183843e+00
1.315550963702412535e+00
1.022142563591863729e+00
7.180352798892559729e-01
5.799346844179856797e-01
4.826651085594845791e-01
3.802801985181372135e-01
3.257577849322265129e-01
2.554188982568070254e-01
2.246088800822621523e-01
1.964511808040674823e-01
1.829237288087779967e-01
1.511114645914527488e-01
1.319884824843765569e-01
1.195791243969653167e-01
9.846515276905742908e-02
8.890544746360595774e-02
8.143708176627291462e-02
7.185539157900998342e-02
6.639067500821115020e-02
5.808120929222516243e-02
5.320007813727348212e-02
5.128440928319267372e-02
4.358852117998886916e-02
4.205888556219521124e-02
3.829781382704893627e-02
3.469450506961806874e-02
3.018632672733162145e-02
2.820120661845386748e-02
2.732912466549190789e-02
2.622074612203336916e-02
2.462496683204000794e-02
2.264048139303927176e-02
2.014261984753902557e-02
1.959110929673079510e-02
1.688048462070477693e-02
1.578041509542939605e-02
1.423658373374040928e-02
1.336803714645048470e-02
1.252866190443586124e-02
1.156833526418035371e-02
1.067523402380979834e-02
9.966485900657918659e-03
9.707847989088422627e-03
9.103746789761658215e-03
8.511188720877407507e-03
7.812510063273882602e-03
7.526188126945635923e-03
7.123539985387776496e-03
6.763083902341761669e-03
6.445939335364208982e-03
5.762812116238023516e-03
5.321375637389175010e-03
5.265703090326319391e-03
4.700949727086649842e-03
4.566199805450157044e-03
4.167568103471169100e-03
3.962631075855322337e-03
3.793391589354676730e-03
3.710542462410033274e-03
3.637783132561770490e-03
3.307412082855081328e-03
3.214020964447384526e-03
3.157523644375188811e-03
3.037709920501255496e-03
2.772351646477126327e-03
2.713088510859648205e-03
2.662305580546372921e-03
2.407690431052126375e-03
2.394300892953636194e-03
2.325106043564230309e-03
2.176058806141347932e-03
2.137478107904253188e-03
2.002024655732256506e-03
1.829000973669780983e-03
1.798330307120779006e-03
1.695871986925734333e-03
1.649623394445192672e-03
1.525538878850421151e-03
1.509101073731893309e-03
1.485466481435817167e-03
1.413941974008593987e-03
1.276535973697086801e-03
1.247614408611950236e-03
1.210707573841429989e-03
1.133156482769930116e-03
1.062396347631595125e-03
1.024748912234149786e-03
9.296615629258378087e-04
9.265259670724726492e-04
8.535975557094545741e-04
8.108858982295318908e-04
7.976985819642435109e-04
7.796406074735727021e-04
7.018954440927782992e-04
6.995330832285338862e-04
6.673444914333940322e-04
6.274178768850987263e-04
5.895229598751335716e-04
5.678977872989584902e-04
5.570489671311507551e-04
5.234657877733225710e-04
5.067513386125282624e-04
4.876088181313145914e-04
4.612989633148387733e-04
4.295900449934874363e-04
4.046763471419419548e-04
4.038052880967653844e-04
3.747267662567765932e-04
3.675968939412816577e-04
3.542420949573111665e-04
3.175114198520901363e-04
3.049610639779657979e-04
2.932948070345757106e-04
2.788275814218534173e-04
2.698029165312613976e-04
2.607253378566232204e-04
2.556370814768886232e-04
2.483340299275749153e-04
2.404365014287910803e-04
2.355027743875086625e-04
2.055731523874232555e-04
1.957115192811014056e-04
1.838680743624561702e-04
1.747965555968777342e-04
1.709736520505124519e-04
1.591635133077989156e-04
1.560198268407932056e-04
1.510858558323486687e-04
1.399923203350229904e-04
1.309313215299302683e-04
1.198016759726769766e-04
1.138275411916298468e-04
1.126533288835995062e-04
1.086926677279332438e-04
1.053598985629346631e-04
9.894420621332295418e-05
9.830741341677597068e-05
9.257057847847177895e-05
8.525276832501946808e-05
8.169174769088498257e-05
7.707641395852109928e-05
6.969010444394507504e-05
6.547784060838355690e-05
6.276445339139330134e-05
6.049493964881333521e-05
5.753716506749631461e-05
5.573328042814549763e-05
5.313176293233224940e-05
5.145528423553381945e-05
4.860455916035110249e-05
4.532733723665160347e-05
4.263993893398468289e-05
4.235968139335389638e-05
3.956603634914887698e-05
3.855250155482103762e-05
3.606585145308556273e-05
3.316614641569535084e-05
3.176990686994011842e-05
2.951297615568964085e-05
2.816329204105118411e-05
2.577125507073163056e-05
2.501342645221757302e-05
2.245718867588936046e-05
2.106187412747419080e-05
1.931943878534309793e-05
1.775057989998380078e-05
1.647065183803977890e-05
1.593450084160524617e-05
1.445792356346418604e-05
1.403171378528783723e-05
1.334656275167850084e-05
1.227387247477290678e-05
1.122661352835017460e-05
1.029600315760807362e-05
1.005755998766440743e-05
9.357525902894581909e-06
9.133338050415472240e-06
8.401355497305644607e-06
8.222090412860346578e-06
7.551424665570873346e-06
6.941540259652277182e-06
6.638653625081561099e-06
6.094772398158019612e-06
5.456929682487151623e-06
5.155128519079249038e-06
4.883316217475720984e-06
4.812179895249607776e-06
4.625240313519696437e-06
4.336081744137203806e-06
4.316393312555109994e-06
3.734505281016213040e-06
3.319016074980121282e-06
2.969449201360554785e-06
2.906634304002080495e-06
2.757066500341036072e-06
2.547074314967819775e-06
2.377846544357748373e-06
2.092316572637643693e-06
1.823540457766051197e-06
1.723230790043726765e-06
1.585504107182199406e-06
1.419754055503444233e-06
1.377195656579650734e-06
1.292241238028461763e-06
1.122870325649832570e-06
1.009321540205443622e-06
8.044247159348202396e-07
7.038886910381557652e-07
6.327840109139319471e-07
5.492967965275192020e-07
4.811271382123591159e-07
3.880781306499255856e-07
3.503125999290716578e-07
2.794458387936652338e-07
2.251939166386546740e-07
2.057262010473439139e-07
1.990619075283765513e-07
1.824432160556622976e-07
1.701552792235261551e-07
1.675328763100255951e-07
1.662368387344123494e-07
1.606492692238589705e-07
1.449566822845105619e-07
1.366941647058209933e-07
1.337720555920498013e-07
1.311914500794841336e-07
1.226070346362053067e-07
1.191448427763586838e-07
1.183429212796105730e-07
1.129589330739436678e-07
1.099756259711624438e-07
1.067675237681995085e-07
1.062958600692227049e-07
1.035784853645886183e-07
9.420641713029954867e-08
8.943661049244737646e-08
8.522114600944647486e-08
8.519154741618128475e-08
8.217224646850500921e-08
8.097175614445295286e-08
8.002573524676214760e-08
7.184718407014792076e-08
7.125028258233954189e-08
6.654863738839756381e-08
6.428184558495477240e-08
6.023716924852520035e-08
6.008479768179216163e-08
5.806775329718531945e-08
5.645058581637344866e-08
5.597763155139007129e-08
5.487811843375896942e-08
5.252036233092094879e-08
5.192690741552682129e-08
4.863346885437473743e-08
4.657037420406431847e-08
4.602386829097214923e-08
4.124746882627871667e-08
4.037374387039343654e-08
3.837767284143320180e-08
3.790309123302485636e-08
3.732773017756525887e-08
3.467677966915308931e-08
3.207481221662528215e-08
3.200383982763370061e-08
3.050244297656031834e-08
3.035456513593136411e-08
2.821434934357176282e-08
2.665239708533466533e-08
2.644192039087095740e-08
2.547524170317013737e-08
2.245793244945451820e-08
2.215472224708760344e-08
1.954794634511058107e-08
1.942227570549303548e-08
1.882670459333060376e-08
1.762501303562494663e-08
1.516989915960583633e-08
1.345160062271107787e-08
1.313310280420176704e-08
1.287482903166142112e-08
1.188795519563986739e-08
1.075283207311738430e-08
8.941033555604195368e-09
8.389359463506350109e-09
6.910626426414268999e-09
5.845349965748773023e-09
5.803967477553484412e-09
4.933163218976511049e-09
4.382420402366977295e-09
3.262033738099393174e-09
2.352754904623659291e-09
2.111040254281042095e-09
1.493357308570757128e-09
1.209832160225385266e-09
6.358989101677267409e-10
