6.100831031799316406e+00
4.222827434539794922e+00
2.489271640777587891e+00
1.957587718963623047e+00
1.394021153450012207e+00
9.613638520240783691e-01
9.457890987396240234e-01
7.009671926498413086e-01
5.703727006912231445e-01
4.911626577377319336e-01
3.465819060802459717e-01
3.165831267833709717e-01
2.900960147380828857e-01
2.521081268787384033e-01
2.052933722734451294e-01
1.832421123981475830e-01
1.671409904956817627e-01
1.216530874371528625e-01
1.095945909619331360e-01
9.762054681777954102e-02
8.011636137962341309e-02
6.912428140640258789e-02
6.263245642185211182e-02
6.064886227250099182e-02
4.654536023736000061e-02
4.280447587370872498e-02
3.525853157043457031e-02
3.234642371535301208e-02
3.119018673896789551e-02
2.965747378766536713e-02
2.720955200493335724e-02
2.360784448683261871e-02
2.196996845304965973e-02
1.957632787525653839e-02
1.780176162719726562e-02
1.599862985312938690e-02
1.365343853831291199e-02
1.295588910579681396e-02
1.168098393827676773e-02
1.100286934524774551e-02
1.038038078695535660e-02
8.861577138304710388e-03
8.266577497124671936e-03
7.960962131619453430e-03
7.071704603731632233e-03
6.681841798126697540e-03
6.435136776417493820e-03
5.776642821729183197e-03
5.338273942470550537e-03
5.045020021498203278e-03
4.474214278161525726e-03
4.317705985158681870e-03
4.144236911088228226e-03
3.704768605530261993e-03
3.621957730501890182e-03
3.402245696634054184e-03
3.230343805626034737e-03
3.136496059596538544e-03
2.865422982722520828e-03
2.672105794772505760e-03
2.447509672492742538e-03
2.331466181203722954e-03
2.207901328802108765e-03
2.134734531864523888e-03
1.978032290935516357e-03
1.851393841207027435e-03
1.777612022124230862e-03
1.753527321852743626e-03
1.656570355407893658e-03
1.581659191288053989e-03
1.539566786959767342e-03
1.488011563196778297e-03
1.405395334586501122e-03
1.330425497144460678e-03
1.280043739825487137e-03
1.201587030664086342e-03
1.138908904977142811e-03
1.082107657566666603e-03
1.045893179252743721e-03
1.013160217553377151e-03
9.582753409631550312e-04
8.927938761189579964e-04
8.589545032009482384e-04
8.353622397407889366e-04
7.698890403844416142e-04
7.503217784687876701e-04
6.839425768703222275e-04
6.815831293351948261e-04
6.456965347751975060e-04
5.933907232247292995e-04
5.577493575401604176e-04
5.337838665582239628e-04
5.195726407691836357e-04
4.754339752253144979e-04
4.630845505744218826e-04
4.410592664498835802e-04
4.353001131676137447e-04
4.111198359169065952e-04
4.086286062374711037e-04
3.651262377388775349e-04
3.467591595835983753e-04
3.288745065219700336e-04
3.268525179009884596e-04
3.032251261174678802e-04
2.934550284408032894e-04
2.814194594975560904e-04
2.663251652847975492e-04
2.538300468586385250e-04
2.434515772620216012e-04
2.411742170806974173e-04
2.217440778622403741e-04
2.148040657630190253e-04
2.006473077926784754e-04
1.921093062264844775e-04
1.818120945245027542e-04
1.765563793014734983e-04
1.569768501212820411e-04
1.545047562103718519e-04
1.511659356765449047e-04
1.407246745657175779e-04
1.399117609253153205e-04
1.355917629553005099e-04
1.308194041484966874e-04
1.248707558261230588e-04
1.159260646090842783e-04
1.103520771721377969e-04
1.022303404170088470e-04
9.994825086323544383e-05
9.851900540525093675e-05
8.995547977974638343e-05
8.437861833954229951e-05
8.166681072907522321e-05
7.584751438116654754e-05
6.753502384526655078e-05
6.695604679407551885e-05
6.201727228472009301e-05
6.019673310220241547e-05
5.734051228500902653e-05
5.286840314511209726e-05
5.270455949357710779e-05
5.012227120460011065e-05
4.627412636182270944e-05
4.466762038646265864e-05
4.343264663475565612e-05
4.037324106320738792e-05
3.818647746811620891e-05
3.637407644418999553e-05
3.136768282274715602e-05
2.984917773574125022e-05
2.947391840280033648e-05
2.759265407803468406e-05
2.715092523430939764e-05
2.416069037280976772e-05
2.351368857489433140e-05
2.179101466026622802e-05
2.147633313143160194e-05
2.134457827196456492e-05
1.876095484476536512e-05
1.778115074557717890e-05
1.664652336330618709e-05
1.597467053215950727e-05
1.451822754461318254e-05
1.379663081024773419e-05
1.212791084981290624e-05
1.162628177553415298e-05
1.103935937862843275e-05
1.070303369488101453e-05
9.918392606778070331e-06
8.728077773412223905e-06
8.211310159822460264e-06
7.794445991748943925e-06
7.610871307406341657e-06
6.660020062554394826e-06
6.147089152364060283e-06
5.774807050329400226e-06
5.305372724251355976e-06
5.252201844996307045e-06
4.868894393439404666e-06
4.582253950502490625e-06
4.249563517078058794e-06
4.202018317300826311e-06
3.785259877986391075e-06
3.562450501704006456e-06
3.280540795458364300e-06
3.066071940338588320e-06
2.765114913927391171e-06
2.584778940217802301e-06
2.537830596338608302e-06
2.321859255971503444e-06
2.154170488211093470e-06
2.055689947155769914e-06
1.971997562577598728e-06
1.842380697780754417e-06
1.663964781073445920e-06
1.586699340805353131e-06
1.455168785469140857e-06
1.337748585683584679e-06
1.309942035732092336e-06
1.115959662456589285e-06
1.082158973986224737e-06
8.335332495335023850e-07
7.752902888569224160e-07
7.353638693530228920e-07
6.747794145667285193e-07
6.187250960465462413e-07
5.738047548220492899e-07
4.917803835269296542e-07
4.532207071861193981e-07
4.192518190393457189e-07
3.836252346900437260e-07
2.894148565246723592e-07
2.777646557206026046e-07
1.983440398589664255e-07
1.866721817123107030e-07
1.660301052197610261e-07
-1.504661639728510636e-07
-1.100442119650324457e-07
-9.335381889741256600e-08
-8.851368704654305475e-08
8.663971584610408172e-08
8.273521245882875519e-08
-8.054878719576663570e-08
7.510778488040159573e-08
-7.116360478676142520e-08
6.972175725650231470e-08
-6.794057583192625316e-08
6.152483678079079255e-08
-6.046138167903336580e-08
5.912907496963271115e-08
-5.906871791694356943e-08
5.728844243435560202e-08
-5.636194444491593458e-08
5.436868732999755593e-08
-5.362515054230243550e-08
5.114532086736289784e-08
-5.023579063845318160e-08
4.956995169891342812e-08
4.658875596419420617e-08
-4.554511079390977102e-08
-4.413486465182359098e-08
-4.347255710968056519e-08
-4.107035422862281848e-08
4.097691075344300771e-08
3.948827753674777341e-08
3.800873571435658960e-08
3.705099871353922936e-08
-3.655961933191065327e-08
-3.634824352616305987e-08
3.432885264942342474e-08
-3.177613194793593721e-08
3.147157556782076426e-08
-3.074884702414237836e-08
2.926691422544536181e-08
-2.905382601170458656e-08
-2.819019151445445459e-08
2.594310721804049535e-08
2.581536229229186574e-08
-2.408589416802442429e-08
2.406515697828126576e-08
-2.311385571829305263e-08
-2.175991298258850293e-08
2.154015987798629794e-08
2.111727148701447732e-08
-2.001966414866274135e-08
1.962476581240935047e-08
1.836622587347847002e-08
-1.762008317029994942e-08
1.701809360099559854e-08
-1.686971273784365621e-08
1.580255570843291935e-08
-1.444321284793659288e-08
1.433163365760492525e-08
-1.422347395418910310e-08
-1.299148522093673819e-08
-1.243023017849509415e-08
1.187014486703219518e-08
-1.181780984182978500e-08
1.074249844634778128e-08
1.028431562133391708e-08
-9.617702190212185087e-09
9.339813367148508405e-09
-7.880913699409575202e-09
-7.456537609584756865e-09
7.420086323151053875e-09
-6.590616496993106921e-09
6.350473036320636311e-09
5.915257617061797646e-09
-5.141932213348354708e-09
-4.248638774129176454e-09
4.073201775867119068e-09
-3.577122376086094846e-09
2.300490686835132692e-09
2.162295897889521257e-09
-1.821306550020551640e-09
1.448181907726109330e-09
-1.187799192337024579e-09
5.639450573191595595e-10
