2.004490809923720196e-01
3.239478315050081658e-02
2.884342647290723261e-02
1.322595982778206579e-02
7.746718925104008682e-03
6.603118233698067677e-03
3.883182702698930074e-03
3.552888667089360020e-03
3.216905581506322633e-03
2.053621966392352692e-03
1.725685464288092804e-03
1.239796406206280024e-03
1.192461960261711638e-03
1.144756229876302050e-03
9.572468351605551090e-04
8.366363266930926940e-04
6.932907500158531867e-04
6.687626898621265624e-04
6.370227454190740147e-04
5.767409440628489025e-04
5.450801881725811197e-04
4.807642033547879852e-04
4.250997804425866587e-04
3.958192749676468498e-04
3.736167216261223104e-04
3.130142914602212145e-04
2.922845161231315061e-04
2.843728133323700073e-04
2.554662762832117864e-04
2.355770924750968324e-04
2.174183983440251757e-04
2.081201029208052668e-04
1.921183761994056042e-04
1.835896902989712573e-04
1.769159863366130887e-04
1.616256967016743641e-04
1.581675667798929758e-04
1.464282633459959310e-04
1.384438257208089505e-04
1.214855508626065401e-04
1.176962408163495879e-04
1.154854978140712929e-04
1.105924966400795940e-04
1.046146833619523232e-04
1.012999662017480788e-04
9.759213935751104188e-05
9.505962097791265824e-05
9.250608153574991111e-05
8.619548441810352777e-05
8.399752948282287730e-05
8.109624665984598805e-05
7.811066815320513604e-05
7.463031750303141627e-05
7.241417325284981235e-05
6.956784079508267953e-05
6.683078135343168541e-05
6.390492499643834882e-05
6.107738467595777941e-05
5.929630237939809400e-05
5.880462449318110669e-05
5.623795703744444158e-05
5.462245887467924817e-05
5.376455013545975873e-05
5.220737072686168831e-05
5.014025036595164180e-05
4.740584544536801526e-05
4.578239879101272090e-05
4.532781854560982791e-05
4.374158621053000836e-05
4.216934054765972202e-05
4.032593141075419880e-05
3.969131927909247984e-05
3.850099388264958191e-05
3.732426756463797749e-05
3.547520912808992154e-05
3.498602196237218115e-05
3.343496157231596531e-05
3.179768742985177179e-05
3.160466388159874698e-05
3.102168462339549793e-05
3.074906884814545985e-05
2.893454746635308540e-05
2.745334079238155781e-05
2.676003376615028768e-05
2.650191378620887000e-05
2.580911790040315811e-05
2.537583147662571048e-05
2.438147119631205325e-05
2.397947629089439806e-05
2.269353139708277792e-05
2.236248209147853055e-05
2.206025491420214533e-05
2.117635732281029565e-05
2.070201277439215267e-05
1.996775446763375742e-05
1.961551872996836378e-05
1.886123012117337942e-05
1.834162939900719585e-05
1.789126439319693011e-05
1.731690280600687830e-05
1.681787723787886684e-05
1.672358150838085874e-05
1.590233175350574439e-05
1.557719179119473890e-05
1.527800046382008520e-05
1.488118059582992537e-05
1.411743653680816695e-05
1.368950108232427669e-05
1.323248052263609232e-05
1.302418085297280141e-05
1.254576740170188795e-05
1.250012035617754119e-05
1.216238590180854484e-05
1.183622985192332037e-05
1.158585062824171478e-05
1.142521523459309617e-05
1.082834340250741577e-05
1.054967505301398113e-05
1.044839369369395343e-05
1.029850801096410285e-05
1.021700228261159356e-05
9.916677093002547114e-06
9.645121453279755489e-06
8.981669354922452254e-06
8.750162654458054179e-06
8.495058697753039164e-06
8.434941121811162691e-06
8.346864317254248502e-06
8.038786871281540549e-06
7.997040483335328742e-06
7.792977572873203862e-06
7.443635880744717196e-06
7.401055889553190160e-06
7.208898678144891121e-06
7.183174585090261235e-06
7.008079814115756070e-06
6.799905818738592015e-06
6.711532132490119644e-06
6.564238032216729132e-06
6.308304953694998886e-06
6.132484521813097645e-06
5.989936168859301310e-06
5.875622199446132118e-06
5.762520458563601940e-06
5.562871858567216367e-06
5.540672571364329071e-06
5.253932785915371170e-06
4.990071272076674968e-06
4.956396418486937240e-06
4.881119066085642729e-06
4.632173239933655940e-06
4.505293514039494459e-06
4.390084481093811906e-06
4.343683410643620715e-06
4.172557913838050780e-06
4.139251977608018125e-06
4.097488022011418120e-06
3.954902519164714407e-06
3.879868650100248361e-06
3.778115801832214020e-06
3.728253122098013933e-06
3.632735159073832181e-06
3.541620772054003505e-06
3.364999165719976534e-06
3.347738250888234526e-06
3.306227427802130318e-06
3.235122834400256297e-06
3.171560157503387491e-06
3.102290573979602850e-06
3.059274730627820082e-06
2.925870917822690569e-06
2.895517548227272680e-06
2.849270782545338950e-06
2.730787449659985911e-06
2.605556342309129238e-06
2.583588880778279312e-06
2.508350668874235171e-06
2.493057586069877667e-06
2.392221958803156613e-06
2.322489328778541053e-06
2.292483600447745726e-06
2.265613232929407849e-06
2.157707693046331391e-06
2.130351475228936719e-06
2.097763234087329405e-06
2.037823493240876461e-06
1.993299952643726696e-06
1.931758092944298477e-06
1.882219887119629417e-06
1.870876615141844916e-06
1.816141238959999561e-06
1.722748665524004511e-06
1.698587597414788577e-06
1.673767721431863007e-06
1.608588782039195082e-06
1.583746883226267805e-06
1.518858154120985326e-06
1.499285026923973486e-06
1.480872002015788014e-06
1.417444479066243337e-06
1.403808600473741159e-06
1.370809188122072215e-06
1.281777959430246721e-06
1.271716036000429845e-06
1.232970731631878651e-06
1.185289724856097576e-06
1.179568379578399694e-06
1.131999873668347947e-06
1.091377451485186495e-06
1.079156021674485350e-06
1.046299201316532830e-06
1.017949023034627854e-06
9.835752910564719394e-07
9.603634211584655973e-07
9.312992963068359599e-07
9.089863867095051391e-07
8.903951227523542175e-07
8.643612519297839143e-07
8.250778219036726217e-07
8.188618111489357817e-07
7.857635537363435163e-07
7.739671853036815286e-07
7.613608432939276030e-07
7.266442303885556045e-07
7.119647530510354957e-07
6.639709412008687362e-07
6.498681380855765366e-07
6.449288943303720225e-07
6.208023396576359185e-07
6.110017733278667914e-07
5.812329245946318889e-07
5.378464256603265740e-07
5.072240181157426867e-07
5.008308367296781012e-07
4.933455540258664533e-07
4.785494197116411533e-07
4.436431392730494603e-07
4.207364010614513024e-07
3.964340413682116854e-07
3.888343213588737507e-07
3.681573554411191118e-07
3.584017406323645619e-07
3.433421668739618964e-07
3.305189022303388690e-07
3.118064187445717794e-07
3.102786966477478307e-07
2.951101443743583803e-07
2.611423097638153807e-07
2.556152472847632378e-07
2.353902731355301716e-07
2.237480408331722447e-07
2.165264777073594105e-07
2.069483694937817441e-07
1.935433021448597451e-07
1.896656247316132055e-07
1.715838019080510857e-07
1.606951251724240657e-07
1.555537438227465128e-07
1.479647354838306260e-07
1.413840938333517609e-07
1.300795056166264481e-07
1.149860637065388067e-07
1.071958979345036966e-07
1.042548921373491930e-07
9.317936575761615637e-08
8.156016214299711044e-08
7.204456075725569981e-08
6.856815325205072864e-08
6.253947293031823598e-08
5.785413466301532349e-08
5.290819952117517063e-08
5.063612246343400979e-08
4.215206958038850212e-08
3.702356778225941677e-08
3.349721626140054968e-08
3.101885055887151789e-08
2.945896616222044633e-08
2.174293818451437329e-08
1.994011620620542544e-08
1.819677685665645136e-08
1.475816113691469071e-08
1.263713744552489754e-08
1.190109340434987003e-08
8.301449668147508430e-09
7.459441949147087702e-09
5.883763860869947285e-09
4.771704685932797575e-09
2.702441331572179132e-09
7.955392202066061058e-10
6.789061897066685933e-10
5.362437075364069320e-10
2.203311126540549922e-10
5.881683727126558414e-11
5.363904185385237668e-11
3.179386416067270792e-11
1.934836910065923242e-11
9.085324874475756002e-12
