3.274571299552917480e-01
5.740573629736900330e-02
4.725038632750511169e-02
1.819407753646373749e-02
1.026957016438245773e-02
8.321569301187992096e-03
4.745425656437873840e-03
4.101111553609371185e-03
3.602447221055626869e-03
2.808745950460433960e-03
2.065250417217612267e-03
1.810369896702468395e-03
1.265806844457983971e-03
1.179685466922819614e-03
9.974134154617786407e-04
8.833261672407388687e-04
7.103579118847846985e-04
7.042494253255426884e-04
6.278068176470696926e-04
6.136615411378443241e-04
5.342656513676047325e-04
4.826368531212210655e-04
4.632521595340222120e-04
4.234316293150186539e-04
3.873172390740364790e-04
3.572351997718214989e-04
3.288802399765700102e-04
2.802887174766510725e-04
2.780155336949974298e-04
2.452165645081549883e-04
2.245759533252567053e-04
2.006380527745932341e-04
1.914229214889928699e-04
1.761816820362582803e-04
1.522996317362412810e-04
1.467689435230568051e-04
1.397678279317915440e-04
1.293965324293822050e-04
1.243225851794704795e-04
1.059933929354883730e-04
1.010487685562111437e-04
9.766117000253871083e-05
9.531499381409958005e-05
9.187917748931795359e-05
8.552250801585614681e-05
8.105630695354193449e-05
7.798524165991693735e-05
7.503535016439855099e-05
7.101727533154189587e-05
6.834581290604546666e-05
6.558742461493238807e-05
6.138000753708183765e-05
5.987625991110689938e-05
5.825392145197838545e-05
5.684664211003109813e-05
5.305014565237797797e-05
4.758014983963221312e-05
4.682201688410714269e-05
4.444644946488551795e-05
4.243365765432827175e-05
4.155738497502170503e-05
4.063321102876216173e-05
3.809540066868066788e-05
3.691483289003372192e-05
3.376722452230751514e-05
3.344652941450476646e-05
3.299142190371640027e-05
3.263616963522508740e-05
3.031813503184821457e-05
2.890305950131732970e-05
2.790416874631773680e-05
2.603061875561252236e-05
2.594927900645416230e-05
2.459023198753129691e-05
2.379228499194141477e-05
2.301025415363255888e-05
2.282561399624682963e-05
2.152692286472301930e-05
2.144288373528979719e-05
2.121451143466401845e-05
2.075362499454058707e-05
1.878971488622482866e-05
1.843373320298269391e-05
1.839911419665440917e-05
1.700038956187199801e-05
1.655475716688670218e-05
1.633208012208342552e-05
1.573637018736917526e-05
1.528029861219692975e-05
1.475012231821892783e-05
1.408836851624073461e-05
1.353858169750310481e-05
1.331157000095117837e-05
1.288087423745309934e-05
1.244436225533718243e-05
1.203322426590602845e-05
1.171465828520013019e-05
1.147280909208348021e-05
1.101539055525790900e-05
1.095166862796759233e-05
1.049203365255380049e-05
1.006538059300510213e-05
9.627583494875580072e-06
9.465180482948198915e-06
9.184409464069176465e-06
8.934541256166994572e-06
8.756080205785110593e-06
8.671760951983742416e-06
8.384403372474480420e-06
8.222503311117179692e-06
7.604772690683603287e-06
7.501734216930344701e-06
7.291787824215134606e-06
7.212534910649992526e-06
6.927995400474173948e-06
6.810983904870226979e-06
6.617807684961007908e-06
6.499632490886142477e-06
6.390839644154766575e-06
6.117939392424887046e-06
6.001056590321240947e-06
5.707193395210197195e-06
5.581598543358268216e-06
5.295487881085136905e-06
5.243144187261350453e-06
5.091631464892998338e-06
5.007453637517755851e-06
4.868374162469990551e-06
4.730723958346061409e-06
4.612188149621943012e-06
4.603396519087255001e-06
4.297371560824103653e-06
4.245216587150935084e-06
4.126655767322517931e-06
4.017643732368014753e-06
3.937801011488772929e-06
3.780855422519380227e-06
3.701674131662002765e-06
3.644424623416853137e-06
3.600805484893498942e-06
3.445416268732515164e-06
3.440468390181194991e-06
3.252015858379309066e-06
3.142824880342232063e-06
3.074917231060680933e-06
3.007923623954411596e-06
2.921907480413210578e-06
2.867305056497571059e-06
2.802823019010247663e-06
2.587158178357640281e-06
2.552014393586432561e-06
2.507714953026152216e-06
2.447745146127999760e-06
2.419393013042281382e-06
2.369438561800052412e-06
2.323353555766516365e-06
2.231662847407278605e-06
2.142269977412070148e-06
2.052849140454782173e-06
2.036455953202676028e-06
2.010619255088386126e-06
1.971957772184396163e-06
1.880002059806429315e-06
1.858549012467847206e-06
1.785813083188259043e-06
1.722978026919008698e-06
1.689153236839047167e-06
1.661322926338471007e-06
1.648744387239275966e-06
1.593458705428929534e-06
1.568052766742766835e-06
1.488652401349099819e-06
1.456598965887678787e-06
1.412450274074217305e-06
1.390928673572489060e-06
1.359434577352658380e-06
1.321798208664404228e-06
1.304605575569439679e-06
1.259141640730376821e-06
1.221416709995537531e-06
1.211468088513356633e-06
1.143709937423409428e-06
1.125603716900513973e-06
1.116837211156962439e-06
1.107481466533499770e-06
1.066469167199102230e-06
1.055385723702784162e-06
1.026510290103033185e-06
9.937564300344092771e-07
9.796938229555962607e-07
9.409139352101192344e-07
8.972107252702699043e-07
8.492629604006651789e-07
8.461093443656864110e-07
8.278626637547858991e-07
8.102196034087683074e-07
7.954241141305828933e-07
7.819888878657366149e-07
7.580738383694551885e-07
7.274997528838866856e-07
7.188702397797896992e-07
6.863851922389585525e-07
6.714067239954601973e-07
6.538227808050578460e-07
6.418406996999692637e-07
6.241291430342243984e-07
6.107605940997018479e-07
5.796848085992678534e-07
5.604134685199824162e-07
5.518829198081220966e-07
5.190653382669552229e-07
5.092329615763446782e-07
4.940378630635677837e-07
4.687736634423345095e-07
4.621002744897850789e-07
4.456051385659520747e-07
4.344357193986070342e-07
4.305853451569419121e-07
4.101819399693340529e-07
4.079669508882943774e-07
3.917921844731608871e-07
3.669958346108614933e-07
3.661333494164864533e-07
3.641268619958282216e-07
3.437846771703334525e-07
3.335750875521625858e-07
3.325988586766470689e-07
3.255705962601496140e-07
3.178245151502778754e-07
2.975966140184027608e-07
2.932119969045743346e-07
2.869318223019945435e-07
2.758234245447965804e-07
2.602018014385976130e-07
2.515000403491285397e-07
2.380499921628143056e-07
2.288393687877032789e-07
2.253115809480732423e-07
2.085226640247128671e-07
1.998577232598108822e-07
1.929364685793188983e-07
1.879638915625037043e-07
1.843090871034291922e-07
1.719689919355005259e-07
1.662120041601156117e-07
1.562282818667881656e-07
1.433958800589607563e-07
1.378146379238387453e-07
1.332700350076265750e-07
1.192386065440587117e-07
1.135918310524175467e-07
1.056762855000670243e-07
1.044452702103626507e-07
1.012019978929856734e-07
9.719162363808209193e-08
8.538741269603633555e-08
8.460977340973840910e-08
8.021168440563997137e-08
7.746940866582008312e-08
7.197306928219404654e-08
6.497063509414147120e-08
5.919349277405672183e-08
5.506086964146561513e-08
5.174212702740987879e-08
4.929752250859564811e-08
4.494833660828589927e-08
4.115807783477976045e-08
3.616446520027238876e-08
3.452698749129012867e-08
3.288697669745488383e-08
2.769589535489558330e-08
2.692581979601982312e-08
2.575564295170806872e-08
1.994010112582600414e-08
1.921370795798793552e-08
1.785289072131490684e-08
1.617495293260162725e-08
1.412805161749020044e-08
1.204941124655078966e-08
1.132228710787330783e-08
9.946592882670302060e-09
8.789739602832469245e-09
7.372389365656317750e-09
5.963681548593058324e-09
4.644222340033365981e-09
4.605059000795108659e-09
2.993824743668938027e-09
2.848664637511433284e-09
1.373799851656087867e-09
8.564665643362445735e-10
7.056130124638571033e-10
2.799456777502484783e-10
1.787072712033932476e-10
-1.673071958752103683e-10
-9.529738803637499700e-11
5.949975234731397222e-11
1.574769481482718447e-11
