3.858080815774208010e-03 1.702253765949937256e-02
4.761310551045358150e-03 1.621756902387007371e-02
6.700297555954427484e-03 1.464609721579080912e-02
3.824805923273261795e-03 2.032146190355925419e-02
5.016980642315608564e-03 1.592755949372347962e-02
5.260534340156925934e-03 1.835931036457510990e-02
8.143899863562309785e-03 1.528807535812548232e-02
6.728931436649377741e-03 1.703702991101999076e-02
7.346431005226265222e-03 1.757926460628608800e-02
2.525270928794726057e-03 1.838831649333352164e-02
4.819155020082782105e-03 2.166674498993107975e-02
2.975442727600100413e-03 1.937225432320363941e-02
5.153151621961551618e-03 1.558424992129641903e-02
2.077993327830024287e-04 1.848219425781533198e-02
4.965516097922550824e-03 2.104765048925276785e-02
1.888374695137780030e-04 1.846475284170010292e-02
2.828416523191070592e-03 1.371282639672244223e-02
3.881200440904503026e-03 1.202219578651897436e-02
3.986709332928834414e-03 2.064261146948292297e-02
6.031866447440137335e-03 1.638647546008914144e-02
3.895779375342675165e-03 2.202524946841617065e-02
5.755046021513273574e-03 5.755046021513273574e-03
0.000000000000000000e+00 1.536489520675160189e-02
3.024873086206054419e-03 2.058755874573878902e-02
2.407479117777419891e-03 2.066206923806854223e-02
3.766929412953627914e-03 1.877510701520006958e-02
4.165941535871521030e-03 1.746204313997569077e-02
4.377742140506596380e-03 1.037557478827229318e-02
2.345010702911632782e-03 1.632524976585371032e-02
4.908503654998255111e-03 1.663208826121094497e-02
3.863347689477717589e-03 1.868931434333859221e-02
3.130521820231704322e-04 1.775723700253018997e-02
2.240622842903873275e-03 2.076463841855843637e-02
4.827391219468167810e-04 2.178354800763604437e-02
5.253354078348850854e-03 1.092425442403515551e-02
5.766089594535116734e-03 1.412074647913432596e-02
1.303382830426548121e-03 2.047843146040389042e-02
5.840390089336202489e-03 1.467513093479847104e-02
2.154679935274609551e-03 2.064121346292515854e-02
5.616553597402164019e-03 1.371986579476468411e-02
4.141914060321684292e-03 1.127072021009563330e-02
7.982243506920932291e-03 1.370028828211827115e-02
5.943088244825187917e-03 2.267988651132177291e-02
5.426575231066452752e-03 2.036750568027086150e-02
5.438285873406648388e-03 1.439515014229478425e-02
4.484714557677117915e-03 2.157882313742517932e-02
5.610257434181200112e-03 1.952526328892256746e-02
2.401952919747798922e-03 1.947949296407554612e-02
4.260796204836886023e-03 1.085160198770291837e-02
3.876097624549990073e-03 1.203503712173543266e-02
7.264769206569220844e-03 7.264769206569220844e-03
4.955912187836323569e-03 4.955912187836323569e-03
2.964208494230133675e-03 1.357826586788193381e-02
6.806222787477181346e-03 1.744348117375399410e-02
3.925170986824462818e-03 2.011818961572718611e-02
6.756188616342668520e-03 1.693169496744455216e-02
1.400223958658361814e-03 1.928276876222367875e-02
4.988042259886607717e-03 2.286692409256724928e-02
2.321988959495143150e-03 1.633059280206268851e-02
1.535870893489125946e-03 2.300672564156764494e-02
4.755546861903913076e-03 1.693605556816649496e-02
6.356860701997078290e-03 1.616861391116117264e-02
1.403853943470802831e-03 1.928429569759380555e-02
4.512400862661052579e-03 1.669033649378886403e-02
1.066790484942053930e-03 2.034958093200317855e-02
4.342302128990296016e-03 1.417872405306716890e-02
1.266994595950607892e-03 2.046005580324035747e-02
4.447711512762140933e-03 1.392974062744750316e-02
4.341195055041142600e-03 1.053219892412441197e-02
4.577627587173973417e-03 2.040388548296641347e-02
6.759535749872912572e-03 1.691860346931782499e-02
2.348805659716436244e-03 1.948088179671560866e-02
5.306662893014899192e-03 1.842743091651027551e-02
1.464486709502207072e-03 1.418198880636803785e-02
3.649507873481035516e-03 1.802343214603793764e-02
2.584040767798737674e-05 1.830882810618728734e-02
9.325263604232691744e-04 2.015831867550100034e-02
1.384179788490948453e-03 1.927595171911327190e-02
1.681581437685857961e-03 1.419909634329748899e-02
4.872978203082553410e-03 1.597687114963033950e-02
1.868959926756148283e-03 1.857864878858158861e-02
5.947130758052933050e-03 1.206412643775149965e-02
3.690034378029824480e-03 1.897599875608037973e-02
2.745169978280322630e-03 1.931051400806261739e-02
1.894130467081420579e-03 1.943729633874809529e-02
2.433237661009570200e-04 1.973171961109062775e-02
0.000000000000000000e+00 1.332600106675778731e-02
5.631635669659840887e-03 2.203749125266122807e-02
3.388373653576305135e-03 1.857506322638824772e-02
8.256991055488046649e-04 1.814580379083375120e-02
2.049910120368363120e-03 2.192823467265510654e-02
5.395222584086427527e-03 1.487890405203251207e-02
5.231429894210696055e-03 1.911080687734055539e-02
2.509208773480671190e-03 2.077701286940765793e-02
3.792811040988034246e-03 1.223602160388649954e-02
3.012321691461446356e-03 1.601352141194765585e-02
5.037986109495576174e-03 1.587680965254559956e-02
4.688514009805162287e-03 1.930458129985236637e-02
5.168273015423557534e-03 1.668890730056173111e-02
8.019878721992905815e-03 8.019878721992905815e-03
