1.403906139149078314e+01
7.274357617720200508e+00
5.619968979469722292e+00
2.838831545443364135e+00
6.184168746343117196e-01
2.506650710845214070e-01
1.287434300424802891e-01
1.120474724525595267e-01
7.971671833283859587e-02
5.989470339136168664e-02
4.736641418918345614e-02
4.043615036938735807e-02
3.596147792021984341e-02
2.160243183214579504e-02
1.487328861159245216e-02
1.087240946242066728e-02
9.838573298917534585e-03
7.937754599423915008e-03
7.208675523698659417e-03
5.157150033411688449e-03
3.991394227047755268e-03
3.566230787865797437e-03
3.194622320897517152e-03
2.489013127536308326e-03
2.234581854114391433e-03
2.150007396806875339e-03
1.825028555965385949e-03
1.533394955327316593e-03
1.290691796464822324e-03
1.165888655078162845e-03
1.082665761423076516e-03
1.043481564179440761e-03
9.461851041924378754e-04
7.832161345940705796e-04
7.124904910041640616e-04
6.707299599349704966e-04
6.232866625730713005e-04
5.547532320675552285e-04
5.388213520816949450e-04
4.989854242846318089e-04
4.657814526338797229e-04
4.424052114651520740e-04
4.157998818619075619e-04
3.752483232660494637e-04
3.632749791027341832e-04
3.284800198317570853e-04
3.036423078156217509e-04
2.670302757435200547e-04
2.653608954163968114e-04
2.436462719270350932e-04
2.393020450576503939e-04
2.264013823806193450e-04
2.192796576524157193e-04
2.034075151440925436e-04
1.915513301446024482e-04
1.818832347644909757e-04
1.779951205439120028e-04
1.705108440561128370e-04
1.628742614995728360e-04
1.545079719110343901e-04
1.513633749819132037e-04
1.412764246468277050e-04
1.332421474543981342e-04
1.315999438523423237e-04
1.221883048810568594e-04
1.176648153135067480e-04
1.147113538904633815e-04
1.092160285835769176e-04
1.083426636998164195e-04
1.078667418199585155e-04
9.600543052839257232e-05
9.499267314403420765e-05
9.332358317548704145e-05
8.972793380101751193e-05
8.667884697741903963e-05
8.620020509993171602e-05
8.251513215459810183e-05
7.941423628912530586e-05
7.641402078611443790e-05
7.515482655759896883e-05
7.297720477115767466e-05
6.943941259511963375e-05
6.880569043379008564e-05
6.557977276348594931e-05
6.471483162304835629e-05
6.379809506123881640e-05
6.119090001837960925e-05
6.005565409714362272e-05
5.905459953379955278e-05
5.684973421020436354e-05
5.559371103982174234e-05
5.412463836141866283e-05
5.343750340826966994e-05
5.079607770635321271e-05
5.040934518898307440e-05
4.921634083476496366e-05
4.834783025558034715e-05
4.718193401780109130e-05
4.575798730687154182e-05
4.437747019449608262e-05
4.411486960610902345e-05
4.264335053222540264e-05
4.238071240237198861e-05
4.145087372500934629e-05
3.970690991325190501e-05
3.777084734096511305e-05
3.750843091823869433e-05
3.727853760191195983e-05
3.617523700948323864e-05
3.535863624837466039e-05
3.455125459358560872e-05
3.401262070587149301e-05
3.311732020063508510e-05
3.193126201666753462e-05
3.156630259223149976e-05
3.132758719117612138e-05
3.087667387190792795e-05
3.052684601371222304e-05
2.875492080616160801e-05
2.860003912254286258e-05
2.787644305437140800e-05
2.722261007532089362e-05
2.693320391283397309e-05
2.631188303527945226e-05
2.584956447441414014e-05
2.539445032165793138e-05
2.449718585960051280e-05
2.433704466046576637e-05
2.398572018737929481e-05
2.362543955733826962e-05
2.316589787464229757e-05
2.264977168420892719e-05
2.197329475882398519e-05
2.179695757898486206e-05
2.135807957788363117e-05
2.086455915297197978e-05
2.020306752832884159e-05
1.972740687922614877e-05
1.954694886905513181e-05
1.906567919021225158e-05
1.853999132701144250e-05
1.837106568557751225e-05
1.789062372460386625e-05
1.751482976443338057e-05
1.730575203561485713e-05
1.716583881201424181e-05
1.690590365477872325e-05
1.646597669143922451e-05
1.617271928654783131e-05
1.608334658455028621e-05
1.567030755568381235e-05
1.536758851883601401e-05
1.499148345374591793e-05
1.477217076506440535e-05
1.430048135081239441e-05
1.386976952294406305e-05
1.370201391168725756e-05
1.363915447749095187e-05
1.331108770772724883e-05
1.321431746716678989e-05
1.301558684291133701e-05
1.261068107299289898e-05
1.240186310564194351e-05
1.226100768903446095e-05
1.190466185126300577e-05
1.173024670263363755e-05
1.149509653443244990e-05
1.136039224111173701e-05
1.105768627041780873e-05
1.087266457114763151e-05
1.065576592461180698e-05
1.045820232934130215e-05
1.031162168764883834e-05
9.908487794162993344e-06
9.763211019284527919e-06
9.601867395506867816e-06
9.584624210790351241e-06
9.200046833899837786e-06
8.934971645134366061e-06
8.832501134875156787e-06
8.605084286230345482e-06
8.466838849047036354e-06
8.362339628578960291e-06
8.281516682001368367e-06
7.958459299392134717e-06
7.739720336871055501e-06
7.661752209321008361e-06
7.581457930145625110e-06
7.343738140896168862e-06
7.197592518014964201e-06
6.959890619004357154e-06
6.882149710789397273e-06
6.813901479798892743e-06
6.607353703220195454e-06
6.463366548203494601e-06
6.411820032603179780e-06
6.033107664649083624e-06
5.966241552127418007e-06
5.910759195739463695e-06
5.643066717913069848e-06
5.474523005845772745e-06
5.454505578964605088e-06
5.359086875336890414e-06
5.317051221915809764e-06
5.163873637677738796e-06
5.082198054482581089e-06
4.812110211084295805e-06
4.797426250027575311e-06
4.762781475027194191e-06
4.581001215278051819e-06
4.440087502193900917e-06
4.338179259745250574e-06
4.285168089372018392e-06
4.148813236722370169e-06
4.038686739100901362e-06
3.973071191728467307e-06
3.910137924865201783e-06
3.737678230315057114e-06
3.650776458000048487e-06
3.511077717334339675e-06
3.419144468640965459e-06
3.365729552251003251e-06
3.285840574395091277e-06
3.175965138926441990e-06
3.127534790071680070e-06
3.054018630977641543e-06
2.964863743476822864e-06
2.926339125735539893e-06
2.770089483021831879e-06
2.715380547464014527e-06
2.706807912348934772e-06
2.625943657818676824e-06
2.535440463228216335e-06
2.526996923345066047e-06
2.403579972686891983e-06
2.382838099565658456e-06
2.315627939825983469e-06
2.190864633779126306e-06
2.093012995282338036e-06
2.020544918016661627e-06
1.979836752728525411e-06
1.941550752707839010e-06
1.874252196106352838e-06
1.784192159747163568e-06
1.723425584113691664e-06
1.691140906522033544e-06
1.690140919980034290e-06
1.625459959622358790e-06
1.563727586489884541e-06
1.461564416278813386e-06
1.428092985446022986e-06
1.418899112567236195e-06
1.413474602877673605e-06
1.318563640655094638e-06
1.279426201799075476e-06
1.240869720994229178e-06
1.188044642544554564e-06
1.143859821224632303e-06
1.067441949053194262e-06
1.059699127247601603e-06
9.948230528992279286e-07
9.695187737847859896e-07
9.682732562914099129e-07
9.457412213544136521e-07
9.085900104259227305e-07
8.745831770190753116e-07
7.956700328201266156e-07
7.909576410512075910e-07
7.756047243165359151e-07
7.181748720880253274e-07
6.962973390693581184e-07
6.157362641850538624e-07
5.949889823906500824e-07
5.908834637050202204e-07
5.662090935551612006e-07
5.493976570796901902e-07
5.327779866226548560e-07
4.580055952282466514e-07
4.231369078190172457e-07
4.149629195980021428e-07
3.939590445471354149e-07
3.812538625086991191e-07
3.495918243676658158e-07
3.071196455915365719e-07
2.989521044845670839e-07
2.409896182135553032e-07
2.180514512442880008e-07
2.123615388426623343e-07
1.917047583709338634e-07
1.783532230825859744e-07
1.532394390820239087e-07
1.511428747470122380e-07
1.254914662804908757e-07
9.654763838913708294e-08
8.332815750911181699e-08
4.746493365877069336e-08
6.042441525600722489e-10
