5.590164184570312500e+01
3.050649452209472656e+01
2.351890373229980469e+01
1.170264339447021484e+01
2.534748554229736328e+00
1.351126909255981445e+00
1.071742534637451172e+00
5.681946873664855957e-01
2.939613163471221924e-01
2.242183834314346313e-01
1.704776585102081299e-01
1.098773926496505737e-01
9.408232569694519043e-02
7.989099621772766113e-02
4.847530275583267212e-02
1.926033012568950653e-02
1.297690067440271378e-02
1.217841356992721558e-02
9.075689129531383514e-03
6.327923387289047241e-03
5.194410216063261032e-03
3.524518106132745743e-03
2.902194391936063766e-03
2.434799214825034142e-03
1.807074993848800659e-03
1.680760062299668789e-03
1.410940079949796200e-03
1.146337366662919521e-03
1.077181543223559856e-03
9.255047771148383617e-04
8.638984872959554195e-04
7.635030196979641914e-04
6.938259466551244259e-04
6.037832354195415974e-04
5.697015440091490746e-04
5.650450475513935089e-04
5.113760707899928093e-04
4.923568922095000744e-04
4.345573834143579006e-04
4.111799062229692936e-04
3.845508908852934837e-04
3.765077854041010141e-04
3.246986307203769684e-04
3.167097747791558504e-04
2.950818452518433332e-04
2.908558817580342293e-04
2.864094858523458242e-04
2.721400815062224865e-04
2.488673781044781208e-04
2.330772986169904470e-04
2.271949051646515727e-04
2.092115901177749038e-04
1.924318057717755437e-04
1.906262623379006982e-04
1.846222730819135904e-04
1.731312804622575641e-04
1.618732349015772343e-04
1.512491726316511631e-04
1.491806760895997286e-04
1.352501421933993697e-04
1.343157637165859342e-04
1.262293953914195299e-04
1.212293864227831364e-04
1.167829759651795030e-04
1.139791784225963056e-04
1.103207105188630521e-04
1.046181205310858786e-04
1.001904165605083108e-04
9.667224367149174213e-05
9.269236761610955000e-05
8.982612780528143048e-05
8.530636841896921396e-05
8.160689321812242270e-05
7.960187213029712439e-05
7.733020174782723188e-05
7.479031773982569575e-05
7.195187936304137111e-05
7.038139301585033536e-05
6.638466584263369441e-05
6.365618173731490970e-05
6.158139149192720652e-05
6.012379162712022662e-05
5.668585799867287278e-05
5.480451363837346435e-05
5.354565655579790473e-05
5.046338264946825802e-05
4.924509630654938519e-05
4.658833131543360651e-05
4.590280514094047248e-05
4.264206290827132761e-05
4.208315658615902066e-05
4.133855327381752431e-05
3.988037497038021684e-05
3.780247789109125733e-05
3.729509626282379031e-05
3.573657158995047212e-05
3.476901474641636014e-05
3.400051355129107833e-05
3.271105379099026322e-05
3.171677963109686971e-05
3.071927130804397166e-05
2.962412872875574976e-05
2.795504406094551086e-05
2.721322562138084322e-05
2.703492646105587482e-05
2.581108674348797649e-05
2.533585393393877894e-05
2.418033545836806297e-05
2.371625851083081216e-05
2.247750489914324135e-05
2.174511791963595897e-05
2.126871913787908852e-05
2.099002995237242430e-05
2.046114241238683462e-05
1.991987119254190475e-05
1.912135303427930921e-05
1.861828422988764942e-05
1.823429192882031202e-05
1.760025952535215765e-05
1.730776421027258039e-05
1.684981907601468265e-05
1.625554250495042652e-05
1.585929931025020778e-05
1.530649751657620072e-05
1.475766293879132718e-05
1.466358480683993548e-05
1.452008473279420286e-05
1.394222272210754454e-05
1.387196243740618229e-05
1.345221426163334399e-05
1.327192330791149288e-05
1.301250176766188815e-05
1.259519194718450308e-05
1.215120846609352157e-05
1.198423160531092435e-05
1.178648290078854188e-05
1.149390482169110328e-05
1.121656714531127363e-05
1.081757091014878824e-05
1.053043069987324998e-05
1.042023359332233667e-05
1.002513909043045714e-05
9.815824341785628349e-06
9.696448614704422653e-06
9.416132343176286668e-06
9.349758329335600138e-06
9.220932952302973717e-06
8.995559255708940327e-06
8.643004548503085971e-06
8.504111065121833235e-06
8.212443390220869333e-06
8.031116522033698857e-06
7.766959242871962488e-06
7.639974683115724474e-06
7.456998901034239680e-06
7.397489753202535212e-06
7.117848326743114740e-06
6.901237156853312626e-06
6.748673968104412779e-06
6.697346179862506688e-06
6.670989478152478114e-06
6.563350780197652057e-06
6.474919700849568471e-06
6.267135631787823513e-06
6.179650881676934659e-06
5.918365332036046311e-06
5.863506885361857712e-06
5.593726655206410214e-06
5.502065050677629188e-06
5.451437573356088251e-06
5.374152806325582787e-06
5.220590537646785378e-06
5.077029072708683088e-06
5.036229595134500414e-06
4.920825631415937096e-06
4.854293820244492963e-06
4.692498805525247008e-06
4.581736902764532715e-06
4.448330855666426942e-06
4.408958830026676878e-06
4.232203536957968026e-06
4.199112026981310919e-06
3.993989139416953549e-06
3.950734480895334855e-06
3.831945377896772698e-06
3.763002723644603975e-06
3.697230795296491124e-06
3.585670583561295643e-06
3.539823865139624104e-06
3.465960389803512953e-06
3.383014018254471011e-06
3.373385879967827350e-06
3.268374257459072396e-06
3.156178763674688525e-06
3.129165861537330784e-06
3.076424718528869562e-06
2.990204848174471408e-06
2.965481598948827013e-06
2.906399686253280379e-06
2.725851572904502973e-06
2.693363057915121317e-06
2.607471515148063190e-06
2.555305400164797902e-06
2.425832917651860043e-06
2.394282773821032606e-06
2.383591436228016391e-06
2.308075636392459273e-06
2.220679107267642394e-06
2.163446652048151009e-06
2.141690401913365349e-06
2.089992904075188562e-06
2.052771833405131474e-06
2.026142965405597351e-06
1.995398861254216172e-06
1.971031224456964992e-06
1.890206249299808405e-06
1.800550194275274407e-06
1.778796104190405458e-06
1.737190245876263361e-06
1.666619709794758819e-06
1.610232629900565371e-06
1.581951096341072116e-06
1.538171886750205886e-06
1.480770379203022458e-06
1.453111281080055051e-06
1.395424305883352645e-06
1.353742277387937065e-06
1.345561258858651854e-06
1.309365529778006021e-06
1.276476950806681998e-06
1.229838176186603960e-06
1.178766638076922391e-06
1.167649088529287837e-06
1.148320848187722731e-06
1.069210725290759001e-06
1.049177740242157597e-06
1.015328962239436805e-06
9.667536460256087594e-07
-9.504767604084918275e-07
9.327176826445793267e-07
9.035991865857795347e-07
8.571539638069225475e-07
8.258078878498054110e-07
8.073534445429686457e-07
7.889718744991114363e-07
7.736467182439810131e-07
7.246306381603062619e-07
7.126687933123321272e-07
6.965330499042465817e-07
-6.857270591353881173e-07
6.563531655956467148e-07
6.268691663535719272e-07
-6.221097805791941937e-07
6.130644010227115359e-07
5.777931733064178843e-07
5.727525831389357336e-07
5.469610755426401738e-07
5.351202503334206995e-07
5.049066089668485802e-07
4.783168492394906934e-07
4.635394077467935858e-07
-4.529080683823849540e-07
4.466414225134940352e-07
4.271641671493853210e-07
4.021019321953644976e-07
3.809041402291768463e-07
-3.651134932169952663e-07
3.486542539121728623e-07
-3.471143088518147124e-07
3.262281325078220107e-07
-3.149408769331785152e-07
3.099973469034011941e-07
2.827270293437322835e-07
2.644736412094061961e-07
2.544963990658288822e-07
-2.469312221364816651e-07
-2.287718672278060694e-07
2.178193483359791571e-07
-2.011107653743238188e-07
1.901010620031229337e-07
-1.677770313790460932e-07
1.631982655680985772e-07
-1.570170837794648833e-07
1.420493731529859360e-07
1.388204253771618824e-07
1.077577564956300193e-07
-9.759490637861745199e-08
9.519067845076278900e-08
-9.185501426145492587e-08
7.902138321469465154e-08
-7.507081534185999772e-08
-7.105562360720796278e-08
6.794329010517685674e-08
4.485243820795403735e-08
-3.791858915747070569e-08
2.457416847789772874e-08
3.136620407850898573e-10
