3.905569369356927650e-03 1.689164039839834500e-02
6.162177407697690297e-03 1.042551778343967298e-02
7.153778325261254088e-03 1.124200882907963779e-02
4.400899761342114136e-03 1.979975057902426394e-02
4.521320979194994732e-03 1.692995925902988918e-02
6.486309337124965962e-03 1.455991768433682887e-02
8.217001235910325815e-03 1.471330113255814309e-02
5.839421774633479778e-03 1.779356436110120579e-02
7.339114799878593796e-03 1.761066681834034739e-02
2.818703216184454546e-03 1.831223385059414788e-02
4.583429946508939777e-03 1.944374012393081108e-02
2.572196362733627974e-03 1.946554443938480067e-02
5.125120113388979132e-03 1.565776983603616931e-02
3.362994729838757798e-04 1.859655389657839317e-02
4.741106984284891579e-03 2.131609630473454975e-02
1.681497364919378899e-04 1.966240867297966086e-02
3.168183790157917592e-03 1.333752876839629231e-02
3.939874274819840823e-03 1.186988233310520141e-02
3.676293186858645059e-03 2.085172755440800260e-02
5.839421774633479778e-03 1.697938105389956015e-02
4.561787997855532018e-03 2.326292912748837913e-02
5.581963448313108540e-03 8.000593231542224917e-03
0.000000000000000000e+00 1.536489520675160189e-02
2.979620922037694124e-03 2.059937268582314601e-02
3.208092506951780963e-03 2.052887869897266140e-02
3.466495622380180806e-03 1.852234460533397700e-02
4.589594616338088864e-03 1.681162620197831220e-02
4.445644990744694082e-03 1.006231429570760699e-02
2.146792123801516579e-03 1.636037669403900274e-02
5.007927131419477422e-03 1.641658100162623340e-02
3.856462060243051170e-03 1.819444073312151411e-02
2.377996378563606303e-04 1.769076162684544290e-02
2.017796837903254245e-03 2.073010616269676393e-02
3.362994729838757798e-04 2.165790117979633778e-02
5.094687282253825000e-03 1.174984437496999143e-02
5.968723539560887720e-03 1.319576232032005497e-02
1.406841629950425629e-03 2.052778895925863600e-02
5.846680225881225983e-03 1.465062552757852299e-02
2.079897373428108570e-03 2.062960976689331982e-02
5.609753435848045464e-03 1.374779702966966340e-02
4.163191884822856591e-03 1.119981926465404495e-02
7.364113822196599254e-03 1.369757328489489348e-02
5.783471015123230891e-03 2.292846865067931297e-02
4.381583356058312700e-03 1.715525940168342867e-02
5.453860948373011677e-03 1.434047421678739942e-02
4.445644990744694082e-03 2.161499632839986376e-02
5.832154289832933679e-03 1.905585799852296813e-02
2.442516007965355417e-03 1.947749113199899115e-02
4.233902181366895785e-03 1.095155038303299681e-02
3.863786781107194680e-03 1.206575942954445438e-02
7.234348071260627427e-03 7.234348071260627427e-03
4.896594238059479888e-03 5.543000237651671096e-03
2.853595654276327998e-03 1.368933472841271128e-02
6.943179334378118787e-03 1.690496482310122062e-02
3.752414992160309128e-03 2.170109717983264089e-02
6.794997220735943949e-03 1.677773285981019186e-02
1.366054916989919987e-03 1.926811707219514350e-02
5.072439633243593614e-03 2.277499699740942463e-02
3.225671227619051045e-03 2.105757480269982579e-02
1.931893390553597340e-03 2.316512519584336752e-02
4.770832084160797279e-03 1.690709396741148229e-02
6.490666952219866295e-03 1.563222826644596400e-02
1.673068753622667520e-03 1.938152598709549923e-02
3.950624292821843832e-03 1.874753394807751605e-02
2.377996378563606303e-04 1.972669932779979457e-02
4.659902190133678387e-03 1.335640549041986272e-02
1.076683653249474416e-03 2.035541071591251069e-02
4.687126777307545379e-03 1.609578064751430657e-02
4.982455734742312348e-03 4.982455734742312348e-03
5.290707943506714993e-03 1.937880008711042462e-02
6.369746393783052088e-03 1.824498288634234314e-02
2.017796837903254245e-03 1.945878423749702879e-02
4.410526239693852123e-03 1.711038909309457387e-02
5.824877737667097984e-04 1.646882758665314805e-02
3.882038119244869169e-03 1.757150711057122935e-02
0.000000000000000000e+00 1.828312262845219541e-02
1.188998189281803260e-03 2.030994551859001754e-02
1.586321441425231566e-03 1.935366961641409381e-02
1.818817490632320929e-03 1.419373658237455156e-02
4.988127285508175447e-03 1.570755809991774415e-02
1.494547549160729410e-03 1.848039502908382231e-02
6.041702164296069294e-03 1.143057308346456802e-02
4.263847638732431826e-03 1.981122215614297688e-02
2.488388860332219760e-03 1.935079104531529232e-02
2.892957453742313074e-03 2.073657328202350644e-02
1.681497364919378899e-04 1.966240867297966086e-02
0.000000000000000000e+00 1.332600106675778731e-02
5.304051490407743659e-03 2.249772203478129715e-02
3.012650191479407814e-03 1.923087237877153105e-02
1.681497364919378899e-04 1.844555799611305447e-02
1.673068753622667520e-03 2.052442226525715355e-02
5.041688820246149547e-03 1.586778326490215565e-02
5.263919376725101351e-03 1.905223058297849520e-02
3.421340998391649447e-03 2.043790987704581855e-02
3.950624292821843832e-03 1.184101507718782198e-02
4.243907478142082239e-03 1.686952561238794224e-02
5.293379343799890432e-03 1.519204834394369610e-02
5.677388539269729792e-03 1.741993666060591764e-02
5.820021648671519152e-03 1.475353029953072222e-02
8.199778409940646981e-03 8.199778409940646981e-03
