1.128660062146331078e-01
2.539474915614763767e-02
1.962725587435263860e-02
1.173975024148782818e-02
5.896810865225931425e-03
4.666329370537113455e-03
4.081191103576083980e-03
2.939747146672663531e-03
2.419521438315133319e-03
2.066202213284675133e-03
1.409589295606763831e-03
1.193014890785025440e-03
9.888705650525526913e-04
7.396388981170227365e-04
6.991433723229033542e-04
5.861990009987604576e-04
5.673778659411047231e-04
4.463675649238014543e-04
4.388226755589420738e-04
3.750945492661098869e-04
3.430535594764523187e-04
3.403403573344887241e-04
3.259596655528479827e-04
2.849222262121651637e-04
2.746658748087217735e-04
2.504742496416486491e-04
2.224200617403240907e-04
2.157032240482273226e-04
2.092948750098753529e-04
1.981245239936128930e-04
1.847284131877275195e-04
1.723503000970887415e-04
1.664118255338677902e-04
1.518420921509961309e-04
1.483592424463429568e-04
1.423894241283971520e-04
1.383532909611952634e-04
1.289177173407969916e-04
1.199360327088767430e-04
1.188620780615520426e-04
1.158650535984776013e-04
1.089510589282542653e-04
1.009182456727119898e-04
9.219631209584928239e-05
8.962225171295498064e-05
8.625097542429574699e-05
8.473912002812252170e-05
8.379862238983866842e-05
8.089124075694149136e-05
7.994895412085835796e-05
7.834980453854914928e-05
7.518039110620392310e-05
7.257019709059185793e-05
6.954791604540843590e-05
6.417789803778907605e-05
6.198305629835609268e-05
6.179783867990841745e-05
5.785683036387505437e-05
5.576669975081842038e-05
5.353237098622894169e-05
5.217498105574283412e-05
5.079537575227025860e-05
5.039191284027724348e-05
4.946551600046516313e-05
4.796410867585384883e-05
4.637872085087503960e-05
4.519744487297893082e-05
4.252226013809370757e-05
4.191286447506862472e-05
4.123971402348453313e-05
3.913479049881823398e-05
3.843813799099922234e-05
3.667627338686756637e-05
3.519415659108131756e-05
3.468293491705997240e-05
3.355130458653222259e-05
3.286249064738527430e-05
3.252251521307122608e-05
3.105122438518367650e-05
2.974923219415014021e-05
2.914608357006519002e-05
2.823208020484912009e-05
2.692021175354696131e-05
2.639406033665619172e-05
2.535405498057901374e-05
2.435005842549904331e-05
2.420425942153164081e-05
2.394411858231806412e-05
2.336896519708180227e-05
2.231865622743806342e-05
2.193080918873674675e-05
2.129420191302623243e-05
2.058615689861002939e-05
1.984484327852363810e-05
1.953536798396706068e-05
1.865536761452045916e-05
1.850873869198859945e-05
1.783864096928511260e-05
1.729399373282072374e-05
1.708396000679895558e-05
1.666050093621716230e-05
1.605829368027398551e-05
1.573680882904566396e-05
1.495484076737007009e-05
1.470803977096867418e-05
1.428800996214357353e-05
1.390434194013984609e-05
1.352443644658043094e-05
1.320553872123471726e-05
1.301507494957609484e-05
1.257153347702173236e-05
1.184497567323502479e-05
1.157365220657008482e-05
1.138867021769611854e-05
1.102192918247407467e-05
1.070102926257574202e-05
1.050967822918699020e-05
1.032562784577161734e-05
1.004345945771545173e-05
1.001722266968794783e-05
9.599040068468814096e-06
9.167395735186545434e-06
9.132880586982101596e-06
8.919853108690402660e-06
8.824736969771801318e-06
8.416086328625240062e-06
8.402566066884493154e-06
8.134908904300994784e-06
7.807769104370861272e-06
7.675231301654948481e-06
7.566719418723165220e-06
7.411851405178271571e-06
7.257539117387322639e-06
7.105815721996117913e-06
6.933748406577346803e-06
6.816988231195423518e-06
6.761560929290222101e-06
6.715793398675469935e-06
6.448335550975222226e-06
6.144575584380865774e-06
6.012628034807196653e-06
5.859947074754086202e-06
5.632152918796139544e-06
5.596420480320693525e-06
5.418960958403240365e-06
5.268821476563858650e-06
5.134430454906115253e-06
5.089839162318701578e-06
5.019494253671791339e-06
4.893306485856470518e-06
4.750498290333689502e-06
4.630394736703649884e-06
4.548441007686528393e-06
4.452360637334627322e-06
4.408457334181627410e-06
4.295228878865019601e-06
4.245585251645270149e-06
4.092317560452357882e-06
4.050873006652716133e-06
4.032648497819581664e-06
3.817115777415989955e-06
3.760025312640990404e-06
3.693029528515426759e-06
3.643062180383751168e-06
3.576346501772575342e-06
3.481766307836025886e-06
3.391549081970594838e-06
3.298936895591473775e-06
3.210047081271921479e-06
3.136562755398889267e-06
3.101648884987620047e-06
2.976687957027340168e-06
2.961812702673564283e-06
2.907504689827173067e-06
2.897977919702829064e-06
2.757753692635370670e-06
2.730896361409590203e-06
2.685101916978081747e-06
2.646066055409231011e-06
2.566279319492047308e-06
2.467324500951334056e-06
2.430512426270054680e-06
2.386011111204717139e-06
2.345282816046506071e-06
2.331993666740886983e-06
2.242644219055358184e-06
2.210864420791355333e-06
2.105747712921678445e-06
2.056512552533462121e-06
1.997513606534504844e-06
1.981815122153867592e-06
1.884480656448751539e-06
1.879188504583343075e-06
1.866877389564199650e-06
1.794032429328151471e-06
1.740724257629132580e-06
1.698764336726875135e-06
1.680676538495444686e-06
1.633244649082975303e-06
1.599104915532332263e-06
1.567823685077427804e-06
1.528753569004622157e-06
1.453665338447799845e-06
1.438929981873315869e-06
1.392241933083994701e-06
1.359116371483203313e-06
1.318225121440026101e-06
1.295923977805210061e-06
1.250859905036554016e-06
1.218861017770844273e-06
1.182383193360226191e-06
1.133167304291614163e-06
1.118621262192280945e-06
1.079981275285039272e-06
1.041472279163865329e-06
1.028291495745223956e-06
9.963697074733072046e-07
9.518172012076395063e-07
9.131773861142630728e-07
8.939504752882345754e-07
8.784349833360133995e-07
8.603429857712949819e-07
8.354363774112289985e-07
8.139363627457835319e-07
7.760450235458600224e-07
7.268174328447283771e-07
7.127558432095620851e-07
6.899541379726940232e-07
6.891385572273036161e-07
6.703078864701267704e-07
6.490337747927439199e-07
6.160682912272775528e-07
6.112465564596595529e-07
5.971579534582445277e-07
5.648454666518719467e-07
5.451742169361472170e-07
5.231647347427924152e-07
5.067284452227708389e-07
4.959628298686833681e-07
4.627124151989762625e-07
4.444240489560749646e-07
4.390499905155399007e-07
4.162221213013203460e-07
4.054945479237796283e-07
3.951892672998163858e-07
3.799291225230042316e-07
3.708982778020668956e-07
3.386611672652144741e-07
3.344347789681994539e-07
3.249308473080374417e-07
3.059166032410456597e-07
3.034639461908245713e-07
2.897807895467602388e-07
2.707164263730246118e-07
2.600485836730199784e-07
2.565535038979291513e-07
2.554434194476083449e-07
2.345706577413503568e-07
2.185841288098906930e-07
2.071921710669695267e-07
2.059682247690747616e-07
1.977316224820740238e-07
1.848902261476012706e-07
1.761261457006356851e-07
1.633297640140414885e-07
1.507995530296548288e-07
1.444393676300923991e-07
1.363087124654693478e-07
1.294189033377807462e-07
1.265777047940871100e-07
1.130009395292777727e-07
1.060352689756832782e-07
1.022029844351093771e-07
9.657308940719760884e-08
8.871002001469597996e-08
7.935092395393208415e-08
7.446227702388048685e-08
7.246340440961283957e-08
6.814207828830598799e-08
5.983562303380349957e-08
5.082182258208309895e-08
4.476557891140008912e-08
3.975802331920670390e-08
3.586895912635585398e-08
3.479096263167309139e-08
2.787264132728773945e-08
2.424283315753630659e-08
1.683912898412135579e-08
1.333931652465591596e-08
1.088653536502934739e-08
8.779216524390401321e-09
1.827669286177085018e-09
1.584739487238752055e-09
9.715026563436642709e-10
4.138163858780294722e-10
2.547961011452924972e-10
1.591143652539306314e-10
