2.112255990505218506e-01
4.587737098336219788e-02
3.611943870782852173e-02
1.886231824755668640e-02
8.184157311916351318e-03
5.634399130940437317e-03
4.629085306078195572e-03
4.067510366439819336e-03
3.727536182850599289e-03
2.882422879338264465e-03
1.587144215591251850e-03
1.499344361945986748e-03
1.153166755102574825e-03
9.907373460009694099e-04
7.809925591573119164e-04
7.126550190150737762e-04
5.859036464244127274e-04
5.739242769777774811e-04
4.920735955238342285e-04
4.726706829387694597e-04
3.986517840530723333e-04
3.618499031290411949e-04
3.293346089776605368e-04
3.187261172570288181e-04
2.974510716740041971e-04
2.756570756901055574e-04
2.428681036690250039e-04
2.219299785792827606e-04
2.173217217205092311e-04
1.979993248824030161e-04
1.907721452880650759e-04
1.751078380038961768e-04
1.619130343897268176e-04
1.517283817520365119e-04
1.367580262012779713e-04
1.269351050723344088e-04
1.183859858429059386e-04
1.135346174123696983e-04
1.120236556744202971e-04
1.052425795933231711e-04
1.014737354125827551e-04
9.230428258888423443e-05
8.591923688072711229e-05
8.378604979952797294e-05
7.391070539597421885e-05
7.219322287710383534e-05
7.015551091171801090e-05
6.501945608761161566e-05
6.348675378831103444e-05
5.967795004835352302e-05
5.910105392104014754e-05
5.590212822426110506e-05
5.285144652589224279e-05
5.131690704729408026e-05
4.958244608133099973e-05
4.710012944997288287e-05
4.533650280791334808e-05
4.394027928356081247e-05
4.091757000423967838e-05
3.924013435607776046e-05
3.810442649410106242e-05
3.660495349322445691e-05
3.417843618080951273e-05
3.396605825400911272e-05
3.249100336688570678e-05
3.136409577564336360e-05
3.060560993617400527e-05
2.959437915706075728e-05
2.822137685143388808e-05
2.748555561993271112e-05
2.621383100631646812e-05
2.521515307307709008e-05
2.453830893500708044e-05
2.275999031553510576e-05
2.238636807305738330e-05
2.212672552559524775e-05
2.106709507643245161e-05
2.031893563980702311e-05
1.920577415148727596e-05
1.856576091086026281e-05
1.759881524776574224e-05
1.737986713123973459e-05
1.667877768340986222e-05
1.642265851842239499e-05
1.573096415086183697e-05
1.519944908068282530e-05
1.467546007916098461e-05
1.446702481189277023e-05
1.396622883476084098e-05
1.383868584525771439e-05
1.331396015302743763e-05
1.313696157012600452e-05
1.260429144167574123e-05
1.224878178618382663e-05
1.197296842292416841e-05
1.160394913313211873e-05
1.122068078984739259e-05
1.110182893171440810e-05
1.071364113158779219e-05
1.053193409461528063e-05
9.879981917038094252e-06
9.476275408815126866e-06
9.217071237799245864e-06
8.956913006841205060e-06
8.593063284934032708e-06
8.405221706198062748e-06
8.159051503753289580e-06
7.776557140459772199e-06
7.719312634435482323e-06
7.592899237351957709e-06
7.103889856807654724e-06
6.727830623276531696e-06
6.717672022205078974e-06
6.506865247501991689e-06
6.363935426634270698e-06
6.190605290612438694e-06
5.953270829195389524e-06
5.830093869008123875e-06
5.622295248031150550e-06
5.533381681743776426e-06
5.476148089655907825e-06
5.249984951660735533e-06
5.035074536863248795e-06
4.814442036149557680e-06
4.719609933090396225e-06
4.552122391032753512e-06
4.533368155534844846e-06
4.488788817980093881e-06
4.236184850014979020e-06
4.183001237834105268e-06
4.119184268347453326e-06
4.041969532408984378e-06
3.904469849658198655e-06
3.845997071039164439e-06
3.697817419379134662e-06
3.600805712267174385e-06
3.574136826500762254e-06
3.498678097457741387e-06
3.415353148739086464e-06
3.304925485281273723e-06
3.213533318557892926e-06
3.186590220138896257e-06
3.106165422650519758e-06
3.055670731555437669e-06
2.910365310526685789e-06
2.878135319406283088e-06
2.728756271608290263e-06
2.697944864848977886e-06
2.628104084578808397e-06
2.595188334453268908e-06
2.563983798609115183e-06
2.461168833178817295e-06
2.369813046243507415e-06
2.324893557670293376e-06
2.225176558567909524e-06
2.221104523414396681e-06
2.151254420823534019e-06
2.083961817334056832e-06
2.066467686745454557e-06
2.008900764849386178e-06
1.987922587431967258e-06
1.931500037244404666e-06
1.902709527712431736e-06
1.883755544440646190e-06
1.837480226640764158e-06
1.795875164134486113e-06
1.746124098644941114e-06
1.719297301860933658e-06
1.685446250121458434e-06
1.661366127336805221e-06
1.593659817444859073e-06
1.580360162733995821e-06
1.528261236671824008e-06
1.461780698264192324e-06
1.440386085960199125e-06
1.387375846206850838e-06
1.365730213365168311e-06
1.330914187747112010e-06
1.294797812079195864e-06
1.276617808798619080e-06
1.251759044862410519e-06
1.212928282257053070e-06
1.164957438959390856e-06
1.139785922532610130e-06
1.137467393164115492e-06
1.082195240087457933e-06
1.071660562956822105e-06
1.064206685441604350e-06
1.024647644953802228e-06
1.006319621410511900e-06
9.625683787817251869e-07
9.603987791706458665e-07
9.239912515113246627e-07
8.998712814900500234e-07
8.828753834677627310e-07
8.527566137672693003e-07
8.304721177410101518e-07
8.233383823608164676e-07
7.896107376836880576e-07
7.760238531773211434e-07
7.503442702727625147e-07
7.244660764627042226e-07
7.167528792706434615e-07
7.021893111414101440e-07
6.806876058362831827e-07
6.535384500239160843e-07
6.439687467718613334e-07
6.101944904912670609e-07
5.985609163872140925e-07
5.769611561845522374e-07
5.646607519338431302e-07
5.612122890852333512e-07
5.461366754389018752e-07
5.296931249176850542e-07
5.152402309249737300e-07
4.895255187875591218e-07
4.860446551901986822e-07
4.700569320448266808e-07
4.445133470198925352e-07
4.336943959515338065e-07
4.270804936368222116e-07
4.137214375532494159e-07
4.044760260057955747e-07
3.949808444758673431e-07
3.773234311665873975e-07
3.530140588736685459e-07
3.486063064883637708e-07
3.376435984137060586e-07
3.309897920189541765e-07
3.135350254979130113e-07
3.026538877293205587e-07
2.995215311329957331e-07
2.881196508042194182e-07
2.847444591225212207e-07
2.732699044827313628e-07
2.663871896402270067e-07
2.603588029614911648e-07
2.535997509767184965e-07
2.445530640216020402e-07
2.382818280466381111e-07
2.276004664736319683e-07
2.180269973450776888e-07
2.119074622441985412e-07
1.988288147458661115e-07
1.943264180681580910e-07
1.878265294408265618e-07
1.789504011640019598e-07
1.734097594408012810e-07
1.667992677312213345e-07
1.643546880814028555e-07
1.566395582131008268e-07
1.519860859389154939e-07
1.479945694882189855e-07
1.434717376014305046e-07
1.369097191172841121e-07
1.319342004535428714e-07
1.240709224248348619e-07
1.217573810663452605e-07
1.128981139686402457e-07
1.078338272009204957e-07
1.018477746583812404e-07
9.551354906989217852e-08
9.309998461048962781e-08
8.558286168636186630e-08
8.473747215020921431e-08
7.904588983365101740e-08
7.807683033433931996e-08
7.151072622946230695e-08
6.906985561272449559e-08
6.440654232164888526e-08
6.056262691345182247e-08
5.584485762710755807e-08
5.254603507864885614e-08
4.427201716339368431e-08
4.356727956178474415e-08
3.986686536450179119e-08
3.795911140969110420e-08
3.621847355361751397e-08
3.346506716184194374e-08
3.266390891099035798e-08
2.875873761354341696e-08
2.543644761487939832e-08
2.248741282073751790e-08
2.007737620601801609e-08
1.918034442383032001e-08
1.508244551473580941e-08
1.446961217510533970e-08
1.104345681568474902e-08
1.025425788725442544e-08
7.832722026535066107e-09
6.793596352139275041e-09
5.620839349518291783e-09
5.256408641685084149e-09
3.608603638127760860e-09
3.380193236424133829e-09
1.840995578206161554e-09
1.579288255726396528e-09
