3.836390920497906049e-03 1.678200008520361677e-02
6.842681996783298894e-03 6.842681996783298894e-03
7.060286866304318031e-03 1.221129506719152366e-02
6.178215821830441296e-03 1.608743215474811583e-02
4.732153044311652665e-03 1.654565376370601554e-02
6.525423114768579003e-03 1.436267935004569875e-02
8.013177412657338655e-03 1.617685270331226458e-02
6.761626866937590907e-03 1.691040692023036696e-02
6.924829980901669318e-03 1.913831170079762986e-02
3.939874274819840823e-03 1.750670277428926710e-02
4.982455734742312348e-03 1.886138113328616334e-02
2.690395783871006238e-03 1.944715446087943306e-02
4.838506841428576351e-03 1.632927123521775090e-02
1.681497364919378899e-04 1.966240867297966086e-02
5.559122856473203665e-03 2.013554231541484635e-02
2.377996378563606303e-04 1.972669932779979457e-02
3.498969358402475010e-03 1.283276758583270713e-02
4.413730400116245081e-03 1.021340087893281984e-02
4.608039143237980043e-03 2.003400063475765241e-02
6.120742797574350511e-03 1.608252828629746015e-02
2.989095098321458820e-03 2.234892780754113226e-02
5.909213343978244291e-03 5.909213343978244291e-03
0.000000000000000000e+00 1.536489520675160189e-02
2.912438868833548775e-03 2.061499623299938022e-02
3.458329543611530794e-03 2.041955984033800783e-02
3.531144466330695363e-03 1.847557027888838826e-02
5.453860948373011677e-03 1.468638531210962779e-02
4.368658303250323380e-03 1.041523276132308266e-02
2.230758338163556405e-03 1.634847846852760175e-02
5.171800445943704541e-03 1.602680307141896021e-02
3.808508012545604692e-03 1.824088817244732055e-02
0.000000000000000000e+00 1.746492836817278155e-02
1.931893390553597340e-03 1.944460550977263752e-02
0.000000000000000000e+00 1.949961671010448302e-02
4.586513317154683120e-03 1.356667246093347205e-02
5.362368651846623722e-03 1.022117513816051156e-02
1.902397102850885043e-03 2.188878559079911190e-02
5.212641831250073611e-03 1.256861714129472833e-02
1.841988074303679227e-03 2.057661381647882606e-02
5.258545287139529054e-03 1.497615825976729258e-02
4.220524889851276669e-03 1.100008820867685866e-02
7.986669971802211679e-03 1.365885959802026761e-02
6.309537392415536308e-03 2.202398499131275056e-02
5.427877661237869369e-03 2.036531192917311744e-02
5.370271926071742974e-03 1.462539736246098489e-02
4.326385215175364805e-03 2.171939181574773087e-02
5.654933387838490498e-03 1.943566651646189136e-02
2.773196497904144905e-03 2.075676439815665048e-02
4.407319749819122411e-03 1.024290184410630786e-02
3.703113815820335396e-03 1.243557799990672834e-02
7.273326521874190660e-03 7.273326521874190660e-03
4.913886561113427545e-03 4.913886561113427545e-03
2.922130871890761192e-03 1.362205406173677864e-02
6.908478529555993689e-03 1.704696047765644901e-02
3.845448819116847709e-03 2.030660626706810509e-02
6.803314233911177296e-03 1.674410542008069464e-02
1.664597464994524521e-03 1.937895260278858084e-02
4.142767271590457913e-03 2.355110068155539735e-02
2.516634814516604136e-03 2.117303630797750733e-02
1.366054916989919987e-03 2.292153859366390795e-02
4.782670395374041816e-03 1.688445419224571600e-02
6.433787749351009035e-03 1.586777272780890563e-02
1.723022071141967152e-03 2.065179419811246503e-02
5.261233018103234765e-03 1.851649692373107114e-02
1.681497364919378899e-04 1.966240867297966086e-02
4.326385215175364805e-03 1.421449563204741848e-02
6.725989459677515596e-04 2.008631384318708066e-02
4.118810547886960285e-03 1.464153784749069008e-02
4.227218827269146016e-03 1.097589559221029756e-02
5.103005144579592957e-03 1.969375032634879813e-02
6.628598257030429361e-03 1.740634009536742507e-02
2.912438868833548992e-04 1.563572965995490768e-02
5.100234031073817495e-03 1.881257600241296318e-02
1.834297067542405620e-03 1.419232206391045532e-02
3.637634981264641857e-03 1.803378013506025043e-02
0.000000000000000000e+00 1.828312262845219541e-02
2.377996378563606303e-04 1.961920319801137638e-02
5.317361552716549011e-04 1.875763447237736858e-02
7.133989135690819994e-04 1.389754613606515067e-02
4.913886561113427545e-03 1.588376013818474514e-02
2.588632289473927466e-03 1.857329988135135099e-02
6.039361779871901467e-03 1.144758238757775763e-02
4.345946966241285604e-03 1.829993470451487039e-02
2.140196740707246432e-03 1.935208414049353898e-02
3.212496204984913173e-03 2.064749322576568333e-02
0.000000000000000000e+00 1.949961671010448302e-02
0.000000000000000000e+00 1.332600106675778731e-02
5.515721462996800092e-03 2.221002461640674691e-02
3.637634981264641857e-03 1.887966366079675204e-02
4.118810547886961044e-04 1.977171376400837025e-02
8.407486824596892326e-04 2.009778988104568911e-02
5.163593404889328838e-03 1.555646717328556389e-02
5.038883986193044839e-03 1.943502913998865211e-02
3.251861139714185955e-03 2.063285184482777437e-02
4.533810839948884848e-03 9.603051813999114242e-03
4.467849563370453018e-03 1.387966298361315021e-02
