4.621093387248556006e-01
7.497747194068311860e-02
3.493094842065205125e-02
2.969888991125105293e-02
1.679969355528197761e-02
9.751514987098986939e-03
4.141193898211268862e-03
2.927359255081027085e-03
2.255506732147063466e-03
2.044537080913696667e-03
1.950304740673265485e-03
1.715284914412305503e-03
1.391779017651124375e-03
1.212834957610126269e-03
1.109470469225156547e-03
9.625516585423895318e-04
7.944577469225548800e-04
7.633422319540178122e-04
6.507311454798706506e-04
5.218968257621275052e-04
4.861446885139144333e-04
4.475290094118212613e-04
4.396658420620598367e-04
4.224916100280070490e-04
3.465536459926214156e-04
3.100576308846760194e-04
2.904269151797600327e-04
2.832459528715446377e-04
2.691274034996986872e-04
2.484405302386002057e-04
2.394608464991229821e-04
2.191541746910625013e-04
1.961869150044833095e-04
1.838563954802687958e-04
1.802679892106990179e-04
1.607708696372827793e-04
1.561534682167347731e-04
1.401930439380850947e-04
1.383133557827159396e-04
1.289421106595843602e-04
1.259321318680753918e-04
1.189584910376350138e-04
1.103966659800139797e-04
1.060866624744340344e-04
1.042652003892121737e-04
1.030633231333133053e-04
9.440571721985079935e-05
9.320238297968367160e-05
8.750925903233296914e-05
8.091035197740923735e-05
8.070956410920554426e-05
7.822567242127262464e-05
7.470048943630471687e-05
6.992586720812889428e-05
6.830320817815804791e-05
6.594527305575429690e-05
6.490553578083053899e-05
6.045586657489559850e-05
5.859044301908140760e-05
5.678654648836735743e-05
5.581061617921185744e-05
5.317895110707981764e-05
5.202449749602282747e-05
4.725838815002565761e-05
4.623537193437656754e-05
4.509547757546943341e-05
4.407622909114244860e-05
4.318045999571421142e-05
4.116211901012472929e-05
4.021847917759166919e-05
3.931835112290870104e-05
3.913999481802693916e-05
3.753842993335301673e-05
3.700745192056462986e-05
3.489869619827184685e-05
3.455141818223057186e-05
3.318930998400382163e-05
3.198145688614532884e-05
3.172733822163951404e-05
3.001756901719418327e-05
2.908979601475054645e-05
2.867364355483945245e-05
2.795014997596961977e-05
2.724588802268666617e-05
2.586683983531945849e-05
2.475376746390587070e-05
2.408205805130350099e-05
2.389952925332476574e-05
2.308199603078769536e-05
2.256755262976114184e-05
2.132446740039859850e-05
2.072551791774105188e-05
1.994295482946178356e-05
1.928067713152789301e-05
1.857560949630636526e-05
1.847403619695107239e-05
1.831245444108281083e-05
1.763837923566839426e-05
1.685085987635875533e-05
1.617773878388504175e-05
1.595433495135664250e-05
1.547201211486542283e-05
1.486239362029798655e-05
1.439275936401566678e-05
1.406082988677328550e-05
1.369163748151653534e-05
1.300907308275552720e-05
1.281146591681728822e-05
1.243843640164111374e-05
1.198689732254406682e-05
1.175706860508552999e-05
1.161423142585691663e-05
1.127011389789655707e-05
1.124328333708448604e-05
1.113342768372021913e-05
1.069905442676379273e-05
1.040221966158202786e-05
1.002004488413533423e-05
9.815334520220174075e-06
9.628324186276120947e-06
9.340623954763970622e-06
8.957894210780753668e-06
8.574149715373807309e-06
8.467282177889473802e-06
8.133427180339361891e-06
7.998104961797042990e-06
7.840358024529942479e-06
7.564463022960989443e-06
7.427056288928727842e-06
7.305556886676969562e-06
7.068324505255483775e-06
6.983114928477785076e-06
6.839992477639848131e-06
6.793977162262357062e-06
6.461823227572769808e-06
6.318231987474513799e-06
6.206253019871298029e-06
5.977056888712320207e-06
5.849507225997031384e-06
5.759297900779888295e-06
5.621231636337542261e-06
5.551484115770387685e-06
5.545500916890543369e-06
5.311553032589096148e-06
5.210853954006881290e-06
5.014999386543700652e-06
4.946700375093670609e-06
4.848007132595454882e-06
4.764381763026372887e-06
4.685181108992378850e-06
4.537689644184337983e-06
4.411416832978975151e-06
4.288521627843252952e-06
4.135177100239840095e-06
4.022353047119857972e-06
3.954048202823514981e-06
3.909800977514502080e-06
3.832771794708875869e-06
3.719328101089689235e-06
3.619490103966260905e-06
3.555895780635678808e-06
3.489934645854450870e-06
3.375400841911389124e-06
3.316802047908142631e-06
3.213636707292377868e-06
3.175346410708141476e-06
3.047766916990719927e-06
2.971279474265911289e-06
2.925374462105201369e-06
2.892403477260296030e-06
2.809272065013465424e-06
2.755661946774591684e-06
2.706975272335497216e-06
2.644101384403450856e-06
2.502240631117579242e-06
2.484834800708446437e-06
2.398183262192961542e-06
2.350323925515253995e-06
2.312279315149978519e-06
2.248713141899012271e-06
2.216233762581843371e-06
2.104603064788331694e-06
2.098840043154640068e-06
2.051483931622766168e-06
2.039616355402548234e-06
2.006340301599395385e-06
1.960127061180202338e-06
1.930038807630610950e-06
1.905395076155998621e-06
1.869228579971897300e-06
1.762285751993451200e-06
1.729354531942965393e-06
1.666488269083687447e-06
1.617807616820790053e-06
1.591727078521407345e-06
1.553103347187610355e-06
1.540633098075017169e-06
1.515948805963987735e-06
1.508239245289955444e-06
1.402105859417674977e-06
1.378858221644363591e-06
1.357308968272787633e-06
1.321867034711598789e-06
1.298441696985060761e-06
1.210300036487823430e-06
1.192985658098828326e-06
1.171875058185414349e-06
1.147592645615191275e-06
1.119180689502182705e-06
1.083764046973422675e-06
1.044633258930351413e-06
1.019676470665462054e-06
9.791931515418390526e-07
9.411425093538667720e-07
9.202156774865024846e-07
9.004438538213954129e-07
8.775872823618175342e-07
8.527413201564013202e-07
8.294853136317905890e-07
8.184618066369886003e-07
7.621525843541453573e-07
7.464573298654654173e-07
7.376285899476308004e-07
6.929539255467988550e-07
6.767155738898889720e-07
6.678508807286848726e-07
6.531195897854593223e-07
6.349430101374050559e-07
6.125859892272952200e-07
5.840441777431859589e-07
5.447358853662370299e-07
5.403287893114395848e-07
5.171450073973481204e-07
5.033731675145865848e-07
4.829921134086173239e-07
4.688867927949808883e-07
4.557160397143654441e-07
4.434663514575093729e-07
4.251697695584673483e-07
4.009615255284056602e-07
3.888546496060462182e-07
3.776544733722644389e-07
3.618858272703439818e-07
3.570977354589783855e-07
3.382745250199227186e-07
3.063441018132084095e-07
2.961078213040513234e-07
2.849621427763318680e-07
2.793927823597361062e-07
2.703289226541779114e-07
2.605811853208200073e-07
2.333246295307948481e-07
2.302846502439561839e-07
2.104194136547957120e-07
2.047205641177289279e-07
1.989611450442481547e-07
1.929458067949272361e-07
1.846941954250384780e-07
1.692831277851206939e-07
1.470586799816120503e-07
1.406856182624477429e-07
1.355206128793293425e-07
1.260042994217347603e-07
1.138208554261900809e-07
1.064497690513637200e-07
1.055395464140776794e-07
9.818497024786182416e-08
8.983105144368619940e-08
8.437005791525748275e-08
7.423223280933654707e-08
7.065438147270621559e-08
6.592320820882190535e-08
6.025628013384145307e-08
5.093870242677184758e-08
4.845212259664592032e-08
3.978174175090941035e-08
3.521622563990950738e-08
2.931773425852815638e-08
2.273989474876501852e-08
3.097022190165861457e-09
2.487594794003443453e-09
1.680326491637391413e-09
6.393837761307338555e-10
4.757245735121369949e-10
4.034853302374097794e-10
