1.090762853622436523e+00
1.751075685024261475e-01
7.741359621286392212e-02
4.980158060789108276e-02
2.154544927179813385e-02
1.088163629174232483e-02
4.192955791950225830e-03
3.207653062418103218e-03
3.060106653720140457e-03
2.192603191360831261e-03
1.936620683409273624e-03
1.589197432622313499e-03
1.438054372556507587e-03
1.170080737210810184e-03
1.064846524968743324e-03
7.970134611241519451e-04
7.504958193749189377e-04
7.238288526423275471e-04
5.813997704535722733e-04
5.569158238358795643e-04
4.849102697335183620e-04
4.595846694428473711e-04
4.265631723683327436e-04
3.368110628798604012e-04
3.212809097021818161e-04
3.176005266141146421e-04
2.945579471997916698e-04
2.805577532853931189e-04
2.431183238513767719e-04
2.399037330178543925e-04
2.187775098718702793e-04
2.102913422277197242e-04
1.935468317242339253e-04
1.792668044799938798e-04
1.653194776736199856e-04
1.587906444910913706e-04
1.525975530967116356e-04
1.366069191135466099e-04
1.234032388310879469e-04
1.178679303848184645e-04
1.115944687626324594e-04
1.052117295330390334e-04
1.015179441310465336e-04
1.006961465463973582e-04
8.985908789327368140e-05
8.803345554042607546e-05
8.500318654114380479e-05
8.019390952540561557e-05
7.679203554289415479e-05
7.012845890130847692e-05
6.891357043059542775e-05
6.633545854128897190e-05
6.265455886023119092e-05
6.083396147005259991e-05
5.660557508235797286e-05
5.493672506418079138e-05
5.106905518914572895e-05
4.756506314151920378e-05
4.545917181530967355e-05
4.476118192542344332e-05
4.296424594940617681e-05
4.057522528455592692e-05
3.889361687470227480e-05
3.726673094206489623e-05
3.544227365637198091e-05
3.313361230539157987e-05
3.277241557952947915e-05
3.197156183887273073e-05
3.006003498740028590e-05
2.937293902505189180e-05
2.856212995538953692e-05
2.773011146928183734e-05
2.675397990969941020e-05
2.599516301415860653e-05
2.501069684512913227e-05
2.369974572502542287e-05
2.332322765141725540e-05
2.253623642900492996e-05
2.164426041417755187e-05
2.095057607220951468e-05
1.984549271583091468e-05
1.884983794298022985e-05
1.804529347282368690e-05
1.767248249961994588e-05
1.683565642451867461e-05
1.662976137595251203e-05
1.607065314601641148e-05
1.537909338367171586e-05
1.462115960748633370e-05
1.416825125488685444e-05
1.340799644822254777e-05
1.282487482967553660e-05
1.271827204618602991e-05
1.217777571582701057e-05
1.182396681542741135e-05
1.141809480031952262e-05
1.099270230042748153e-05
1.047486512106843293e-05
1.015970246953656897e-05
9.858102202997542918e-06
9.573524039296898991e-06
9.149179277301300317e-06
8.899598469724878669e-06
8.740684279473498464e-06
8.568516022933181375e-06
8.227994840126484632e-06
8.164308383129537106e-06
7.626855222042649984e-06
7.473239293176447973e-06
7.156211268011247739e-06
7.048757197480881587e-06
6.752116405550623313e-06
6.626789854635717347e-06
6.390188445948297158e-06
6.013413894834229723e-06
5.882274308532942086e-06
5.810021775687346235e-06
5.540116035263054073e-06
5.449143827718216926e-06
5.396539563662372530e-06
5.203849468671251088e-06
4.975274350726976991e-06
4.935341621603583917e-06
4.858477495872648433e-06
4.629220256902044639e-06
4.512236046139150858e-06
4.399833869683789089e-06
4.314523266657488421e-06
4.067516329087084159e-06
4.043882654514163733e-06
3.896725502272602171e-06
3.805236701737158000e-06
3.752443944904371165e-06
3.569257842173101380e-06
3.545352456058026291e-06
3.420143912080675364e-06
3.336902182127232663e-06
3.293058853159891441e-06
3.218441179342335090e-06
3.051946578125352971e-06
2.989538643305422738e-06
2.835745362972375005e-06
2.824583589244866744e-06
2.754742126853670925e-06
2.705570977923343889e-06
2.607630449347198009e-06
2.569711796240881085e-06
2.536855618018307723e-06
2.477748012097436003e-06
2.402850213911733590e-06
2.303030896655400284e-06
2.275746965096914209e-06
2.201188635808648542e-06
2.106532974721631035e-06
2.050320972557528876e-06
2.009677928072051145e-06
1.970913899640436284e-06
1.911341314553283155e-06
1.896872504403290804e-06
1.834651129684061743e-06
1.802572114684153348e-06
1.770513222254521679e-06
1.720121758808090817e-06
1.652531182116945274e-06
1.640017444515251555e-06
1.613518293197557796e-06
1.587732640473404899e-06
1.549606508888246026e-06
1.497554421803215519e-06
1.444886038370896131e-06
1.411575567544787191e-06
1.399238044541561976e-06
1.361822569379000925e-06
1.282023163184931036e-06
1.251226422027684748e-06
1.243568590325594414e-06
1.196972789330175146e-06
1.181037646347249392e-06
1.169076767837395892e-06
1.136023456638213247e-06
1.119524995374376886e-06
1.081645677913911641e-06
1.071625888471317012e-06
1.055225538948434405e-06
1.021881189444684424e-06
1.001965188152098563e-06
9.786201644601533189e-07
9.637809625928639434e-07
9.212128588842460886e-07
9.025316671795735601e-07
8.794148698143544607e-07
8.594156497565563768e-07
8.536531481695419643e-07
8.186349873540166300e-07
7.936098995742213447e-07
7.838487476874433924e-07
7.381514706139569171e-07
7.296674766621435992e-07
7.091938414305332117e-07
6.943445214346866123e-07
6.914718824191368185e-07
6.773445875296602026e-07
6.513404855468252208e-07
6.209238563315011561e-07
6.131323289082502015e-07
6.049117473594378680e-07
5.775825115961197298e-07
5.534648721550183836e-07
5.359313490771455690e-07
5.288366651257092599e-07
5.146615649209707044e-07
5.087740646558813751e-07
4.881038080384314526e-07
4.776840114573133178e-07
4.753584050831705099e-07
4.555786290438845754e-07
4.472307466585334623e-07
4.235514836636866676e-07
4.076225081917073112e-07
4.040847443320672028e-07
3.937473138648783788e-07
3.773718617594568059e-07
3.595395128286327235e-07
3.505776646761660231e-07
3.455386945461214054e-07
3.314036405299702892e-07
3.278164513176307082e-07
3.190544077824597480e-07
3.104214840732311131e-07
2.987216589644958731e-07
2.913373577939637471e-07
2.787838013773580315e-07
2.692599423426145222e-07
2.516361803373001749e-07
2.435520514154632110e-07
2.337819324793599662e-07
2.291554892508429475e-07
2.182554794671887066e-07
2.124048137375211809e-07
2.008539325970559730e-07
1.979985171374210040e-07
1.889257248421927216e-07
1.853005358043446904e-07
1.714989110723763588e-07
1.682422805515670916e-07
1.525720847439515637e-07
1.474141981816501357e-07
1.411834773534792475e-07
1.386467545216873987e-07
1.336148613972909516e-07
1.288570103952224599e-07
1.205030457640532404e-07
1.166335579227961716e-07
1.101180799878420657e-07
1.072225330744913663e-07
1.041685209202114493e-07
9.885978613510815194e-08
9.322307903403270757e-08
8.598183143249116256e-08
8.412522589651416638e-08
7.778066191121979500e-08
7.188819495240750257e-08
6.898152093981479993e-08
6.378802197559707565e-08
5.963951110743437312e-08
5.668870528552361066e-08
5.335468244993535336e-08
4.826203792163141770e-08
4.313874413242047012e-08
3.975655005206135684e-08
3.593387276623616344e-08
3.494615086196972698e-08
3.078946875234578329e-08
2.968752887966275011e-08
2.689856870574658387e-08
2.410487454085341597e-08
2.084299488558372104e-08
1.720705178342996078e-08
1.433903396019786669e-08
1.168861007982968658e-08
9.443853699053761375e-09
8.123857142550150456e-09
5.973977312834222175e-09
4.670790421101855827e-09
3.560912675837357710e-09
