3.858274296333448310e-03 1.721968984533255725e-02
5.934280314445450691e-03 1.214280719926156757e-02
6.688894223663908491e-03 1.470537114113143820e-02
3.971289550789850603e-03 2.021017391105456654e-02
4.737736320137283207e-03 1.653469008699516574e-02
4.566341315340518257e-03 1.946547377833251005e-02
7.892834715290161784e-03 1.688113280215298301e-02
6.338375266057669211e-03 1.623809950515763684e-02
6.428731899509405358e-03 2.050421326384668091e-02
3.201033989033616554e-03 1.813567072266810201e-02
5.287901520727162144e-03 1.830500014066226838e-02
2.294489261009032346e-03 1.948086765666510317e-02
4.777613106965498957e-03 1.645513026477565116e-02
5.343353100287754785e-04 1.997978141096312318e-02
5.184768359204147518e-03 2.074725290346873460e-02
7.920191737028142113e-04 2.017242022153907174e-02
3.463027391774572885e-03 1.289535131115128637e-02
4.245273037146377916e-03 1.090968440950637955e-02
4.549281720429400669e-03 2.010357509407790719e-02
6.027646227074541681e-03 1.640039824616329467e-02
3.688041629025241158e-03 2.213577125117681746e-02
5.724257640620913044e-03 5.724257640620913044e-03
2.806489121588497419e-04 1.562659349933717343e-02
3.429059234197549735e-03 2.043414480682061163e-02
1.687539898380502421e-03 2.052936003881779270e-02
2.996228254150817664e-03 1.878025302274282521e-02
3.567470135418731453e-03 1.809277534023123746e-02
4.190708413182436635e-03 1.110559108541880197e-02
2.574778255575573081e-03 1.625302552406721404e-02
4.956767889836006906e-03 1.652933101075728869e-02
4.074396845217655508e-03 1.795986878281991689e-02
1.219740617735250946e-03 1.836705943379744743e-02
2.277482502832771892e-03 1.948056749778638574e-02
1.150038484578984723e-03 2.028858537520028885e-02
4.491833106696540255e-03 1.381891395417969917e-02
5.836515866628382357e-03 5.836515866628382357e-03
2.207441664297606163e-03 2.196072483724443095e-02
5.107463478396719395e-03 1.298977439027614554e-02
2.296398487281615074e-03 2.065643412664036269e-02
4.986908446408633115e-03 1.571052876507526147e-02
4.069084654007537952e-03 1.150134828603917997e-02
7.928576575939448590e-03 1.417400937658857413e-02
5.999199913220932233e-03 2.258741873638408365e-02
5.451786842594114404e-03 2.032474469279546905e-02
5.119075637794582613e-03 1.537220369803583148e-02
4.513622551294947313e-03 2.155141820804573616e-02
5.507000138202623567e-03 1.972352413243393804e-02
2.750469191529031528e-03 2.075980901322149741e-02
4.204113325443267594e-03 1.105860815331645430e-02
3.807876920918543216e-03 1.220083093955315855e-02
7.226135883987144619e-03 7.226135883987144619e-03
4.853326907459795496e-03 6.733468513821472615e-03
3.059539788663607953e-03 1.347179417746224850e-02
6.805807355927524956e-03 1.744502960419582957e-02
3.890404982415012272e-03 2.027332243081052948e-02
6.490666952219866295e-03 1.787181900531715356e-02
1.217907972631662771e-03 1.919879788770214452e-02
4.268056359791264597e-03 2.347474644434115881e-02
2.368286218393685777e-03 2.116764645922920504e-02
1.520226135439100429e-03 2.299930637502861988e-02
4.454064028336537744e-03 1.744947750825703511e-02
6.521088724974644958e-03 1.550124786875342955e-02
1.537600395498440282e-03 2.058401103512265407e-02
5.093271894733178082e-03 1.867172192685499429e-02
6.012617009416048501e-04 2.003226260520857976e-02
4.162139068598185755e-03 1.455812822196144232e-02
9.361275043220653683e-04 2.026899522383922986e-02
4.659689819960217624e-03 1.615109055175283775e-02
4.105195971839949512e-03 1.138924801427404487e-02
4.900201837633851899e-03 1.999589263523892865e-02
6.401405478145341665e-03 1.815017905808143095e-02
1.243023541074943965e-03 1.623179046508825898e-02
5.358412643449914775e-03 1.832284198435054495e-02
1.533116230308803011e-03 1.419071296341163461e-02
3.841145096166617874e-03 1.784124553900995336e-02
4.465634074483928692e-04 1.868934438406918974e-02
9.749350143068781808e-04 2.018517626729019951e-02
9.444717887014623253e-04 1.904644252858522790e-02
9.308420713651338304e-04 1.401441727295237374e-02
5.025933460275341935e-03 1.561407557252648612e-02
2.829815690490692249e-03 1.850952547954356694e-02
5.870810250939270843e-03 1.251025266507133776e-02
4.110530280234963099e-03 1.858201452400000744e-02
2.090811986177537780e-03 1.934749154250247141e-02
3.204609306825582492e-03 2.065032765132864684e-02
9.527429952288394644e-04 2.027961218459310017e-02
7.421482493594946245e-04 1.391456396760883465e-02
5.521869398915651810e-03 2.220114842765016222e-02
4.360657951028570553e-03 1.812978854865028230e-02
1.309205252922322326e-03 2.037204039479513853e-02
1.506099834022317681e-03 2.046119941235754677e-02
5.167014589525508426e-03 1.554731683551649826e-02
5.384993670348669180e-03 1.882339973612346534e-02
2.429516400700075171e-03 2.077674610637161162e-02
3.676946862888187065e-03 1.249073474169183108e-02
2.636950308912938083e-03 1.816462617284165387e-02
5.003888673437451376e-03 1.595880178740714112e-02
3.832892007597981775e-03 2.018843283584514231e-02
5.373429980991013995e-03 1.617827593716604506e-02
7.582975195558143075e-03 1.311154177270875722e-02
