5.667789509328399866e+00
2.358074272777618496e+00
1.882723586853794373e+00
1.393185076580731430e+00
1.078076618328572822e+00
1.016889088844440847e+00
7.708345782872463303e-01
7.268718871540358339e-01
6.060249675625672960e-01
4.801646702765609009e-01
3.578809247137053062e-01
2.898038954593225025e-01
2.201049517281921941e-01
1.917640439714878575e-01
1.585868050900211546e-01
1.511146864717113625e-01
1.221924683547548629e-01
1.154542882946904964e-01
9.996937877423356378e-02
8.494621196150795028e-02
7.789666602618047775e-02
6.931516256187930658e-02
6.135994892939769518e-02
5.750595969876328567e-02
5.083587599298328846e-02
4.789257360927672708e-02
4.533804459973776041e-02
3.966617314468911387e-02
3.939666157359268672e-02
3.477868866872090015e-02
3.119440197757693614e-02
2.988560860768415747e-02
2.778853099992282735e-02
2.686450592180504235e-02
2.322923560409330054e-02
2.280895642738285309e-02
2.174277644798028319e-02
2.105293035562312912e-02
1.939794004092977239e-02
1.844686966770678685e-02
1.699636326849696469e-02
1.496524644902651538e-02
1.377741662098710788e-02
1.314767260769329066e-02
1.276523171599277737e-02
1.172799949967673859e-02
1.139519245646726693e-02
1.079599230103028482e-02
1.047873505281685623e-02
9.727477479280478151e-03
9.469657886587014989e-03
8.091681616652511913e-03
7.871834463966401185e-03
7.374707671959840512e-03
7.326853009499050343e-03
7.142872717682984852e-03
6.319504718636050067e-03
6.118849192029366356e-03
5.810685000551711783e-03
5.661703148445987842e-03
5.412239314712270245e-03
5.328522911053835270e-03
4.995885785455931455e-03
4.729144706157401880e-03
4.443884795254672386e-03
4.203503753721224249e-03
3.949466143273326797e-03
3.826263762686675420e-03
3.753410173021718473e-03
3.409362257428075367e-03
3.337491606436599444e-03
3.228015544916145504e-03
3.046437048915658346e-03
2.786205396041226655e-03
2.713620695269948740e-03
2.503116559135535289e-03
2.383867711712977632e-03
2.183437062366270446e-03
2.144973364354445591e-03
2.045567093787583474e-03
1.930021177115870228e-03
1.865848503509039613e-03
1.662974852474434365e-03
1.655239986147822228e-03
1.535188152252028090e-03
1.498282900382792715e-03
1.470555883632989605e-03
1.324117141141195391e-03
1.253628086843753663e-03
1.212208409546976836e-03
1.167270618431747852e-03
1.117765975404630494e-03
1.036482141620528050e-03
9.852084463807483407e-04
9.674834630402714833e-04
9.343478509890709629e-04
8.076248006881899628e-04
7.931384638762673488e-04
7.378759316403945287e-04
6.996331421846342527e-04
6.704956507624093565e-04
6.582713130262530165e-04
5.889211586981624212e-04
5.693346907241435793e-04
5.375586778781808262e-04
4.984671362941034412e-04
4.738606070910524439e-04
4.531169550337169213e-04
4.324855641838709305e-04
4.253189446869182059e-04
3.915095463271587597e-04
3.658698727334103911e-04
3.603409025122782453e-04
3.329419358525311672e-04
3.022397901850156637e-04
2.901023508087452072e-04
2.625236473956949076e-04
2.452246148754919346e-04
2.395466957020826802e-04
2.186094413890341079e-04
2.013270750113816060e-04
1.910945574287740620e-04
1.796831082982629972e-04
1.656045773927518783e-04
1.518014989341418778e-04
1.456031431563233113e-04
1.416479286039457801e-04
1.305870177185440952e-04
1.164909079672507737e-04
1.145185020335038294e-04
1.078490432527767572e-04
9.856518938825678858e-05
9.703673801150413324e-05
9.073426509453040893e-05
8.371266467308035621e-05
8.242526636922211443e-05
7.595226078801410228e-05
6.903185805164134634e-05
6.201949636304760513e-05
5.755354162510976208e-05
5.476078171589160036e-05
5.122856247879041715e-05
4.601249212828921660e-05
4.581552108598618996e-05
4.115502653107203893e-05
3.959076365854516453e-05
3.635358943848322083e-05
3.196224637570658952e-05
3.059749178398935742e-05
2.681183517766475962e-05
2.646810972826463642e-05
2.451469839475606160e-05
2.130529359023281696e-05
2.099905020147938033e-05
1.784358709310135958e-05
1.628819777601470592e-05
1.469111068614985861e-05
1.394992184208637055e-05
1.179269242313608931e-05
1.060591925795175782e-05
8.943829324914526961e-06
7.956622787945663103e-06
7.823490150729494195e-06
6.059107855512850867e-06
5.143098644408413553e-06
4.580517967287830346e-06
2.473464059264952199e-06
5.540542933124279141e-07
5.153418688322932050e-07
4.877155069623632916e-07
4.663497158936099809e-07
4.105229974346371346e-07
3.724264551749158624e-07
3.590973228670291248e-07
3.502058347357186693e-07
3.410591610646863563e-07
3.186470718371529703e-07
3.141977383444591247e-07
3.035594158151150999e-07
2.948533674210420335e-07
2.785101630047496639e-07
2.690455710078205144e-07
2.573788233496790345e-07
2.506281061753683515e-07
2.297124587082397494e-07
2.270646921640171800e-07
2.189841324650040942e-07
2.180941095594891298e-07
2.164451571113824675e-07
2.007899397905979780e-07
1.960989451757137294e-07
1.895285519346601088e-07
1.890459930868109363e-07
1.829413717961342007e-07
1.758416759745871155e-07
1.748459877630512272e-07
1.738435148197663631e-07
1.648605683045478946e-07
1.620752291418277102e-07
1.565285093492030213e-07
1.559230406221606276e-07
1.488505058418944400e-07
1.467676298450840686e-07
1.415487892631087569e-07
1.388385989231382364e-07
1.365928276166011730e-07
1.334101120797039052e-07
1.323939144902886036e-07
1.310169081332460895e-07
1.258813640919381846e-07
1.240566541373551796e-07
1.218198143729842633e-07
1.193887464795644747e-07
1.182323492234972846e-07
1.149450708640020252e-07
1.111742193665159874e-07
1.081162722857935296e-07
1.078696419105744544e-07
1.027461556098101394e-07
1.008777866130195316e-07
9.845565139774002646e-08
9.820847777260983815e-08
9.481684692548446897e-08
9.244615038304743071e-08
8.938059508836713380e-08
8.576674060965539111e-08
8.562291878145694570e-08
8.406551552323133035e-08
8.212574408315161122e-08
7.872240061879073812e-08
7.816357355322175255e-08
7.734676248854579489e-08
7.688556723223770214e-08
7.363001433824859444e-08
7.276240088733120985e-08
6.966211910447698795e-08
6.887270225920166558e-08
6.704858657737546969e-08
6.701875080727190301e-08
6.493727231862056369e-08
6.322492116697944631e-08
6.016847360564705478e-08
5.812030245354139340e-08
5.520086439554398687e-08
5.347263468765021278e-08
5.212886164971774896e-08
5.025070702536027929e-08
4.833257708414216277e-08
4.689854638468129957e-08
4.633279787889480643e-08
4.524583397004791607e-08
4.300269057642767722e-08
4.166962533682778477e-08
3.967898894601814751e-08
3.876577312553501586e-08
3.631536688855550369e-08
3.565660692309912616e-08
3.563930138958818415e-08
3.249882623852017942e-08
3.221830689046672815e-08
3.152005582558537291e-08
3.112860269839758349e-08
2.974691658702119357e-08
2.903918384471228371e-08
2.819503804039050558e-08
2.734752110459601961e-08
2.591223506578683166e-08
2.433063042750273886e-08
2.342777954263247909e-08
2.188151814298179743e-08
2.113228255729691435e-08
2.070192501634271814e-08
1.926379658726329560e-08
1.880118996313921237e-08
1.842795782945858276e-08
1.761503936241363945e-08
1.586952565609588866e-08
1.551741808606896014e-08
1.308672219130195179e-08
1.290759799979618741e-08
1.228501154981276770e-08
1.202696620870609240e-08
1.145778517929550560e-08
1.044874037984676157e-08
9.494928854247770611e-09
7.686993857376318728e-09
7.261965118643030133e-09
5.260293130543805827e-09
4.979181110714267923e-09
4.658656234444596607e-09
4.101901703109983410e-09
3.920563614792259823e-09
3.180485713271832844e-09
2.136493755721054797e-09
2.047325754066872867e-09
1.730401960652603509e-09
3.471827639617609423e-10
