1.110990142822265625e+01
5.144808292388916016e+00
4.150828361511230469e+00
2.725092172622680664e+00
2.025017976760864258e+00
1.942531466484069824e+00
1.535070657730102539e+00
1.286195874214172363e+00
1.147668838500976562e+00
7.985239624977111816e-01
6.393353939056396484e-01
4.676212370395660400e-01
3.855260312557220459e-01
3.230385780334472656e-01
3.107554614543914795e-01
2.240565419197082520e-01
1.909694671630859375e-01
1.761182248592376709e-01
1.450702399015426636e-01
1.211617738008499146e-01
1.059847474098205566e-01
9.611281752586364746e-02
8.403572440147399902e-02
8.115965127944946289e-02
6.552569568157196045e-02
5.496680364012718201e-02
5.173357203602790833e-02
4.588668793439865112e-02
4.234992712736129761e-02
3.985844925045967102e-02
3.438597917556762695e-02
2.915468625724315643e-02
2.817722596228122711e-02
2.609631419181823730e-02
2.390351332724094391e-02
2.224101498723030090e-02
2.152577415108680725e-02
1.947258785367012024e-02
1.711841672658920288e-02
1.544319372624158859e-02
1.507852505892515182e-02
1.189184375107288361e-02
1.177760027348995209e-02
1.047945860773324966e-02
1.000130735337734222e-02
9.470257908105850220e-03
8.850659243762493134e-03
8.299063891172409058e-03
7.997592911124229431e-03
7.437434513121843338e-03
7.071106694638729095e-03
6.453903857618570328e-03
6.057305727154016495e-03
5.756205879151821136e-03
5.347751080989837646e-03
5.275066010653972626e-03
4.841335117816925049e-03
4.616166464984416962e-03
4.380483645945787430e-03
4.061422310769557953e-03
3.823249135166406631e-03
3.507532645016908646e-03
3.347811521962285042e-03
3.054038155823945999e-03
2.962336177006363869e-03
2.843047026544809341e-03
2.578185638412833214e-03
2.563020912930369377e-03
2.456160495057702065e-03
2.148674568161368370e-03
2.036412712186574936e-03
1.972211990505456924e-03
1.829280168749392033e-03
1.780271064490079880e-03
1.638831454329192638e-03
1.454423880204558372e-03
1.426053931936621666e-03
1.386076444759964943e-03
1.310015446506440639e-03
1.268669962882995605e-03
1.186489593237638474e-03
1.106289448216557503e-03
1.092471415176987648e-03
1.027313177473843098e-03
1.000857795588672161e-03
9.757402003742754459e-04
9.381412528455257416e-04
9.062791359610855579e-04
8.765887469053268433e-04
8.012101170606911182e-04
7.340047741308808327e-04
7.128434372134506702e-04
6.738778902217745781e-04
6.550839752890169621e-04
5.952388746663928032e-04
5.552023649215698242e-04
5.429016891866922379e-04
5.116577376611530781e-04
4.896029131487011909e-04
4.509259888436645269e-04
4.315272963140159845e-04
3.845432947855442762e-04
3.476907149888575077e-04
3.429392236284911633e-04
3.128318639937788248e-04
2.928271715063601732e-04
2.776574983727186918e-04
2.721561468206346035e-04
2.532714861445128918e-04
2.460884861648082733e-04
2.341173094464465976e-04
2.238020242657512426e-04
2.025267895078286529e-04
1.909904240164905787e-04
1.799846068024635315e-04
1.750209194142371416e-04
1.643669529585167766e-04
1.520023215562105179e-04
1.453195291105657816e-04
1.431306591257452965e-04
1.217578756040893495e-04
1.171826952486298978e-04
1.128143703681416810e-04
1.000882039079442620e-04
9.704389958642423153e-05
8.744521619519218802e-05
8.473906927974894643e-05
7.914603338576853275e-05
7.470922719221562147e-05
7.179785461630672216e-05
6.357734673656523228e-05
5.921673800912685692e-05
5.592883462668396533e-05
5.054411303717643023e-05
4.632576019503176212e-05
4.399182944325730205e-05
4.200513649266213179e-05
4.047172114951536059e-05
3.881049269693903625e-05
3.470900628599338233e-05
3.239826764911413193e-05
2.963775114039890468e-05
2.694968316063750535e-05
2.569925527495797724e-05
2.297300670761615038e-05
2.141048753401264548e-05
1.952673483174294233e-05
1.891082138172350824e-05
1.823369711928535253e-05
1.455049914511619136e-05
1.357430573989404365e-05
1.275267277378588915e-05
1.156789130618562922e-05
1.060714112099958584e-05
1.036937464959919453e-05
9.318418960901908576e-06
7.775249287078622729e-06
7.732935046078637242e-06
7.313413789233891293e-06
5.665112894348567352e-06
4.781745701620820910e-06
4.361847004474839196e-06
3.699727130879182369e-06
3.126751835225149989e-06
2.951010628748917952e-06
2.787616040222928859e-06
1.341012421107734554e-06
2.690267706384474877e-07
2.268134124960852205e-07
-2.120186763931997120e-07
2.073330875873580226e-07
-2.007524386726800003e-07
-1.841134604774197214e-07
1.733722427843531477e-07
-1.685423427488785819e-07
1.634149953133601230e-07
-1.624277956580044702e-07
-1.533614408799621742e-07
1.511826752675915486e-07
1.416930928144211066e-07
-1.403212763761985116e-07
1.353355258970623254e-07
1.291099351874436252e-07
-1.267046769726221100e-07
-1.243974310227713431e-07
1.190884120205737418e-07
1.170011074691501562e-07
-1.132516587176723988e-07
1.090875869635965500e-07
-1.081187832596697262e-07
-9.992698579708303441e-08
9.977836867847145186e-08
9.795910216325864894e-08
-9.430425507161999121e-08
-9.107855447609836119e-08
9.042496884603679064e-08
-8.824716246635944117e-08
8.739344536934368080e-08
-8.571345233576721512e-08
8.449935506860128953e-08
-8.396641248964442639e-08
-8.061763878686178941e-08
7.998065143510757480e-08
-7.876855789845649269e-08
7.733756035577243892e-08
-7.605811447319865692e-08
-7.344355168470428907e-08
7.313445848922128789e-08
7.240900146143758320e-08
6.998780577305296902e-08
-6.958531884038166027e-08
-6.844440747499902500e-08
6.671254482171207201e-08
-6.304244948296400253e-08
6.244440697855679900e-08
6.075662639659640263e-08
-5.943966741028816614e-08
5.869718222584197065e-08
5.687616422278551909e-08
-5.679137160541358753e-08
-5.490466037372243591e-08
5.397603786150284577e-08
-5.330977259632163623e-08
-5.131703062488668365e-08
5.066154074029327603e-08
-4.996532254608609946e-08
4.912121909228517325e-08
-4.743461090583878104e-08
4.727347757693678432e-08
4.645788820312191092e-08
-4.427146294005979144e-08
4.418379617732171027e-08
4.283145216277262080e-08
-4.188051860865016351e-08
4.031413070038070146e-08
-3.964664685440766334e-08
-3.925729075149320124e-08
-3.821696026307108696e-08
3.768966294614983781e-08
-3.727203790049316012e-08
3.584923646826609911e-08
-3.483096477907565713e-08
-3.319689767522504553e-08
3.304293016981318942e-08
3.186984542935533682e-08
-3.066097775672460557e-08
3.024518946403986774e-08
-3.011838245470244146e-08
2.948909738620386634e-08
-2.883268734876764938e-08
2.679996136123463657e-08
-2.646218533186583954e-08
-2.632728701712494512e-08
2.620880046322326962e-08
2.422803291324271413e-08
2.216327921189531480e-08
-2.203177551507451426e-08
-2.155823608518403489e-08
2.068858684367569367e-08
-2.006416721656023583e-08
1.983269548588850739e-08
1.909040925340832473e-08
-1.833259410943810508e-08
1.746238709188219218e-08
-1.715152109227346955e-08
1.608033528555097291e-08
-1.562511187103154953e-08
-1.521008918814459321e-08
1.403501403984819262e-08
-1.390756398933490345e-08
1.341023736500801533e-08
-1.304667218704480547e-08
1.190602461065282114e-08
-1.187828946314084533e-08
1.125652904221396966e-08
-1.077315747721740991e-08
1.064224885993780845e-08
9.352191021605449350e-09
-9.068956252633597614e-09
8.449069888172289211e-09
-8.169006804337186622e-09
7.944414015526035655e-09
-7.087050057918986568e-09
6.846498035173453900e-09
6.127586438253729284e-09
-5.973879613208055162e-09
-4.787821250573642828e-09
4.499546069069992882e-09
-4.168811962301788299e-09
-3.639565981927717075e-09
3.534903481039464168e-09
2.949808397545439220e-09
1.833606821932676212e-09
-1.785249725827497969e-09
1.339736543926051127e-09
-1.258090742695117115e-09
-2.217754313527109389e-10
