2.024436071224045008e-05
1.209282982017612085e-05
7.953639396873768419e-06
6.242606559681007639e-06
3.482140527921728790e-06
2.716222525123157538e-06
2.513997287678648718e-06
2.153272134819417261e-06
1.780517891347699333e-06
1.704140117908536922e-06
1.519276224826171529e-06
1.312433823841274716e-06
1.244293798663420603e-06
1.075649151971447282e-06
1.070607140718493611e-06
1.027312009682646021e-06
9.793127446755534038e-07
9.481565825808502268e-07
9.267548080060805660e-07
9.002137630886863917e-07
8.930247759053600021e-07
8.765752568251627963e-07
8.565340863242454361e-07
8.464890015602577478e-07
8.264925668299838435e-07
8.145535161929728929e-07
7.869772957747045439e-07
7.738170211268879939e-07
7.666094461455941200e-07
7.524210445808421355e-07
7.418720429086533841e-07
7.333053417823975906e-07
7.146095981624966953e-07
7.109171633601363283e-07
7.077554755596793257e-07
6.907378633513872046e-07
6.740454523423977662e-07
6.621654051741643343e-07
6.531030294354422949e-07
6.477033593910164200e-07
6.377578074534540065e-07
6.305901933956192806e-07
6.212948733264056500e-07
6.056833967704733368e-07
6.001035330882587004e-07
5.926000881117943209e-07
5.883318863197928295e-07
5.778311447102169041e-07
5.725636924580612686e-07
5.621658374366234057e-07
5.566224103858985472e-07
5.554569497689954005e-07
5.470175210575689562e-07
5.385377335187513381e-07
5.255113251223519910e-07
5.215078999754041433e-07
5.160937348591687623e-07
5.114758323543355800e-07
4.999933480576146394e-07
4.949237677465134766e-07
4.792708523382316343e-07
4.779711275659792591e-07
4.706533331955142785e-07
4.668245026095974026e-07
4.611268025200843113e-07
4.536279618605476571e-07
4.475297430417413125e-07
4.445643071449012496e-07
4.367592794096708531e-07
4.307082974719378399e-07
4.243833586770051625e-07
4.204765673421206884e-07
4.186952082818606868e-07
4.144969523167674197e-07
4.133870277200912824e-07
4.065343262027454330e-07
4.003314302281069104e-07
3.985367698078334797e-07
3.907120742496772436e-07
3.849785912279912736e-07
3.823666361313371453e-07
3.771132526253495598e-07
3.704375899360456970e-07
3.652275211152300471e-07
3.619792892095574643e-07
3.585367380765092093e-07
3.546243760865763761e-07
3.514475395149929682e-07
3.396956174128717976e-07
3.347543042764300480e-07
3.300858395505201770e-07
3.271360355938668363e-07
3.256059812883904669e-07
3.219716688818152761e-07
3.125817613636172609e-07
3.118340146102127619e-07
3.045197161100077210e-07
2.999461230501765385e-07
2.968008061543514486e-07
2.927546347564202733e-07
2.897023989589797566e-07
2.888179722049244447e-07
2.838224020251800539e-07
2.812053594425378833e-07
2.758943082881160080e-07
2.754720469511084957e-07
2.657899642599659273e-07
2.622049919409619179e-07
2.590796555068664020e-07
2.589396785879216623e-07
2.573622452928248094e-07
2.531068332700669998e-07
2.505924214801780181e-07
2.432321366541145835e-07
2.425931597827002406e-07
2.379180159550742246e-07
2.378221068966013263e-07
2.334075190901785390e-07
2.293420777732535498e-07
2.254853654903854476e-07
2.241835943550540833e-07
2.210885554632113781e-07
2.193851997844831203e-07
2.193149981621900224e-07
2.171861410715791862e-07
2.118895281455479562e-07
2.093660640412053908e-07
2.036616706391214393e-07
2.023663512318307767e-07
2.003807679784586071e-07
1.962798847898739041e-07
1.956097861466332688e-07
1.935524664986587595e-07
1.899850445852280245e-07
1.839609211629067431e-07
1.836857563830562867e-07
1.802518028171107289e-07
1.780554015340385376e-07
1.745721931456500897e-07
1.729843006614828482e-07
1.720160724971719901e-07
1.682147541259837453e-07
1.673580527494777925e-07
1.599449745981473825e-07
1.591571674453007290e-07
1.571936820710106986e-07
1.568779026683841948e-07
1.524437891475827200e-07
1.514952003844882711e-07
1.499515889236135990e-07
1.469752390903522610e-07
1.438186671975927311e-07
1.416860584413370816e-07
1.396075219872727757e-07
1.370757871654859628e-07
1.356772827421082184e-07
1.339631694463605527e-07
1.328492658103641588e-07
1.310548753963303170e-07
1.299316636504954658e-07
1.269107343659925391e-07
1.244972054337267764e-07
1.207676092462861561e-07
1.194603385101800086e-07
1.172032639829012624e-07
1.165006011660807417e-07
1.152586364128183050e-07
1.139931242732927785e-07
1.129979381175871822e-07
1.109432048451708397e-07
1.090036576556485670e-07
1.080376108575364924e-07
1.056437568536239269e-07
1.045393247522952151e-07
1.033165659691803739e-07
1.015682329352785018e-07
9.853798843550976017e-08
9.807529721683749813e-08
9.498089070802961942e-08
9.286174673661662382e-08
9.243219523114021285e-08
9.072029172330076108e-08
8.868850898124946980e-08
8.714575017165770987e-08
8.640228799094984424e-08
8.452140320969192544e-08
8.272115792351542041e-08
8.222330905027774861e-08
8.071778268003981793e-08
7.977768490263770218e-08
7.823942382856330369e-08
7.599581408612721134e-08
7.501026999534587958e-08
7.280995362179965014e-08
7.202662288818828529e-08
6.975010080623178510e-08
6.812133790390362265e-08
6.711112376933670021e-08
6.512550498882774264e-08
6.487178438874252606e-08
6.316698630826067529e-08
6.144750130943066324e-08
6.073906178016841295e-08
5.909389244607154978e-08
5.845537742743545095e-08
5.649626544368402392e-08
5.467949293347373896e-08
5.464028163260081783e-08
5.361317789720487781e-08
5.270809921853469859e-08
5.097662025832505606e-08
5.007719039440416964e-08
4.794775065875001019e-08
4.700272526747539814e-08
4.621448113084625220e-08
4.484721571884620062e-08
4.415988996697706170e-08
4.296637712286610622e-08
4.277639931160592823e-08
3.975086215746159723e-08
3.912799328986693581e-08
3.856823482806248649e-08
3.719578600680506497e-08
3.670577441994282708e-08
3.550939453589307959e-08
3.469927634114355897e-08
3.317204289032815723e-08
3.296749540027121839e-08
3.129956027692060161e-08
3.014631033693149220e-08
2.990244496459126822e-08
2.869901294388910173e-08
2.830005918497136008e-08
2.763154860474514862e-08
2.758627992704987264e-08
2.668596010835244670e-08
2.586432046314257605e-08
2.543912280827953509e-08
2.428067702453517995e-08
2.344177119084633887e-08
2.314959601790178567e-08
2.253158193354920513e-08
2.142821031725361536e-08
2.047200275967497873e-08
2.023932488270929753e-08
1.890894019140887394e-08
1.841037367000808445e-08
1.819308259598528821e-08
1.715729780471519916e-08
1.676697358732326393e-08
1.622295009440222202e-08
1.532688997940567788e-08
1.445621222728732391e-08
1.430706308980234098e-08
1.415157324657911886e-08
1.333012189519422463e-08
1.314864661594583595e-08
1.250825665266575015e-08
1.187033493721401101e-08
1.167433705262510557e-08
1.117786219140270987e-08
1.094513102373184665e-08
1.057932674797257278e-08
1.006732297526014008e-08
9.526499589185277728e-09
8.824303066035099619e-09
8.480448343561874935e-09
8.161932463224275125e-09
7.368886834058230306e-09
6.511611250203941381e-09
6.272745434188209401e-09
6.098606508686543748e-09
5.687823989575235828e-09
5.517365675444807493e-09
5.311639572624926586e-09
5.149042525687264060e-09
4.743268888773854997e-09
4.237238560023115497e-09
4.072603587701451033e-09
3.887105748390240478e-09
3.758066746684107784e-09
3.530862047185223673e-09
3.096758849352454490e-09
2.628288253703203736e-09
2.521312270076236928e-09
2.249957997690898992e-09
1.922729753189855728e-09
1.864191023770445099e-09
1.540331973082231798e-09
1.341016186984234082e-09
1.083144351987641585e-09
9.054693106413935766e-10
8.475075641278806415e-10
6.876785252352135558e-10
4.994515356848694410e-10
4.200469971848974637e-10
3.493080269478809896e-10
