6.464445237391684529e+00
3.336772357927802801e+00
2.671365875740197904e+00
2.072646853988617810e+00
1.710426014820233931e+00
1.206260373071566194e+00
8.263095943205861493e-01
6.977836613852127501e-01
6.170217558505748379e-01
5.312803079290230324e-01
4.098789794707867751e-01
3.528454586122066750e-01
2.931131584202570917e-01
2.339582732620778538e-01
1.937414716192001618e-01
1.762185301839503671e-01
1.571227996083897904e-01
1.338664479464982404e-01
1.210026134633997857e-01
1.165658402408746158e-01
1.052577246900599228e-01
9.283750860511716385e-02
8.134050171965215292e-02
8.008207759600370623e-02
6.533748435072464500e-02
5.692166959726135955e-02
5.061178054167734391e-02
4.690749167636811684e-02
4.603563305820873586e-02
4.191913292129351154e-02
3.693930430318279751e-02
3.254552824461972443e-02
3.123543041331179951e-02
2.812965251601481573e-02
2.725485807072677846e-02
2.283551484723035305e-02
2.153377233476741828e-02
2.038933477186812004e-02
1.897115231480252934e-02
1.753718921205692921e-02
1.726307799308680543e-02
1.590154109466897572e-02
1.562318689838720041e-02
1.496495815256690572e-02
1.446706415328705489e-02
1.237414716351714974e-02
1.196872766336786256e-02
1.146919496580437771e-02
1.073490177751147343e-02
9.161005524865255267e-03
9.063912654690118448e-03
8.975954240208904381e-03
7.866899308295368515e-03
7.660530652716309417e-03
7.306167326326354523e-03
6.729841851526648967e-03
6.218743210468574527e-03
6.122329833641001855e-03
5.960746204178028057e-03
5.679724291220445039e-03
5.323352327722239916e-03
5.030903370251838501e-03
4.679729988063247199e-03
4.561064241038435829e-03
4.177587529552408835e-03
3.990749125790756316e-03
3.705595328273254396e-03
3.578581359558836647e-03
3.526887333169974499e-03
3.289327168717698542e-03
3.112283667796793968e-03
3.015863310103880212e-03
2.826188674039507246e-03
2.711950484551146900e-03
2.548209779051516070e-03
2.457277882538278033e-03
2.403160283676241456e-03
2.365728268815605728e-03
2.034626536294381182e-03
2.015604503746702605e-03
1.977316755337861064e-03
1.855377575713748877e-03
1.794222286278778075e-03
1.691020977092108938e-03
1.685311500000784366e-03
1.538511512263400754e-03
1.522388253524190960e-03
1.416297909751513227e-03
1.374017356205587325e-03
1.307039373062102335e-03
1.250457836641679504e-03
1.211663331480050849e-03
1.174391051396688227e-03
1.095357555351583008e-03
1.053497115073693223e-03
1.030178548218202038e-03
9.925546365413553083e-04
9.434304084219386150e-04
8.976441959069770150e-04
8.844805672450834670e-04
8.499214987885588598e-04
8.199232957535598429e-04
7.951569492235919688e-04
7.680836205327755796e-04
7.499368306555931210e-04
7.065765133018595597e-04
6.591944683471765700e-04
6.327129473097630862e-04
6.158625650026584896e-04
5.685062107945273221e-04
5.627274298144741135e-04
5.456515562988637153e-04
5.140432159803254731e-04
4.916083747040093975e-04
4.788421600940962852e-04
4.758343036207724700e-04
4.604016345183812903e-04
4.545932739729682164e-04
4.285009065892929022e-04
4.089387958970564516e-04
4.024752563916412194e-04
3.876414296695163673e-04
3.577456224044363916e-04
3.563749215916040968e-04
3.360215772450628256e-04
3.345207976240530037e-04
3.193226126590710751e-04
3.053027862624448259e-04
2.930085562000136557e-04
2.909906245315159435e-04
2.844994778486164850e-04
2.720619467671566804e-04
2.589320783416429808e-04
2.573138326290603790e-04
2.441492165126572865e-04
2.417123433542207802e-04
2.297196760126206112e-04
2.290636387356176460e-04
2.177118375140715660e-04
2.115663625754127274e-04
2.084420281847426605e-04
1.995122265503865202e-04
1.902478983998572980e-04
1.811401930252473603e-04
1.750356452535581928e-04
1.649733128520934687e-04
1.618161187968478578e-04
1.567146867193565548e-04
1.502837050604716466e-04
1.485430302162920918e-04
1.462400025093505383e-04
1.421345854187068970e-04
1.326290726899388055e-04
1.278027840216136839e-04
1.246033055315378540e-04
1.213340916982309997e-04
1.150857654414437085e-04
1.134391360783383178e-04
1.106377876587985002e-04
1.053248039072866155e-04
1.041720184772362254e-04
1.032412807837898106e-04
1.009412345411196611e-04
9.703120647997698280e-05
9.501956826312365633e-05
8.912206555725315311e-05
8.880101726359328424e-05
8.427153502472838509e-05
7.905810228585190855e-05
7.498650317784482581e-05
7.070991056287147193e-05
6.992135795809809615e-05
6.855568222237667811e-05
6.816969899997681449e-05
6.456610621108497584e-05
6.116741390256847483e-05
5.835148681679894677e-05
5.641730422943449678e-05
5.541440836710541200e-05
5.396107192337461878e-05
5.323885995998116951e-05
5.044297837424476817e-05
4.875123787928720593e-05
4.667605355169958566e-05
4.479092993536489491e-05
4.394603344167654084e-05
4.191234033638880589e-05
4.144919463149085139e-05
3.991225465085799725e-05
3.861130162405978096e-05
3.802616771587634804e-05
3.652643006848492978e-05
3.540847580749369644e-05
3.473128667244051619e-05
3.353296382027114229e-05
3.150960855428355036e-05
3.038429270913099736e-05
2.785260704110468011e-05
2.782728221068878432e-05
2.686457736160098150e-05
2.591055031273892519e-05
2.514299590850344553e-05
2.480436910543119155e-05
2.418630069573237399e-05
2.337035600912853035e-05
2.220112809847864561e-05
2.103405685169103086e-05
1.965226617082164458e-05
1.915571644480392678e-05
1.814198199343495006e-05
1.787066466173573481e-05
1.694269364239452426e-05
1.661134948440063476e-05
1.601044841457535277e-05
1.543037290020492274e-05
1.521451098516252033e-05
1.434965441861444326e-05
1.395066280061122644e-05
1.311514192880938197e-05
1.296681897759348105e-05
1.214673906769636404e-05
1.169958800466504185e-05
1.161330540721111118e-05
1.131214555010217582e-05
1.052369345825223913e-05
1.041965818255667734e-05
1.017741763500598416e-05
1.004551911697118690e-05
9.630155360912957937e-06
9.154405027951703026e-06
8.898435412497652535e-06
8.492931616402692117e-06
8.353480965242113384e-06
7.914672787496352277e-06
6.896656596741751057e-06
6.791965734045905738e-06
6.555297750677116695e-06
6.214891066151775581e-06
6.172824162460075036e-06
6.094860578264636614e-06
5.870177724727557483e-06
5.518039678544448725e-06
5.460486656767053073e-06
5.344996408002124528e-06
4.923426036590159356e-06
4.839581396580467514e-06
4.533925364117400473e-06
4.472514105665766818e-06
4.247097716103048480e-06
4.173212893542401985e-06
3.937244710633460316e-06
3.811194443540683040e-06
3.509644280388202757e-06
3.360733095706451050e-06
3.265673358790796363e-06
3.189042504340269551e-06
3.033978991769178979e-06
2.884483498807023493e-06
2.621077601383065722e-06
2.596245241193030252e-06
2.434620861285743308e-06
2.184212621985099027e-06
2.142354894942449179e-06
2.091502142513021329e-06
2.014058823352517473e-06
1.959828130330049392e-06
1.871558890398399149e-06
1.762072624348234982e-06
1.629826221891587496e-06
1.564418141052935597e-06
1.461183906635397470e-06
1.422732076998862804e-06
1.386393824064020037e-06
1.316958237247890193e-06
1.176249639929636899e-06
1.160148131070339011e-06
1.145845074919845307e-06
1.078519112803405887e-06
9.687833676571693025e-07
9.143656440543355513e-07
8.689402486972723841e-07
8.192088581288255335e-07
7.776897798919055400e-07
7.601142038740069180e-07
7.193522413566592323e-07
6.490807328806963075e-07
5.208263414920651567e-07
4.423596189740786142e-07
3.865766256676209904e-07
3.387652530746651545e-07
2.631127638214359248e-07
1.115850205583689423e-08
9.708829808354558724e-09
8.781621038313158492e-09
5.476301767674301912e-09
1.388227711350238767e-09
5.669406708200432796e-10
