1.506134510040283203e+01
6.420323848724365234e+00
5.891895771026611328e+00
4.286065578460693359e+00
3.205376148223876953e+00
2.695083856582641602e+00
1.710429072380065918e+00
1.302197694778442383e+00
1.074438929557800293e+00
9.735741615295410156e-01
7.973437309265136719e-01
7.107105851173400879e-01
6.407378911972045898e-01
4.490589499473571777e-01
4.056239128112792969e-01
3.259845674037933350e-01
2.827396690845489502e-01
2.483139187097549438e-01
2.210689038038253784e-01
1.761672794818878174e-01
1.544761508703231812e-01
1.320197582244873047e-01
1.088262498378753662e-01
1.041306853294372559e-01
9.387341141700744629e-02
7.538960129022598267e-02
6.814143061637878418e-02
5.980337411165237427e-02
5.183090269565582275e-02
4.546544328331947327e-02
3.879943862557411194e-02
3.840285167098045349e-02
3.326314315199851990e-02
2.935281954705715179e-02
2.789825014770030975e-02
2.217490412294864655e-02
2.180805988609790802e-02
2.045271731913089752e-02
1.809236779808998108e-02
1.638893038034439087e-02
1.444059237837791443e-02
1.363685261458158493e-02
1.325518637895584106e-02
1.173025369644165039e-02
1.041990611702203751e-02
1.024506799876689911e-02
9.600672870874404907e-03
8.611727505922317505e-03
8.350205607712268829e-03
7.477942388504743576e-03
6.797102279961109161e-03
5.957812070846557617e-03
5.516306962817907333e-03
5.495785269886255264e-03
5.352542735636234283e-03
5.045943427830934525e-03
4.809985868632793427e-03
4.556587431579828262e-03
4.140811040997505188e-03
4.051315598189830780e-03
3.624374745413661003e-03
3.464569104835391045e-03
3.295919625088572502e-03
3.114525927230715752e-03
2.702540950849652290e-03
2.571075921878218651e-03
2.525381511077284813e-03
2.371974289417266846e-03
2.301243599504232407e-03
2.140813507139682770e-03
2.101616002619266510e-03
1.994240563362836838e-03
1.929010613821446896e-03
1.881405711174011230e-03
1.794326701201498508e-03
1.695618848316371441e-03
1.558942371048033237e-03
1.502169063314795494e-03
1.412020879797637463e-03
1.338148023933172226e-03
1.297401846386492252e-03
1.242071855813264847e-03
1.173769356682896614e-03
1.066916040144860744e-03
1.063995063304901123e-03
1.002994598820805550e-03
9.366132435388863087e-04
9.114280110225081444e-04
8.550447528250515461e-04
8.515407680533826351e-04
8.161838632076978683e-04
7.719153654761612415e-04
7.296208641491830349e-04
7.045168895274400711e-04
6.852334481664001942e-04
6.561113405041396618e-04
6.418648990802466869e-04
6.160927005112171173e-04
5.770450225099921227e-04
5.679351743310689926e-04
5.430678138509392738e-04
5.003418191336095333e-04
4.807389050256460905e-04
4.642690182663500309e-04
4.398825403768569231e-04
4.128790460526943207e-04
4.051588766742497683e-04
4.001266497652977705e-04
3.717607178259640932e-04
3.660790389403700829e-04
3.486133646219968796e-04
3.351307241246104240e-04
3.170798008795827627e-04
3.100378962699323893e-04
2.931441995315253735e-04
2.848187868949025869e-04
2.790312282741069794e-04
2.561519504524767399e-04
2.508099132683128119e-04
2.432899345876649022e-04
2.317318721907213330e-04
2.269680408062413335e-04
2.232488477602601051e-04
2.154832327505573630e-04
2.063254796667024493e-04
2.032065967796370387e-04
1.910380815388634801e-04
1.883231016108766198e-04
1.765781198628246784e-04
1.679995330050587654e-04
1.637916284380480647e-04
1.552762551000341773e-04
1.537201460450887680e-04
1.516277407063171268e-04
1.475809694966301322e-04
1.413513673469424248e-04
1.384205825161188841e-04
1.352488907286897302e-04
1.271224900847300887e-04
1.227139291586354375e-04
1.159132661996409297e-04
1.130798336816951632e-04
1.091474841814488173e-04
1.068984201992861927e-04
1.005077065201476216e-04
9.844634769251570106e-05
9.519316517980769277e-05
9.153303108178079128e-05
8.977163815870881081e-05
8.902768604457378387e-05
8.458175580017268658e-05
8.001537935342639685e-05
7.783659384585916996e-05
7.628393359482288361e-05
7.398743764497339725e-05
7.121942326193675399e-05
6.611242133658379316e-05
6.557584856636822224e-05
6.410510832211002707e-05
6.054483674233779311e-05
5.881959077669307590e-05
5.684303687303327024e-05
5.534645242732949555e-05
5.328809129423461854e-05
5.122747097630053759e-05
4.756877387990243733e-05
4.567245923681184649e-05
4.340307714301161468e-05
4.268615521141327918e-05
4.162807817920111120e-05
4.141371027799323201e-05
3.978797030868008733e-05
3.751209442270919681e-05
3.689035656861960888e-05
3.500780803733505309e-05
3.387077231309376657e-05
3.285334241809323430e-05
2.976996074721682817e-05
2.923428110079839826e-05
2.810474143188912421e-05
2.739661067607812583e-05
2.690905421331990510e-05
2.610567935334984213e-05
2.571715049271006137e-05
2.466750629537273198e-05
2.320780185982584953e-05
2.247810516564641148e-05
2.182795105909463018e-05
2.161809607059694827e-05
2.094284536724444479e-05
1.997487379412632436e-05
1.882463220681529492e-05
1.819997123675420880e-05
1.769305708876345307e-05
1.729448558762669563e-05
1.665445415710564703e-05
1.595464709680527449e-05
1.556839742988813668e-05
1.477579007769236341e-05
1.464326760469703004e-05
1.399754728481639177e-05
1.320961018791422248e-05
1.293559125770116225e-05
1.242149301106110215e-05
1.241229711013147607e-05
1.177745161839993671e-05
1.157449969468871132e-05
1.023024015012197196e-05
9.937222785083577037e-06
9.543783562548924237e-06
9.284531188313849270e-06
8.422894097748212516e-06
8.172761226887814701e-06
7.827930858184117824e-06
7.601585366501240060e-06
7.437226940965047106e-06
7.156276296882424504e-06
6.932811629667412490e-06
6.469369509431999177e-06
6.372601546900114045e-06
6.101129656599368900e-06
5.774639248556923121e-06
5.516739292943384498e-06
5.368013717088615522e-06
5.267155756882857531e-06
4.909099061478627846e-06
4.762934622704051435e-06
4.688337867264635861e-06
4.565277322399197146e-06
4.372570401756092906e-06
4.227583303872961551e-06
4.054715645906981081e-06
3.798334319071727805e-06
3.694416136568179354e-06
3.440130285525810905e-06
3.266644171162624843e-06
3.163658902849419974e-06
3.011256239915383048e-06
2.942157152574509382e-06
2.788536676234798506e-06
2.646496113811735995e-06
2.619431370476377197e-06
2.568176341810612939e-06
2.432058863632846624e-06
2.223338924522977322e-06
2.181911213483544998e-06
2.145741518688737415e-06
2.083774234051816165e-06
1.970488710867357440e-06
1.948475755852996372e-06
1.852833406701392960e-06
1.801349640118132811e-06
1.738725813993369229e-06
1.571248958498472348e-06
1.507225420027680229e-06
1.434746764061856084e-06
1.400060227751964703e-06
1.336208811153483111e-06
1.292408910558151547e-06
1.165879325526475441e-06
1.128540361605701037e-06
1.060095996763266157e-06
1.000943939288845286e-06
9.449236699765606318e-07
9.262630555895157158e-07
8.801176818451494910e-07
8.575740366723039187e-07
8.311337182931310963e-07
7.925677323328272905e-07
7.378892519227520097e-07
6.879605507492669858e-07
6.536288310599047691e-07
6.178887588248471729e-07
6.086648340897227172e-07
5.548388344323029742e-07
5.337861352927575354e-07
4.947295337842660956e-07
4.901252736999595072e-07
4.362969718840759015e-07
4.352262692464137217e-07
4.136553286571142962e-07
3.900225635788956424e-07
3.600137006287695840e-07
3.491235247565782629e-07
3.250370639307220699e-07
3.150471172830293654e-07
2.759565234100591624e-07
2.456548315876716515e-07
2.286882931912259664e-07
1.808533056646410841e-07
1.565260987490546540e-07
9.897819097659521503e-08
6.855813694528478663e-08
-6.344028946614344022e-08
3.934230008439953963e-08
1.935340954162256821e-08
-2.305077462239069064e-09
