1.128092946953306169e-01
2.557366218791914253e-02
1.976169473882706529e-02
1.172971131799878906e-02
5.892683588574807937e-03
4.728507928128698745e-03
4.090243458558707849e-03
2.969122735360931690e-03
2.420502836555038506e-03
2.239392779321999500e-03
1.434188593072296654e-03
1.194719532272608487e-03
1.000526288107204823e-03
7.633229243009498864e-04
7.004735786464188260e-04
6.073310996370706377e-04
5.679837484456837790e-04
4.666615732562453124e-04
4.401018606847789606e-04
3.905049157780788173e-04
3.416909447021726260e-04
3.371896702429340699e-04
3.250646508481738208e-04
2.891048534375830164e-04
2.720467075642397470e-04
2.512509742467978818e-04
2.225212383789018969e-04
2.157029755026087744e-04
2.095872325456369192e-04
1.966374643904773747e-04
1.833290864609682467e-04
1.724737918444982560e-04
1.655477395428112054e-04
1.514789034098905449e-04
1.477459984461472822e-04
1.426454532449263459e-04
1.385295068942771234e-04
1.278708499474924402e-04
1.193707375558050493e-04
1.186298037825819616e-04
1.144521617028716141e-04
1.089501699779379397e-04
9.934283827043445634e-05
9.241172876535271800e-05
9.162178687917441804e-05
8.724527478693137742e-05
8.485724954615784415e-05
8.428826158268398381e-05
8.142505157174772731e-05
7.909177189287720409e-05
7.732384031962519515e-05
7.538013188299413588e-05
7.299883259581341460e-05
7.009625377950077878e-05
6.395645200444649472e-05
6.326272110195876267e-05
6.125151480748544609e-05
5.885701789582954864e-05
5.655453476795837793e-05
5.436013175167582760e-05
5.239879270311230045e-05
5.037503182104377021e-05
4.929224666135439541e-05
4.818761496993737118e-05
4.742803339803927182e-05
4.734220883066677049e-05
4.489738097250873541e-05
4.344886564389235006e-05
4.201280793214573614e-05
4.071921417523253594e-05
3.860142180851382264e-05
3.799738100341664408e-05
3.702594148043754119e-05
3.521055741248126775e-05
3.406436251630694896e-05
3.382893019280012092e-05
3.362420756080181344e-05
3.268807595266762678e-05
3.123267134515947228e-05
3.075841427854498740e-05
2.901935474155783597e-05
2.773326528359761693e-05
2.705984856160312808e-05
2.635831122891974583e-05
2.564817427455492685e-05
2.521158943817913324e-05
2.446838923179758043e-05
2.356540415900883719e-05
2.321067395844520406e-05
2.287489151964917577e-05
2.181996365812929574e-05
2.144053060250467049e-05
2.090935726655641919e-05
1.959864561630794068e-05
1.939829376423900822e-05
1.924286816814859389e-05
1.871361117050597379e-05
1.787034207361451083e-05
1.732335475615735904e-05
1.700798979884569388e-05
1.649399081704901188e-05
1.595943344396640224e-05
1.583260663666819949e-05
1.500215454007036638e-05
1.469024935918766140e-05
1.393077715756650975e-05
1.367522283800797820e-05
1.361102618912651266e-05
1.335886939685265773e-05
1.317602671583269539e-05
1.273541919475489951e-05
1.211324809303602959e-05
1.189185722080073651e-05
1.170944000821789619e-05
1.102740782951535686e-05
1.080213721936017355e-05
1.068151211409313110e-05
1.036954471429351786e-05
1.024398432840744020e-05
9.977118485686720716e-06
9.577177683338448968e-06
9.407048932121062120e-06
9.244982248265502033e-06
9.061187261353774336e-06
8.922956705537559211e-06
8.839774466952496137e-06
8.510273114247265174e-06
8.083004291501358747e-06
7.910693843632426273e-06
7.852162519545071692e-06
7.584942781442513807e-06
7.267047895086933361e-06
7.194131581279207865e-06
7.060887810790820514e-06
6.987357161370944672e-06
6.920784752501879346e-06
6.803185607343675492e-06
6.414620671472901547e-06
6.348998246129520971e-06
6.119471101575560278e-06
6.006205826749550407e-06
5.736978347019313830e-06
5.673436173537282740e-06
5.547668263702439358e-06
5.394459512032466206e-06
5.358521210759525223e-06
5.274618236531538531e-06
5.174266353708240645e-06
5.007449959941975361e-06
4.921260803820734279e-06
4.800697833085842258e-06
4.740480106190117619e-06
4.628196803053988558e-06
4.539258245216349940e-06
4.444904988719581898e-06
4.352284498995811867e-06
4.214055402909206674e-06
4.154601251492344238e-06
4.067456543465631833e-06
4.044399997926779902e-06
4.010771275828199891e-06
3.895192309160025215e-06
3.848746604264063540e-06
3.694052129945258926e-06
3.561423047764802319e-06
3.498493217980332539e-06
3.380227083548863732e-06
3.304128932881309166e-06
3.195973211631780592e-06
3.145824704387842681e-06
3.070858092009552544e-06
3.029274378525164629e-06
2.983636529828789508e-06
2.926147779602528017e-06
2.865951068584898822e-06
2.769328879693889966e-06
2.743745120312735014e-06
2.693859936974728341e-06
2.641709975709952442e-06
2.539030950916034366e-06
2.501526196201792734e-06
2.458745915990836770e-06
2.392278361547968181e-06
2.332397564923179044e-06
2.278246317845066815e-06
2.251270120983187538e-06
2.195184995834636681e-06
2.173406501009828538e-06
2.078623028275552510e-06
2.067954361015268909e-06
1.984838854978178796e-06
1.927101727240446140e-06
1.876807337238350423e-06
1.825473626720451680e-06
1.812280184179928120e-06
1.741837710008651161e-06
1.710079979938058126e-06
1.694410909227111879e-06
1.644003996996588837e-06
1.594614628904546977e-06
1.556836993059406981e-06
1.535228396702393199e-06
1.484115601048477239e-06
1.463704675569609304e-06
1.419389229012625147e-06
1.351804907643150033e-06
1.322947371931335453e-06
1.295048747032663285e-06
1.258470240077701445e-06
1.247247764750588654e-06
1.179971262794638953e-06
1.161530889892093347e-06
1.147780666721516222e-06
1.089485868994152925e-06
1.063096512572793415e-06
1.003315505089926325e-06
9.937232336458005857e-07
9.680102291932853291e-07
9.361373181165784968e-07
9.285015964147986536e-07
8.959729011216142744e-07
8.643023289464045278e-07
8.475418791433403329e-07
8.132153986313907013e-07
7.949084257201306496e-07
7.577302049377600707e-07
7.373566359965018129e-07
7.198888425191516328e-07
7.162486721365667762e-07
6.657239473797734480e-07
6.602787728613705940e-07
6.374021812794825448e-07
6.183479434354210230e-07
6.169360805270180618e-07
5.795378582867455596e-07
5.633259021015837215e-07
5.392382181343482110e-07
5.345441626739540770e-07
5.190468058947227911e-07
5.108206528399611753e-07
4.952455319111706319e-07
4.704911213081377381e-07
4.346037802561799147e-07
4.190842264516169455e-07
4.076492700016117181e-07
3.942864137660512807e-07
3.814561239645901031e-07
3.700314443862894641e-07
3.535916715665128455e-07
3.454689298340010428e-07
3.249328082184529804e-07
3.158802336863079609e-07
3.086887270964075774e-07
3.042307920954439168e-07
2.892530163534005764e-07
2.659024307193897333e-07
2.588506895034317853e-07
2.500250730076501276e-07
2.353225426025692614e-07
2.272479296431625509e-07
2.049785617697463468e-07
1.949012121356824300e-07
1.858924256781589970e-07
1.831166525351856109e-07
1.759884168159223545e-07
1.607630862794387527e-07
1.506705606010991330e-07
1.480713412933464842e-07
1.292843198658433791e-07
1.234350995489459413e-07
1.179990858121438726e-07
1.130632735839181721e-07
9.820222406668380706e-08
9.455500813442998307e-08
8.696607407743784622e-08
7.793295322626422066e-08
7.275267503847964999e-08
6.677446069244886591e-08
5.876688161282007664e-08
5.725468245379613137e-08
5.210441188746753726e-08
4.968889566314728122e-08
4.379715643227818421e-08
3.850814299974811262e-08
3.702072347478313496e-08
3.421165443060596514e-08
2.522577336393628610e-08
2.093876543929227793e-08
1.691393622959312223e-08
1.591714215941992058e-08
8.393276249166679057e-09
2.346316545213220728e-09
1.494301313945107178e-09
5.974345176174880673e-10
4.657815339834959759e-10
3.204495274056344386e-10
1.658339215391074865e-10
