2.112914621829986572e-01
4.613907635211944580e-02
3.668229654431343079e-02
1.875521242618560791e-02
8.180402219295501709e-03
5.928766448050737381e-03
4.756985232234001160e-03
4.026042297482490540e-03
3.744794055819511414e-03
2.961288206279277802e-03
1.578319468535482883e-03
1.491801929660141468e-03
1.166143803857266903e-03
9.883414022624492645e-04
7.916140602901577950e-04
7.175891078077256680e-04
5.923609132878482342e-04
5.737217143177986145e-04
5.173344397917389870e-04
4.693230148404836655e-04
4.009256081189960241e-04
3.656407643575221300e-04
3.436946717556566000e-04
3.184088855050504208e-04
2.990355133078992367e-04
2.795919426716864109e-04
2.419999509584158659e-04
2.216967695858329535e-04
2.178426220780238509e-04
1.972054305952042341e-04
1.931534934556111693e-04
1.759993174346163869e-04
1.647050521569326520e-04
1.504004758317023516e-04
1.373768463963642716e-04
1.276481198146939278e-04
1.185842920676805079e-04
1.136310456786304712e-04
1.111015881178900599e-04
1.046660327119752765e-04
1.010890409816056490e-04
9.164086804958060384e-05
8.758845069678500295e-05
8.423133112955838442e-05
7.355015259236097336e-05
7.203644781839102507e-05
7.021001511020585895e-05
6.463991303462535143e-05
6.273912003962323070e-05
6.030415170243941247e-05
5.912344931857660413e-05
5.588851490756496787e-05
5.263306593406014144e-05
5.126870746607892215e-05
4.936812911182641983e-05
4.745107071357779205e-05
4.583453119266778231e-05
4.492925290833227336e-05
4.209991675452329218e-05
3.934360211133025587e-05
3.776079392991960049e-05
3.652961459010839462e-05
3.438600833760574460e-05
3.368147372384555638e-05
3.226659464417025447e-05
3.144549191347323358e-05
3.029162326129153371e-05
2.972263609990477562e-05
2.908455098804552108e-05
2.734914960456080735e-05
2.593017234175931662e-05
2.504570329620037228e-05
2.481974297552369535e-05
2.316489371878560632e-05
2.269471224281005561e-05
2.204221163992770016e-05
2.136977309419307858e-05
2.024715467996429652e-05
1.905817771330475807e-05
1.869333027570974082e-05
1.840598815761040896e-05
1.757790050760377198e-05
1.687218536972068250e-05
1.647813587624114007e-05
1.553934453113470227e-05
1.530089139123447239e-05
1.473671090934658423e-05
1.457092639611801133e-05
1.427251390850869939e-05
1.380577941745286807e-05
1.328536200162488967e-05
1.315551344305276871e-05
1.294343019253574312e-05
1.241030167875578627e-05
1.204628824780229479e-05
1.161183899966999888e-05
1.137195067713037133e-05
1.101985890272771940e-05
1.086402971850475296e-05
1.032936688716290519e-05
9.876174772216472775e-06
9.634146408643573523e-06
9.156846317637246102e-06
8.950834853749256581e-06
8.527803402103018016e-06
8.435978088527917862e-06
8.268186320492532104e-06
7.793290933477692306e-06
7.735148756182752550e-06
7.550921964138979092e-06
7.251005172292934731e-06
6.928316452103899792e-06
6.858191682113101706e-06
6.522556759591680020e-06
6.472062068496597931e-06
6.210121682670433074e-06
5.996752406645100564e-06
5.847631200595060363e-06
5.689069439540617168e-06
5.542497092392295599e-06
5.425069502962287515e-06
5.170186796021880582e-06
5.024903202865971252e-06
4.906282811134587973e-06
4.728755811811424792e-06
4.663228537538088858e-06
4.557852662401273847e-06
4.411905138113070279e-06
4.328413524490315467e-06
4.163548510405234993e-06
4.123485268792137504e-06
4.066202109243022278e-06
3.942438070225762203e-06
3.805940195888979360e-06
3.716791979968547821e-06
3.650290409495937638e-06
3.558072421583347023e-06
3.455994828982511535e-06
3.419142103666672483e-06
3.312975650260341354e-06
3.252061333114397712e-06
3.192763870174530894e-06
3.140941316814860329e-06
3.008540033988538198e-06
2.895152647397480905e-06
2.859115511455456726e-06
2.777491545202792622e-06
2.740369382081553340e-06
2.655069692991673946e-06
2.606816224215435795e-06
2.569955540820956230e-06
2.471057314323843457e-06
2.423063278911286034e-06
2.367410843362449668e-06
2.318706719961483032e-06
2.289234771524206735e-06
2.145647385987103917e-06
2.083608706016093493e-06
2.055328650385490619e-06
2.012273625950911082e-06
1.973695589185808785e-06
1.953341552507481538e-06
1.898762548080412671e-06
1.855998789324075915e-06
1.794494778550870251e-06
1.783571519808901940e-06
1.749227863001578953e-06
1.707898718450451270e-06
1.669268499426834751e-06
1.637335913073911797e-06
1.568565721754566766e-06
1.541626261314377189e-06
1.518580575066152960e-06
1.475898557146138046e-06
1.447351451133727096e-06
1.409697006238275208e-06
1.398856511514168233e-06
1.373599161524907686e-06
1.313157895310723688e-06
1.284584755012474488e-06
1.265016976503829937e-06
1.240168671756691765e-06
1.174137196358060464e-06
1.153650714513787534e-06
1.131159365286293905e-06
1.107446678361156955e-06
1.082340418179228436e-06
1.045956082634802442e-06
1.031809688356588595e-06
1.008808908409264404e-06
9.757254701980855316e-07
9.438296615371655207e-07
9.271298608837241773e-07
9.227721307070169132e-07
8.966479754235479049e-07
8.764038739172974601e-07
8.542932619093335234e-07
8.439725434072897770e-07
8.109269629130722024e-07
7.862240067879611161e-07
7.735691269772360101e-07
7.440706895067705773e-07
7.266886541401618160e-07
7.015713663349743001e-07
6.835829822193772998e-07
6.612496576963167172e-07
6.455791776716068853e-07
6.331231361400568858e-07
6.175469593472371344e-07
6.022713705533533357e-07
5.718007400901115034e-07
5.443568511509511154e-07
5.264236051516490988e-07
5.228106374488561414e-07
5.098958126836805604e-07
4.938574988955224399e-07
4.882085704593919218e-07
4.684649752562108915e-07
4.577266281557967886e-07
4.525287522483267821e-07
4.237512882809824077e-07
4.169790486230340321e-07
4.027512261473020772e-07
3.941723321077006403e-07
3.886730439717211993e-07
3.643950776677229442e-07
3.578655878300196491e-07
3.495349574222927913e-07
3.359195375196577515e-07
3.276105928762262920e-07
3.249748772304883460e-07
3.127747163489402737e-07
3.060794711018388625e-07
2.944540256066829897e-07
2.783500292480312055e-07
2.770338767277280567e-07
2.719381200222414918e-07
2.646921473115071421e-07
2.529735354528384050e-07
2.421464557755825808e-07
2.306034190269201645e-07
2.244069463586129132e-07
2.213107137549741310e-07
2.175087558953237021e-07
2.021576506194833200e-07
1.984668074328510556e-07
1.953168577983888099e-07
1.828316413821085007e-07
1.745668498642771738e-07
1.732445014113181969e-07
1.657206638583375025e-07
1.598201890828931937e-07
1.501166622119853855e-07
1.431605909374411567e-07
1.400145634988803067e-07
1.378339078428325593e-07
1.270139904363531969e-07
1.253842754067591159e-07
1.164407734677297412e-07
1.107737688244014862e-07
1.089963177491881652e-07
1.018376210026872286e-07
9.617517804372255341e-08
9.267757405950760585e-08
8.890251734783305437e-08
8.208421320432535140e-08
7.367000165459103300e-08
7.130966395152427140e-08
6.901411353510411573e-08
6.394046181412704755e-08
6.118339257454863400e-08
5.821221193968995067e-08
5.160740101928240620e-08
4.708635970018804073e-08
4.541697506965647335e-08
4.226768268722480570e-08
4.106324880126521748e-08
3.425367722798000614e-08
3.199749798454831762e-08
3.078289623204000236e-08
2.789560049620831705e-08
2.572200408224034618e-08
2.298695989111365634e-08
2.259239550994607271e-08
1.984234643259696895e-08
1.788022174764591909e-08
1.455835452190967771e-08
1.408556382642700555e-08
1.084230127901264495e-08
1.048884801235772102e-08
8.078560931323863770e-09
5.902923483347422007e-09
5.017334991919142340e-09
4.393932773183450990e-09
3.560584049822068664e-09
2.004992838422481327e-09
1.643272851126198475e-09
