2.297358888763811118e-05
1.296294849183299829e-05
8.347277346867707632e-06
4.595236323836935688e-06
3.799791209280072508e-06
3.752863189351527015e-06
3.542784924254687281e-06
3.359853462896254632e-06
3.285314122920795010e-06
3.079814588353002372e-06
3.007339574158680795e-06
2.911119414077680415e-06
2.820107548547947484e-06
2.734490521775432889e-06
2.557030166799645465e-06
2.460098934987698131e-06
2.410956795654672987e-06
2.397967071112097440e-06
2.291972656198902555e-06
2.219283974565788118e-06
2.183360766973478353e-06
2.085731189738366404e-06
2.042367191499196556e-06
1.978043034330715111e-06
1.926003874272466927e-06
1.897016813024108578e-06
1.855050554414055145e-06
1.792053545069885834e-06
1.782156893719020935e-06
1.744144945032927603e-06
1.686505577921115377e-06
1.632377592388131311e-06
1.599436082097012704e-06
1.584739672150072814e-06
1.553514921917366807e-06
1.546221745801362534e-06
1.538537422851242254e-06
1.506675819253283143e-06
1.500824459433466984e-06
1.452918763276431190e-06
1.395221248553658424e-06
1.384514110751926375e-06
1.365378191480946648e-06
1.335977348266949201e-06
1.315825933558756204e-06
1.287083598033763723e-06
1.275734483417374173e-06
1.265170657948241890e-06
1.242287801094736247e-06
1.235109130322995177e-06
1.185213152355873014e-06
1.164825504774783821e-06
1.155439021825475506e-06
1.124981587250809889e-06
1.101389546723058596e-06
1.086515312460900013e-06
1.070309756926136052e-06
1.058966837987977350e-06
1.034546331671398165e-06
1.030203900509408856e-06
1.009815994724955011e-06
9.926522246124708421e-07
9.870334231575920091e-07
9.762105799167238672e-07
9.539910823340775654e-07
9.462481809253037762e-07
9.331942416625076525e-07
9.270321762780125342e-07
8.907123978306723731e-07
8.726743369274724875e-07
8.551272200634798606e-07
8.306386044069295538e-07
8.236736329464202028e-07
8.115856844750986004e-07
7.935220479421651649e-07
7.805811962056495044e-07
7.710225682894757624e-07
7.548090639680966231e-07
7.498453994755080377e-07
7.322558505761901400e-07
7.229836821612551631e-07
7.170095261492952883e-07
7.089674320915254341e-07
6.941958898665287594e-07
6.867112144523404186e-07
6.654986128548763312e-07
6.645520983020716876e-07
6.505625323422483176e-07
6.364033986621424886e-07
6.322770244372179186e-07
6.251927224731738093e-07
6.048426881494778810e-07
5.952935621209603111e-07
5.837703981497146683e-07
5.701235626191670849e-07
5.669066911391894826e-07
5.606712738207436545e-07
5.549228998067262786e-07
5.458000390096264893e-07
5.340249642625144835e-07
5.238933355932894469e-07
5.212604059259197035e-07
5.035195072742135329e-07
5.007222311045871743e-07
4.819605652380362633e-07
4.716928994395925152e-07
4.680437151069526572e-07
4.630476548169058056e-07
4.599655911945617767e-07
4.445020782016961841e-07
4.432852350113677850e-07
4.374008459772415325e-07
4.308811357754213860e-07
4.228857397361069404e-07
4.153787939757269711e-07
4.093139747854427133e-07
3.994289827002274571e-07
3.945728603223788510e-07
3.873444393755484503e-07
3.808547502583419762e-07
3.744003835205631333e-07
3.689412648715090226e-07
3.622870362929426308e-07
3.570701601110339014e-07
3.509444768812576595e-07
3.462771750228022566e-07
3.401775594983550693e-07
3.377295690858124502e-07
3.294499761309882398e-07
3.268119065808118997e-07
3.215539257039081105e-07
3.150070797466486424e-07
3.049334195405675656e-07
3.005434225066939333e-07
2.980113271854697248e-07
2.909897907054984199e-07
2.903988271392955605e-07
2.841652786579131017e-07
2.793209828386994180e-07
2.758505466697765268e-07
2.699312678967107142e-07
2.627376065969544436e-07
2.620164692551709674e-07
2.579816435580976895e-07
2.517176186516477731e-07
2.488712866955860874e-07
2.442142908721929877e-07
2.418532663862931878e-07
2.388759148280470016e-07
2.331947657641925022e-07
2.281299852988934331e-07
2.242367101346510062e-07
2.210880178277511253e-07
2.148394655405245213e-07
2.143535191193719202e-07
2.078570939241140303e-07
2.050233180867890979e-07
2.018279714158131852e-07
2.004887268520146407e-07
1.914692626630416180e-07
1.897083293482207729e-07
1.846549475863342596e-07
1.807750152958808944e-07
1.782650454714766368e-07
1.767675024612280796e-07
1.749690914026721004e-07
1.694641817919453483e-07
1.684921728789581347e-07
1.650157606295532176e-07
1.624831349695061255e-07
1.590003130515214721e-07
1.557679697728232945e-07
1.525029120903636429e-07
1.486487144576729892e-07
1.468878491387934354e-07
1.457327768293163864e-07
1.441322976648482853e-07
1.392339162736819048e-07
1.368597930721450911e-07
1.304733580679957366e-07
1.277637011528200754e-07
1.269479235060995571e-07
1.238838673091226558e-07
1.207859682639125139e-07
1.190376318456360130e-07
1.166016340196338762e-07
1.135615344774366042e-07
1.115232742000942888e-07
1.092833213732815432e-07
1.074760979231791150e-07
1.060366593398464985e-07
1.046419539271215732e-07
1.007186583774929056e-07
9.834327437463630383e-08
9.535865642028679983e-08
9.253817743985457256e-08
9.167531561345168394e-08
9.033033529140625341e-08
8.802059022106385940e-08
8.411910697762588087e-08
8.314398116602273632e-08
8.161561571362728375e-08
8.119519208967887392e-08
7.728894456567191555e-08
7.639644266449329055e-08
7.526804953945875552e-08
7.418779316610658136e-08
6.973481729896471902e-08
6.913646512206778132e-08
6.770411861560207893e-08
6.521299384377575231e-08
6.420238738940744521e-08
6.313722868441353823e-08
6.219200467443732500e-08
6.024623211913178609e-08
5.969200369384572887e-08
5.913411969052954176e-08
5.732733107626415067e-08
5.425803658958518426e-08
5.287083379668016757e-08
5.234156986377929621e-08
5.089827796996554792e-08
4.981614151897333748e-08
4.693830162228279981e-08
4.602704748826158521e-08
4.442289394898372119e-08
4.375585520149386670e-08
4.199308417990537542e-08
4.121859144784084982e-08
4.026935089297854933e-08
3.915507953503690186e-08
3.834630344682270961e-08
3.698107716973675376e-08
3.608606490101717293e-08
3.420177465137196766e-08
3.349320443683806492e-08
3.189867174189204881e-08
3.082466696442799389e-08
3.059072044042355815e-08
2.880612177831616742e-08
2.743873122457971697e-08
2.612280476394380164e-08
2.495589437559040770e-08
2.403195253943069012e-08
2.361840836146638801e-08
2.315389644687895588e-08
2.168450763037811584e-08
2.073511714852151740e-08
2.017105578058511846e-08
1.977406144899935910e-08
1.905864132800321556e-08
1.861088987332755122e-08
1.811565613475378444e-08
1.746812114672419542e-08
1.707570299144389997e-08
1.559691646825982803e-08
1.487667179855096758e-08
1.380816396324616637e-08
1.324504057166277764e-08
1.268491841832309569e-08
1.243796855335740633e-08
1.191484254829016284e-08
1.139569253871891283e-08
1.092739744469896108e-08
1.061291942848079919e-08
1.018600856599028096e-08
9.298808069043097566e-09
9.019771136562096628e-09
8.538887170982206333e-09
7.587872990126288209e-09
7.055305960121602896e-09
6.709606597091397743e-09
6.397656596233025449e-09
5.944969926814040556e-09
5.484601111227368985e-09
5.389678308822042347e-09
4.634077343838043107e-09
4.319167479198478974e-09
3.923138623463040246e-09
3.574960567683815790e-09
3.318499580900431031e-09
3.246581160753750930e-09
2.813510084570152289e-09
2.629945418969851464e-09
2.515337401819218031e-09
2.234942762232747859e-09
1.927821489226190204e-09
1.723241252465606536e-09
1.529031348931666314e-09
1.082154429138316978e-09
8.588589829080580561e-10
6.673864400295000219e-10
4.709827814417993183e-10
2.285384142271704167e-10
1.613461132863604049e-10
1.552911688883805167e-10
1.049333954179535240e-10
