3.848415263696110082e-03 1.715007192229625263e-02
4.886160536339567012e-03 1.594716641007416086e-02
6.664332199277706557e-03 1.483056623479742098e-02
3.425470560544620173e-03 2.055827836332216330e-02
4.778441567429237737e-03 1.645345374175553529e-02
5.403862695669445389e-03 1.806418254850280375e-02
8.158295285104194897e-03 1.518006176686899009e-02
6.581080811000546670e-03 1.757188383374947913e-02
7.365265574749928386e-03 1.749756363575593471e-02
2.354996940765474462e-03 1.841041297115196887e-02
5.290814825415868054e-03 1.845878887056859319e-02
3.276073014812910019e-03 2.062343515114827344e-02
4.927734106544697998e-03 1.613481851397444156e-02
5.929990644969570157e-04 2.002587608635400876e-02
4.770654285863219421e-03 2.128288013863563477e-02
4.797338798769829960e-04 1.993569704806057857e-02
2.755706913681192031e-03 1.377707137721855511e-02
3.979859525268325017e-03 1.176093398790789210e-02
4.370631843821463046e-03 2.029893350279023123e-02
6.178902252122191185e-03 1.587175967715575078e-02
3.324563107828316585e-03 2.227589283689025701e-02
5.215353218601826574e-03 1.591527640844784056e-02
4.760063333955261481e-04 1.871328540602253121e-02
3.236478406135084862e-03 2.051820053075108577e-02
2.507236058302761417e-03 2.199436687344551167e-02
3.697077019130843179e-03 1.834198948981947616e-02
4.459868652721302867e-03 1.703175909731862586e-02
4.427194483028142405e-03 1.015053467517350316e-02
2.252453433889671335e-03 1.634469724554844447e-02
4.982994809560229756e-03 1.647203182253584655e-02
3.607820996953614145e-03 1.841630386094652433e-02
5.991418387742455639e-04 1.798796784970086576e-02
1.920222872895696988e-03 1.944241648956672452e-02
1.585911440203026824e-04 1.954597883969775782e-02
4.436508993058750280e-03 1.395723773577820480e-02
6.133663559716917915e-03 1.335202468421771080e-02
1.516604360732186916e-03 2.057544980387183281e-02
5.836273642318068854e-03 1.382272375137994988e-02
2.195432917881361395e-03 2.064650310969733116e-02
5.596633548377180634e-03 1.380115299788449781e-02
4.161697485755863277e-03 1.120485372711369984e-02
7.357391672167449756e-03 1.374831727173305047e-02
5.901313162579913119e-03 2.274698092853994977e-02
5.523405313663889461e-03 2.019981118353455021e-02
5.512644923873185124e-03 1.412708113388940617e-02
4.435680412144428833e-03 2.162406445709946085e-02
5.537719975653465111e-03 1.776316983337441341e-02
2.877424749799078682e-03 2.073958876658709566e-02
4.253423947590187840e-03 1.087932192918959068e-02
3.881382560270427336e-03 1.202173631176113242e-02
7.236497342183088009e-03 7.236497342183088009e-03
4.893388460115132010e-03 5.699454408943231340e-03
3.016917436731375492e-03 1.352066685956847952e-02
6.781668783784889666e-03 1.753418133679491425e-02
3.466699527890335347e-03 1.913421288558364228e-02
6.908478529555993689e-03 1.629806803821673422e-02
1.376323825550918901e-03 1.927257328548271850e-02
4.984214605700037701e-03 2.287098228659941584e-02
2.669876835187103351e-03 2.116821636654749039e-02
1.624704138272074815e-03 2.304719289323732892e-02
4.313196432408601157e-03 1.765510082264776237e-02
6.525856395411449261e-03 1.604581707638978380e-02
1.511244295057367557e-03 1.932688436543092414e-02
4.690473530163322656e-03 1.636065314648731117e-02
8.925092764034821225e-04 1.901395126639801592e-02
4.704768328313706748e-03 1.322090672137157807e-02
8.737963791169250623e-04 1.900197576082593431e-02
4.264411251636517249e-03 1.434948427865524734e-02
4.878197450770707135e-03 6.199777639094777165e-03
4.665117391437241870e-03 2.030146340771984970e-02
6.816392951466116942e-03 1.669076033123546507e-02
2.482871929109441936e-03 1.947468370297921608e-02
4.764189780787670900e-03 1.648215957906714463e-02
1.670718046089532437e-03 1.853484231353042661e-02
3.451987545559624931e-03 1.818203296168918737e-02
2.832611951736666001e-04 1.855016292630065622e-02
5.273605744647310396e-04 1.986648369685722199e-02
1.515802491843184141e-03 1.932858099443285349e-02
1.811340305879333406e-03 1.419436037656461591e-02
4.829030918597690750e-03 1.607389452690178785e-02
2.496726334829765803e-03 1.858905530061680245e-02
6.128821466044378011e-03 1.073375538008379537e-02
4.238407487739289520e-03 1.843471065066273895e-02
2.443499761802118368e-03 1.891626603773961107e-02
2.172518021783408429e-03 1.947562461165069231e-02
5.186349588318956306e-04 1.996722179175515130e-02
0.000000000000000000e+00 1.332600106675778731e-02
5.600926123635347614e-03 2.208427911323613754e-02
3.054684217368356606e-03 1.921470492545601302e-02
6.055492020634279868e-04 1.992774257013098932e-02
1.651235549300166146e-03 2.051680810302872193e-02
5.214431505088588416e-03 1.541802750270911820e-02
5.105608619886092304e-03 1.932698133544828029e-02
2.275433150089948599e-03 2.076806832887813717e-02
3.825434222080707075e-03 1.215918455798969434e-02
2.894520792118368546e-03 1.609197221980508338e-02
4.912965840370641171e-03 1.616785773483895433e-02
4.370761225185092712e-03 1.969719605820761596e-02
4.824989226103502254e-03 1.739771054595995459e-02
7.963447963327752871e-03 7.963447963327752871e-03
