1.650215411620494876e+01
7.354114717214327968e+00
5.122240737042889513e+00
2.407332403910834806e+00
4.819234686145706936e-01
1.800694449805221864e-01
6.635620349130520734e-02
4.843683814604479720e-02
3.833257671558758239e-02
3.005715235929792145e-02
2.860325365272244416e-02
2.323185621141056131e-02
1.460787161929474193e-02
1.286463852397965943e-02
9.807994381724794569e-03
6.557528732275301996e-03
5.224470138084667120e-03
4.257039313755245531e-03
3.178366908543623325e-03
2.390000408116374226e-03
2.016032699812541750e-03
1.785127457718464110e-03
1.720110901599815811e-03
1.160888490420605495e-03
9.293960119842758529e-04
7.875557806537366451e-04
6.771045814903816577e-04
5.979544858462917337e-04
5.604542551173380058e-04
5.205696253136457216e-04
4.928112967961529841e-04
4.533577325829477446e-04
4.437526376556716486e-04
3.950946014214358416e-04
3.679206941483851895e-04
3.607624156395862654e-04
3.129941064409353627e-04
2.967627833754836789e-04
2.704197791927627622e-04
2.470100202470463711e-04
2.394292126618368039e-04
2.310697507259904665e-04
2.147292211869477013e-04
2.035650914637670953e-04
1.991994528753638391e-04
1.808563008566932276e-04
1.709117215693012619e-04
1.668728241696934946e-04
1.562210946117631471e-04
1.533937459815715317e-04
1.474305379520914722e-04
1.415465410600160617e-04
1.322963362667010435e-04
1.302946161637338961e-04
1.229632327486885625e-04
1.170210736181447189e-04
1.152655796937857057e-04
1.108869046478901631e-04
1.086909679084249362e-04
1.063309985956059113e-04
1.054059038519859705e-04
9.926370753350899627e-05
9.800978965985180638e-05
9.762159814216288104e-05
9.481521588434642996e-05
9.084635526616441836e-05
8.709305381437416839e-05
8.587071962436147320e-05
8.303150510362667465e-05
7.771954727988400111e-05
7.619982475398539624e-05
7.521606026775296623e-05
7.463730878077834148e-05
7.222096864410583971e-05
6.982783079274247000e-05
6.757549146523622672e-05
6.330474337367028028e-05
6.079763453683618198e-05
6.021712311171283023e-05
5.808687963223603431e-05
5.696281868557821374e-05
5.637207735658075780e-05
5.487201677436165685e-05
5.401958082310867674e-05
5.323514146024832853e-05
5.103662884681812800e-05
4.908902743614302873e-05
4.826387865868232057e-05
4.721323689304920035e-05
4.667581097324853925e-05
4.619998236477268103e-05
4.538925615263700634e-05
4.452118494577611747e-05
4.239540815632781044e-05
4.106947213937269219e-05
4.042948784092081937e-05
4.009771990403038986e-05
3.871694356319656331e-05
3.841076605231581964e-05
3.814317969567686050e-05
3.714687676829924536e-05
3.566033732920310489e-05
3.526236191245164944e-05
3.445094710362553068e-05
3.342006940931924322e-05
3.333999530458392930e-05
3.247972337125553993e-05
3.234763909837690875e-05
3.153809289288140438e-05
3.116288876791646493e-05
3.050730237834097148e-05
2.986113480269515072e-05
2.964219486767027395e-05
2.887711608956209812e-05
2.813164396105128769e-05
2.769806457873640285e-05
2.727736267700118665e-05
2.616029417699267868e-05
2.550823460977711172e-05
2.511359277358053132e-05
2.465946213367395165e-05
2.430403412752034205e-05
2.390363451912131513e-05
2.347817295797539994e-05
2.317942542544163255e-05
2.221049266743283974e-05
2.203860535017448236e-05
2.162558043360881060e-05
2.140132157117690366e-05
2.091808181514761528e-05
2.057227962043235413e-05
2.023337996513662574e-05
2.011300967568248495e-05
1.977018470045781455e-05
1.933063241815787732e-05
1.922043776200248541e-05
1.821507988541610332e-05
1.801758736449659973e-05
1.769913189763929945e-05
1.746982769726991637e-05
1.663039192123147618e-05
1.649276340276316133e-05
1.623177083658032752e-05
1.594878034300007034e-05
1.545613116100333899e-05
1.533099431677856513e-05
1.497675012770678837e-05
1.469313553224937044e-05
1.437526129175011174e-05
1.422511921453142847e-05
1.388692557014151992e-05
1.383941773894054854e-05
1.373101953552243525e-05
1.346130180424283033e-05
1.318502724095080941e-05
1.295287706278277291e-05
1.284968657785441642e-05
1.270335331469337275e-05
1.251866269671512820e-05
1.230433570157559350e-05
1.203252046276351327e-05
1.173104434357635046e-05
1.144273871101184498e-05
1.106713050316747419e-05
1.096501354985669925e-05
1.071864006436952217e-05
1.055481154426616622e-05
1.029130636925050551e-05
9.954595332684926891e-06
9.915690405945017314e-06
9.773728256261855283e-06
9.441913270713279071e-06
9.308378257264953500e-06
9.189648939324792070e-06
8.958495333568027686e-06
8.853973261881202834e-06
8.746073786753942743e-06
8.510531931758616239e-06
8.342972358238966092e-06
8.197564267856463977e-06
7.964957867829267833e-06
7.886865265365313799e-06
7.495245387196562718e-06
7.444256544847612258e-06
7.272467872699826841e-06
7.047431671314896220e-06
6.938555368929188189e-06
6.869593757389704146e-06
6.666963412148386322e-06
6.630007181402552990e-06
6.486519515419201078e-06
6.393972950559905322e-06
6.168783355111877800e-06
6.008903830513139227e-06
5.884089581912902807e-06
5.807396385532463113e-06
5.553152428231586701e-06
5.486441073680292732e-06
5.333363067740631642e-06
5.244199213678195689e-06
5.128507544639910893e-06
5.106149458160348167e-06
4.977871356735994638e-06
4.924038581892349924e-06
4.783359132118264646e-06
4.754473656420301253e-06
4.632907059970059848e-06
4.468001612193252854e-06
4.346731304475037549e-06
4.245060151494391315e-06
4.195122382092477316e-06
4.084376444669438846e-06
4.061337236660903759e-06
3.865278272179488854e-06
3.655386629146589499e-06
3.637456128894812380e-06
3.533989119285352254e-06
3.463767724274438253e-06
3.353404277444834706e-06
3.329819831336611228e-06
3.168583911353338326e-06
3.133115682372136348e-06
3.028654331925623145e-06
2.995271856273149824e-06
2.907735529292268027e-06
2.902822748148645718e-06
2.763566354042868575e-06
2.676002398909823814e-06
2.660520246973446840e-06
2.552873798211295097e-06
2.451131431314829344e-06
2.436266555475468168e-06
2.367482989470293244e-06
2.283036843342773399e-06
2.238296806463466233e-06
2.214206713498824069e-06
2.202198008572967642e-06
2.098296594986493979e-06
2.048435719038572848e-06
1.869259376359469199e-06
1.859542820112650564e-06
1.830074629030210103e-06
1.787961828030307148e-06
1.764031644262142068e-06
1.711336419521847791e-06
1.629082998135782078e-06
1.556552997759293798e-06
1.554967064980490715e-06
1.524403059773158913e-06
1.431845076712525418e-06
1.373278276654866178e-06
1.325333697473753985e-06
1.288351406237806337e-06
1.260159606291559993e-06
1.190259990852664216e-06
1.172976447818771522e-06
1.155303200565661456e-06
1.074800792345608054e-06
1.029314426834042703e-06
9.379050618085497948e-07
8.696687865159717823e-07
8.554938715724453063e-07
8.402206616674881192e-07
8.185817395064358345e-07
8.084977578095687692e-07
7.917019039316097129e-07
7.636253830710242917e-07
7.128768509105305306e-07
7.002090278457723626e-07
6.813950518397238943e-07
6.554699542308166610e-07
6.258784716242741371e-07
6.033617670523759929e-07
5.533570690978801449e-07
5.424013228383576533e-07
5.065400879818895718e-07
4.769914320617836335e-07
4.588388996327189748e-07
4.216478367151349938e-07
4.128990701855807492e-07
4.043003148266788660e-07
3.984669556770957573e-07
3.835471495782566325e-07
3.317517835866864111e-07
3.075911340039313456e-07
3.067419174426949653e-07
2.697803778461319313e-07
2.604006867421999967e-07
2.404662009672685478e-07
2.118414114960858422e-07
1.922487844644032838e-07
1.473602742705549018e-07
1.120713741034971608e-07
1.115400991656867847e-07
2.993924945058117236e-08
2.567874567235003998e-08
1.278675644777150420e-08
