6.504792022705078125e+01
3.432378005981445312e+01
2.115137290954589844e+01
9.657560348510742188e+00
1.927186369895935059e+00
8.663668036460876465e-01
5.661879777908325195e-01
4.656578004360198975e-01
1.711583882570266724e-01
1.525962203741073608e-01
9.796058386564254761e-02
5.586710944771766663e-02
4.807814583182334900e-02
3.196775540709495544e-02
1.699590682983398438e-02
1.070115994662046432e-02
8.754945360124111176e-03
6.299224216490983963e-03
4.594398662447929382e-03
3.269260283559560776e-03
2.785936230793595314e-03
1.432136748917400837e-03
1.204124419018626213e-03
9.823073633015155792e-04
7.654134533368051052e-04
7.008971879258751869e-04
6.428498309105634689e-04
6.113512208685278893e-04
5.688411183655261993e-04
4.837868909817188978e-04
4.692379443440586329e-04
4.118380020372569561e-04
3.947831864934414625e-04
3.620226634666323662e-04
3.473224060144275427e-04
3.130516852252185345e-04
2.853368932846933603e-04
2.658435550983995199e-04
2.384258550591766834e-04
2.330788265680894256e-04
2.249898971058428288e-04
2.147423219867050648e-04
2.021763648372143507e-04
1.823095226427540183e-04
1.798984012566506863e-04
1.716281403787434101e-04
1.619930990273132920e-04
1.583869307069107890e-04
1.532916503492742777e-04
1.432801946066319942e-04
1.360196038149297237e-04
1.340124581474810839e-04
1.251233334187418222e-04
1.202991261379793286e-04
1.151265241787768900e-04
1.099485889426432550e-04
1.045322642312385142e-04
1.002562494250014424e-04
9.687745478004217148e-05
9.395784582011401653e-05
9.098003647523000836e-05
8.593426900915801525e-05
8.143121522152796388e-05
7.824075873941183090e-05
7.552007446065545082e-05
7.253504736581817269e-05
7.130809535738080740e-05
6.788558675907552242e-05
6.579737964784726501e-05
6.473050598287954926e-05
6.275247142184525728e-05
6.022792877047322690e-05
5.908241291763260961e-05
5.616386624751612544e-05
5.473972123581916094e-05
5.220212915446609259e-05
4.922885273117572069e-05
4.893226287094876170e-05
4.840127439820207655e-05
4.604848436429165304e-05
4.540403824648819864e-05
4.398566670715808868e-05
3.998264946858398616e-05
3.904605546267703176e-05
3.825686144409701228e-05
3.742317858268506825e-05
3.659923822851851583e-05
3.652804662124253809e-05
3.503957123029977083e-05
3.432653466006740928e-05
3.269744775025174022e-05
3.134240614599548280e-05
3.065802957280538976e-05
3.003742858709301800e-05
2.913962453021667898e-05
2.825876254064496607e-05
2.791250153677538037e-05
2.688866334210615605e-05
2.643635525600984693e-05
2.560761276981793344e-05
2.466466867190320045e-05
2.402803329459857196e-05
2.371055597905069590e-05
2.253732236567884684e-05
2.228351149824447930e-05
2.120007047778926790e-05
2.098559343721717596e-05
2.019391831709071994e-05
1.982023240998387337e-05
1.942810558830387890e-05
1.874738154583610594e-05
1.812923983379732817e-05
1.803639133868273348e-05
1.776467979652807117e-05
1.767690264387056231e-05
1.692953446763567626e-05
1.649778459977824241e-05
1.609450009709689766e-05
1.593267916177865118e-05
1.540596895210910589e-05
1.508784953330177814e-05
1.486580367782153189e-05
1.417069961462402716e-05
1.413800873706350103e-05
1.379510649712756276e-05
1.310459720116341487e-05
1.298035022045951337e-05
1.249452907359227538e-05
1.223532672156579792e-05
1.199382677441462874e-05
1.177298599941423163e-05
1.164278546639252454e-05
1.129847896663704887e-05
1.126670940720941871e-05
1.092248385248240083e-05
1.085265921574318781e-05
1.019964383885962889e-05
1.009583684208337218e-05
9.741123903950210661e-06
9.397836038260720670e-06
9.155424777418375015e-06
9.040254553838167340e-06
8.680382961756549776e-06
8.529618753527756780e-06
8.384537068195641041e-06
8.255695320258382708e-06
8.197621355066075921e-06
7.956535228004213423e-06
7.811534487700555474e-06
7.702170478296466172e-06
7.625946182088227943e-06
7.558285233244532719e-06
7.352981810981873423e-06
7.138358341762796044e-06
7.048559837130596861e-06
6.774719622626435012e-06
6.736961495334981009e-06
6.602609118999680504e-06
6.572223810508148745e-06
6.290945748332887888e-06
6.241884420887799934e-06
6.103470241214381531e-06
5.723904450860572979e-06
5.682616119884187356e-06
5.630392024613684043e-06
5.396906544774537906e-06
5.311394488671794534e-06
5.220738785283174366e-06
5.104448973725084215e-06
5.048207185609498993e-06
5.004145805287407711e-06
4.691692993219476193e-06
4.656210421671858057e-06
4.573601472657173872e-06
4.410969268064945936e-06
4.400338184495922178e-06
4.293673100619344041e-06
4.165457085036905482e-06
4.057327259943122044e-06
3.982910584454657510e-06
3.949921847379300743e-06
3.831458343483973294e-06
3.681233692987007089e-06
3.628734020821866579e-06
3.613382887124316767e-06
3.543224920576903969e-06
3.441298304096562788e-06
3.409281362110050395e-06
3.326758815092034638e-06
3.176216296196798794e-06
3.142273499179282226e-06
3.090765630986425094e-06
3.068841351705486886e-06
2.949096369775361381e-06
2.918616473834845237e-06
2.827924618031829596e-06
2.759545623121084645e-06
2.750997737166471779e-06
2.589047198853222653e-06
2.553229478508001193e-06
2.503216592231183313e-06
2.442322738716029562e-06
2.436331669741775841e-06
2.308564717168337665e-06
2.235437250419636257e-06
2.201777761001721956e-06
2.164365923817967996e-06
2.101028940160176717e-06
2.071417384286178276e-06
2.060556880678632297e-06
2.000921995204407722e-06
1.927729272210854106e-06
1.840720415202667937e-06
1.823514253374014515e-06
1.758328266987518873e-06
1.746569864735647570e-06
1.703299858490936458e-06
1.663989564804069232e-06
1.606787236596574076e-06
1.583321477482968476e-06
1.546882458569598384e-06
1.483918708800047170e-06
1.447310182811634149e-06
1.412263031852489803e-06
1.377667786073288880e-06
1.347787815575429704e-06
1.324617301179387141e-06
1.292102638217329513e-06
1.259989176105591469e-06
1.216080931953911204e-06
1.150213847722625360e-06
1.134685703618742991e-06
1.047384444063936826e-06
1.033581384035642259e-06
1.008478307085169945e-06
9.740243740452569909e-07
9.716025033412734047e-07
9.189226943817629945e-07
8.583191402067313902e-07
8.546295475753140636e-07
-8.461555580652202480e-07
8.104260018626519013e-07
7.916183903944329359e-07
7.612267154399887659e-07
-7.509523243243165780e-07
7.152292482714983635e-07
7.039119509499869309e-07
-6.599175321753136814e-07
6.512783556900103576e-07
6.357756205943587702e-07
6.091121349527384154e-07
-6.015342819409852382e-07
5.979807156109018251e-07
5.702475505131587852e-07
-5.653464540955610573e-07
5.550311357183090877e-07
5.282748816171078943e-07
4.791186825059412513e-07
4.602450758284248877e-07
4.349653295321331825e-07
-4.288168895527633140e-07
4.242727698056114605e-07
4.071062278399040224e-07
3.873606999604817247e-07
-3.811681779097852996e-07
3.676125288620823994e-07
3.476987444628321100e-07
3.379922191015793942e-07
-3.241618173888127785e-07
3.121170948361395858e-07
3.002034532073594164e-07
-2.892839461310359184e-07
2.731568429226172157e-07
2.551327327182661975e-07
-2.535224439270677976e-07
-2.519608415241236798e-07
2.296288528214063263e-07
2.152678604261382134e-07
-2.104991239093578770e-07
-1.967206912922847550e-07
1.950004104855906917e-07
1.795136341797842761e-07
-1.521543708804529160e-07
1.402502221026225016e-07
1.350193770122132264e-07
-1.303008758668511291e-07
1.236281264027638827e-07
-1.228521853136044228e-07
-1.107684823864474311e-07
1.001096379127375258e-07
8.620138913784103352e-08
-6.999001556096118293e-08
-5.323166263337952842e-08
5.238183931055573339e-08
-1.404091065637658176e-08
1.284200124018752831e-08
-5.994087004523862561e-09
