3.823063856870886554e-03 1.700349976914549907e-02
5.395746621053725683e-03 1.454073537824755041e-02
6.898649055481881863e-03 1.347167956403175215e-02
4.017899161681718484e-03 2.017184246197705616e-02
4.448442513683842359e-03 1.705020995481341256e-02
6.209257740013324200e-03 1.575770495925137710e-02
8.158641849335575291e-03 1.517743237568728795e-02
5.909931018617327510e-03 1.760523599470400352e-02
7.313837041658692237e-03 1.771776118400941735e-02
2.813482275346867231e-03 1.831402319145274127e-02
4.862406605003952859e-03 1.905245386317751949e-02
2.477000293189499189e-03 1.947514299548255140e-02
4.969073659755999031e-03 1.604046306365472171e-02
4.606781117952281411e-04 1.992004389089283359e-02
5.310843790236772707e-03 2.055595620139494262e-02
3.972143821205925554e-04 1.986691426594974774e-02
3.661960004383049173e-03 1.252173183924237820e-02
4.351116089494132082e-03 1.049044193315425838e-02
4.401381585305167397e-03 2.026699514174584715e-02
6.070647970538270606e-03 1.625641499415849192e-02
3.295906412139578030e-03 2.228418579977348504e-02
5.727714169164008391e-03 5.727714169164008391e-03
1.469353552049052316e-04 1.550663832167450962e-02
3.274173741797635918e-03 2.050334931359044585e-02
2.471057495329330531e-03 2.066276451063926711e-02
3.526096365870646544e-03 1.847932687029059037e-02
4.003482440059405630e-03 1.766338871640070821e-02
4.426332219841457374e-03 1.015459822725837610e-02
2.247992814664881434e-03 1.634549859056455556e-02
5.036723199583566582e-03 1.635132119802187867e-02
3.841586725543331710e-03 1.820904161061058513e-02
2.925902051143417599e-04 1.773939947916174445e-02
1.845208737814653431e-03 1.942685779352240627e-02
4.269546643450766233e-04 1.978437425851633027e-02
4.661024557449692900e-03 1.335308237590507666e-02
5.397842260173832049e-03 9.957181646133345457e-03
2.025977554094485125e-03 2.192242352420881168e-02
5.098986538663977802e-03 1.302174626034466841e-02
2.159005948078263331e-03 2.064180969730867662e-02
5.224453172976573599e-03 1.507700386875352599e-02
4.160270513165711948e-03 1.120965320887763739e-02
8.002231649774422043e-03 1.350997492665443819e-02
5.958055571177385198e-03 2.265548704901344801e-02
5.526987454884054601e-03 2.019342535765232885e-02
5.490803421968879806e-03 1.420770277097773218e-02
4.561261130500949938e-03 2.150505316667205430e-02
5.930229041345272227e-03 1.882760820001636720e-02
2.725167249459573351e-03 2.076290631421363192e-02
4.174518288979195933e-03 1.116138674962408733e-02
3.895089834382221318e-03 1.198692086630365888e-02
7.245283174996909256e-03 7.245283174996909256e-03
4.920412977932238537e-03 4.920412977932238537e-03
3.022535363021015831e-03 1.351434395391541178e-02
6.767896341503701861e-03 1.758433755691540812e-02
3.675870158073627891e-03 2.042084259407917282e-02
6.763926349019687249e-03 1.690137791122917066e-02
1.403662595588683806e-03 1.928421535017069144e-02
4.224877155598861199e-03 2.350197862467895069e-02
2.546066874454948163e-03 2.117293742207342414e-02
1.469613305578712330e-03 2.297470641617851625e-02
4.575063565649540968e-03 1.725607649344887765e-02
6.527156064769855381e-03 1.547468540223287566e-02
1.950609420294643556e-03 2.071548723082541205e-02
5.037733552841094919e-03 1.876842255238155011e-02
3.120842801622453070e-04 1.979323886307266314e-02
4.336600937962773773e-03 1.419158987226556284e-02
4.518349563692543227e-04 1.991273273614632688e-02
4.282275648069444780e-03 1.681180176552303854e-02
4.285278797217455249e-03 1.075773661609259399e-02
5.026017844887912915e-03 1.981289947818772393e-02
6.455504682759820832e-03 1.798348108028971146e-02
7.962382737868076805e-04 1.600792402926974958e-02
5.178302112401650566e-03 1.867271438469152514e-02
1.740085749455002771e-03 1.419837709604327911e-02
3.497959117481055837e-03 1.814764982800784465e-02
1.554016539666068855e-04 1.843364363701064865e-02
5.097600077932291137e-04 1.985237002108462129e-02
5.987405776242203225e-04 1.880927796195148993e-02
3.856352083521110666e-04 1.367034243220334282e-02
4.844113456103724819e-03 1.604094017269110800e-02
2.452912197807979432e-03 1.859495267261018422e-02
6.008618554569699483e-03 1.166420931358301202e-02
4.179019957966851641e-03 1.850482658188160739e-02
1.874549069748043589e-03 1.931385937068900646e-02
3.162690483993675986e-03 2.066484168710891467e-02
1.821070185647967097e-04 1.967543944667740630e-02
1.054930225942762605e-05 1.333651951536961831e-02
5.395222584086427527e-03 2.237799486755452649e-02
3.393959873606689371e-03 1.904579720894324091e-02
4.043782666946146311e-04 1.976537965294910409e-02
1.188855500937275114e-03 2.030986838766680319e-02
5.103891583140078916e-03 1.571243618315971285e-02
5.304051490407743659e-03 1.897825057291993231e-02
2.631852259244019110e-03 2.077169080594349140e-02
3.895888239074862466e-03 1.198487871813791635e-02
3.179097457806388371e-03 1.793748217273563247e-02
4.973197243244050283e-03 1.603089722169512982e-02
4.993622535210570819e-03 1.884286164814444331e-02
5.470683907376038511e-03 1.590868978865016964e-02
8.008765598518664472e-03 8.008765598518664472e-03
