1.127763636842430905e+01
9.508276071388108264e+00
4.375843978235343990e+00
1.144568333637754121e+00
2.805808686268417840e-01
1.701723672439401092e-01
1.441655199878614513e-01
8.143142045378617966e-02
7.312860946297475295e-02
5.583520674129514166e-02
4.911155629787825050e-02
3.684281133232662764e-02
3.279334017007685259e-02
2.131577059663115892e-02
1.979607064359313606e-02
1.427048380533257020e-02
1.291764665254636207e-02
8.731663544120879181e-03
8.004193816482279081e-03
6.284839003472207294e-03
4.650120238108133679e-03
4.130156129598609033e-03
2.518689500697937275e-03
2.284256798313159635e-03
1.845199140314088097e-03
1.703773038284469785e-03
1.469618025308207796e-03
1.299559098245084638e-03
1.252148341353781199e-03
1.183529339881369147e-03
1.111555566288996997e-03
1.032842217092898524e-03
1.016073557589767693e-03
6.926376320218964773e-04
6.378485154542886228e-04
5.755077097957195459e-04
5.466463134787153408e-04
5.219926939524313116e-04
5.067368106904847217e-04
4.580838830053409090e-04
4.288847770448736855e-04
3.963866880066534214e-04
3.701621506420027757e-04
3.601210116418452874e-04
3.334419826421492579e-04
3.138914695321511766e-04
2.922774449131454086e-04
2.749502597257770607e-04
2.602396882693698826e-04
2.501402197532483543e-04
2.326164691374774519e-04
2.206542924167327331e-04
2.133118044956934967e-04
2.013730753547714387e-04
1.894418361207051609e-04
1.857713223018237056e-04
1.845158316351593151e-04
1.738803766842512912e-04
1.691774141271500630e-04
1.549655489764628039e-04
1.515677216721783907e-04
1.487390362451919878e-04
1.393999318102707465e-04
1.264032491776241477e-04
1.200289503624421138e-04
1.178160257565395318e-04
1.108077359002128626e-04
1.087414294250207514e-04
1.066813322591732494e-04
1.016750589357230195e-04
9.762274627310652464e-05
9.694080649829813433e-05
9.419836342324652899e-05
8.877819140474870895e-05
8.637402874901206520e-05
8.094491450705184861e-05
7.960201209437194612e-05
7.811157011842279269e-05
7.584396895424724036e-05
7.395167865435804959e-05
7.254352782146093596e-05
6.937535563487349816e-05
6.734774369383201230e-05
6.552612287366117911e-05
6.237768311212981255e-05
6.109580590075621429e-05
5.992590612849839945e-05
5.718967443726158341e-05
5.627604974327679355e-05
5.386082683232014981e-05
5.261216183377585587e-05
5.177677539836819448e-05
5.050427739882086959e-05
4.972673794365588002e-05
4.753683193488748246e-05
4.640119611167096156e-05
4.531113167350684224e-05
4.438192494409088333e-05
4.351776120607342462e-05
4.302863932598486831e-05
4.205685815533530432e-05
4.080285117392223177e-05
3.914844776178810168e-05
3.760866391181780488e-05
3.698726395471963689e-05
3.658716230843570125e-05
3.622695371854875093e-05
3.497750640411673390e-05
3.406145022842681078e-05
3.366847740841264462e-05
3.315673354818806572e-05
3.226928675557420010e-05
3.185804158938071478e-05
3.123879620025459989e-05
3.117093694196496626e-05
3.007500755193374118e-05
2.913710456591606828e-05
2.832382666088502864e-05
2.760017487770408074e-05
2.691919268511149595e-05
2.633098349354197077e-05
2.552291716010051192e-05
2.520916100259114066e-05
2.484640386800590116e-05
2.432989966135814429e-05
2.406802892915749478e-05
2.352209890379456053e-05
2.279267813054735648e-05
2.259744968229179042e-05
2.235975639021531427e-05
2.200491727978677302e-05
2.171354828417294290e-05
2.118105812101233574e-05
2.087806543363798895e-05
2.017880612402279833e-05
1.993166681195069039e-05
1.921751759715262391e-05
1.869038931071133593e-05
1.818012214320915041e-05
1.803139743219913730e-05
1.756673203849157583e-05
1.729829385767317615e-05
1.686234140329884238e-05
1.675548016683681452e-05
1.665249662706627266e-05
1.598102793586016977e-05
1.568314618230659782e-05
1.551145453380727468e-05
1.530661120658721269e-05
1.509365273566652533e-05
1.473706267888755187e-05
1.418427820515312864e-05
1.407706214723761337e-05
1.394993847860155610e-05
1.348866230660614141e-05
1.341873564198545757e-05
1.313286369919706286e-05
1.294822970545947772e-05
1.246597637834873979e-05
1.224230989838650430e-05
1.201502447228857819e-05
1.161534081671398549e-05
1.155275422253456579e-05
1.137354920238504255e-05
1.121123890085731803e-05
1.114707580080910097e-05
1.083927218177305512e-05
1.031789648404246037e-05
1.028290097049434470e-05
1.008303482796434794e-05
9.822559674643801606e-06
9.636174129958963928e-06
9.457192709943346075e-06
9.345314734989382336e-06
9.144853112212125484e-06
8.805649613663669265e-06
8.643438532914273520e-06
8.546872755307630319e-06
8.397244677960156748e-06
8.298018242823580195e-06
8.150272360640798452e-06
7.882135071626958698e-06
7.673478206149216948e-06
7.562594499842748522e-06
7.447601094685711721e-06
7.354861358298912308e-06
7.309743925039613684e-06
7.063933125195459654e-06
7.023292008514711400e-06
6.770789780568568561e-06
6.678585291198924842e-06
6.451868579277592664e-06
6.308978989094526319e-06
6.216641427732639819e-06
6.035183508975216284e-06
5.945782077143797387e-06
5.897995856342243142e-06
5.763191842940617373e-06
5.530875677644045340e-06
5.489365634639370086e-06
5.312147059041021022e-06
5.193245560718376887e-06
4.978860241852070222e-06
4.884647324040872657e-06
4.800024233154851089e-06
4.643500389522986224e-06
4.597997603414867155e-06
4.530019243509671016e-06
4.342964718975235501e-06
4.216008277201137517e-06
4.087727845179795397e-06
4.046020821270683701e-06
3.908899611606697864e-06
3.849956488439421328e-06
3.720949169257470679e-06
3.592639132481450340e-06
3.522370467402073049e-06
3.407800165974474849e-06
3.339296004021560225e-06
3.256142352478083548e-06
3.215017060863230522e-06
3.100414334296164334e-06
3.019866631611620319e-06
2.981776491625867496e-06
2.880520423198181424e-06
2.834690170831638403e-06
2.754642569033016924e-06
2.715289981321526554e-06
2.572612779260915398e-06
2.466426685257287458e-06
2.377501756325503451e-06
2.361528757789692405e-06
2.252416494394228757e-06
2.183617086661870359e-06
2.168306644574687735e-06
2.051522032289560386e-06
2.001016772161705628e-06
1.953072128326403400e-06
1.927093723749558446e-06
1.820215240244396502e-06
1.775231278907424622e-06
1.740590385979044797e-06
1.691361284919188479e-06
1.570795021561643514e-06
1.550448447882967362e-06
1.447532666712754325e-06
1.405884306337330437e-06
1.355637281489359539e-06
1.326959841353637391e-06
1.248187578638646548e-06
1.218586023608945837e-06
1.210483074083658590e-06
1.166981481905853308e-06
1.107454424278486051e-06
1.093273951302872122e-06
1.057700410174217796e-06
9.871257804042496145e-07
9.833766102392286202e-07
9.765467193492255986e-07
9.283089854953311593e-07
8.986614107526672906e-07
8.854372180102918072e-07
8.428309725707402390e-07
7.781856653728452752e-07
7.551893210289313631e-07
7.430222489198171591e-07
7.055649274373815611e-07
6.806037600645866598e-07
6.632548918501129913e-07
6.356734640042744388e-07
6.032619515570020368e-07
5.388968933763166151e-07
5.372973493389743723e-07
4.854055917022338273e-07
4.799135132501733503e-07
4.527351091726001242e-07
4.381125815216045722e-07
4.235188702751000492e-07
3.994528943231142797e-07
3.991473371336292402e-07
3.341487707879285195e-07
3.223057332265783077e-07
2.889315535606663569e-07
2.774310804297950162e-07
2.738658616613853720e-07
2.545621612945328128e-07
2.433536952079809217e-07
2.123749288593948350e-07
1.739797200629217004e-07
1.623921451940828686e-07
1.212907869595562072e-07
1.112302283502710108e-07
7.498768428112139567e-08
5.505300848332617076e-08
4.134978323799527095e-08
2.335191448647615332e-08
7.555761972725428453e-09
