4.491179656982421875e+01
3.946504974365234375e+01
1.890649604797363281e+01
4.683005332946777344e+00
1.772356867790222168e+00
1.016023039817810059e+00
6.313624382019042969e-01
3.595440685749053955e-01
2.873026132583618164e-01
2.440153807401657104e-01
1.730332225561141968e-01
1.139700934290885925e-01
8.780032396316528320e-02
5.775293335318565369e-02
4.825542122125625610e-02
3.466631844639778137e-02
2.720433659851551056e-02
1.633577048778533936e-02
1.322388462722301483e-02
1.054790616035461426e-02
7.677020970731973648e-03
3.266739426180720329e-03
2.172759035602211952e-03
1.997567247599363327e-03
1.908266684040427208e-03
1.686651259660720825e-03
1.402860274538397789e-03
1.181882456876337528e-03
1.092707505449652672e-03
8.994944510050117970e-04
7.733885431662201881e-04
7.220314000733196735e-04
6.726761930622160435e-04
6.385431042872369289e-04
5.647884681820869446e-04
5.083532305434346199e-04
4.753110697492957115e-04
4.362357140053063631e-04
4.111148009542375803e-04
3.860282304231077433e-04
3.721704415511339903e-04
3.468013310339301825e-04
3.291785542387515306e-04
2.893288328777998686e-04
2.755520981736481190e-04
2.657280710991472006e-04
2.564885362517088652e-04
2.551292709540575743e-04
2.395265619270503521e-04
2.326043322682380676e-04
2.138179406756535172e-04
2.074271906167268753e-04
2.032722550211474299e-04
1.886027312139049172e-04
1.838518510339781642e-04
1.680393615970388055e-04
1.573148911120370030e-04
1.480871869716793299e-04
1.437538594473153353e-04
1.332049141637980938e-04
1.266453618882223964e-04
1.242672733496874571e-04
1.201883860630914569e-04
1.135830316343344748e-04
1.071620790753513575e-04
1.041461146087385714e-04
1.014187218970619142e-04
9.736597712617367506e-05
9.146303636953234673e-05
8.268949750345200300e-05
8.143776358338072896e-05
7.993783947313204408e-05
7.883540092734619975e-05
7.618496601935476065e-05
7.437858585035428405e-05
7.069713319651782513e-05
6.954646960366517305e-05
6.662188388872891665e-05
6.422019941965118051e-05
6.299326196312904358e-05
5.775061072199605405e-05
5.415674968389794230e-05
5.231337854638695717e-05
5.160320870345458388e-05
5.018840965931303799e-05
4.611675103660672903e-05
4.585595524986274540e-05
4.318996070651337504e-05
4.267889744369313121e-05
4.091273876838386059e-05
3.919413575204089284e-05
3.767980160773731768e-05
3.602637661970220506e-05
3.456408012425526977e-05
3.300272510387003422e-05
3.205559914931654930e-05
3.123452188447117805e-05
3.104820643784478307e-05
2.873833727790042758e-05
2.836152452800888568e-05
2.794541251205373555e-05
2.689736538741271943e-05
2.645038512127939612e-05
2.505021802789997309e-05
2.453911292832344770e-05
2.443471385049633682e-05
2.392948226770386100e-05
2.338113517907913774e-05
2.302915527252480388e-05
2.093149487336631864e-05
2.078800389426760375e-05
2.017067345150280744e-05
1.989766315091401339e-05
1.948077078850474209e-05
1.891631654871162027e-05
1.873104883998166770e-05
1.765798697306308895e-05
1.719565443636383861e-05
1.689555028860922903e-05
1.596474066900555044e-05
1.583587618370074779e-05
1.544544829812366515e-05
1.495426567998947576e-05
1.425359732820652425e-05
1.398284439346753061e-05
1.376948148390511051e-05
1.356151096842950210e-05
1.329404494754271582e-05
1.292543493036646396e-05
1.262942078028572723e-05
1.244074064743472263e-05
1.206132674269611016e-05
1.175501620309660211e-05
1.158348277385812253e-05
1.138321567850653082e-05
1.112185145757393911e-05
1.079656703950604424e-05
1.054105905495816842e-05
1.035980130836833268e-05
1.008141771308146417e-05
9.867964763543568552e-06
9.781011613085865974e-06
9.578517165209632367e-06
9.376464731758460402e-06
9.143498573394026607e-06
8.841748240229208022e-06
8.681914550834335387e-06
8.561123649997171015e-06
8.170520231942646205e-06
8.090884875855408609e-06
7.893487236287910491e-06
7.766007911413908005e-06
7.480964995920658112e-06
7.408403689623810351e-06
7.211511274363147095e-06
6.998180651862639934e-06
6.882968136778799817e-06
6.817716894147451967e-06
6.761709300917573273e-06
6.336129899864317849e-06
6.236270110093755648e-06
6.167079845909029245e-06
6.004202987242024392e-06
5.928685368417063728e-06
5.700171641365159303e-06
5.552898073801770806e-06
5.451280685520032421e-06
5.347910700947977602e-06
5.301728833728702739e-06
5.177011189516633749e-06
5.041869826527545229e-06
4.828940745937870815e-06
4.676617209042888135e-06
4.668019300879677758e-06
4.577048457576893270e-06
4.454059762792894617e-06
4.395256837597116828e-06
4.173114120931131765e-06
4.159676791459787637e-06
4.038390670757507905e-06
3.928761998395202681e-06
3.793903715632040985e-06
3.770775492739630863e-06
3.654798092611599714e-06
3.548607310221996158e-06
3.516037168083130382e-06
3.504682126731495373e-06
3.433190386203932576e-06
3.348931159052881412e-06
3.301816150269587524e-06
3.236342536183656193e-06
3.147895540678291582e-06
3.132369329250650480e-06
2.981948000524425879e-06
2.873839548556134105e-06
2.829782260960200801e-06
2.760618826869176701e-06
2.670765525181195699e-06
2.621286739667993970e-06
2.584813273642794229e-06
2.561615701779373921e-06
2.514014795451657847e-06
2.383469791311654262e-06
2.370654328842647374e-06
2.322699856449617073e-06
2.257244887005072087e-06
2.218669578724075109e-06
2.183647211495554075e-06
2.131076143996324390e-06
2.045128667305107228e-06
1.987681116588646546e-06
1.924006255649146624e-06
1.863083866737724748e-06
1.801149210223229602e-06
1.772906784935912583e-06
1.733855810925888363e-06
1.694329966994700953e-06
1.666685079726448748e-06
1.632671455809031613e-06
1.556808797431585845e-06
1.542083282402018085e-06
1.522606225989875384e-06
1.435642502656264696e-06
1.381376478093443438e-06
1.356756570203287993e-06
1.310438619839260355e-06
1.285277107854199130e-06
1.227258962899213657e-06
1.205982812280126382e-06
1.170149175777623896e-06
1.162283297162503004e-06
1.106023660213395488e-06
1.065125047716719564e-06
1.020222953229676932e-06
9.892304433378740214e-07
9.512748988527164329e-07
9.225138910551322624e-07
9.029552643369243015e-07
8.848023753671441227e-07
8.741755550545349251e-07
8.528974717592063826e-07
7.952290275170526002e-07
7.854029604459356051e-07
7.679657869630318601e-07
7.471405751857673749e-07
7.438904390255629551e-07
6.844514359727327246e-07
6.589615395569126122e-07
6.188940346874005627e-07
6.048043701412098017e-07
5.747002660427824594e-07
5.652531172017916106e-07
5.333370722837571520e-07
5.117284445077530108e-07
5.034713694840320386e-07
4.942961027154524345e-07
-4.916142870570183732e-07
-4.548045922092569526e-07
4.366531811683671549e-07
4.165083282714476809e-07
-4.055477234032878187e-07
3.922820894786127610e-07
3.834191488749638665e-07
3.725075146121525904e-07
3.654755005300103221e-07
-3.542209299212117912e-07
-3.477161669707129477e-07
3.183804153650271473e-07
3.029527420039812569e-07
2.908288649905443890e-07
-2.864516090994584374e-07
-2.525215450077666901e-07
2.445866869038582081e-07
2.360047943739118637e-07
2.219376256107352674e-07
-2.169114310390796163e-07
1.968950584796402836e-07
-1.921861780829203781e-07
-1.896664656442226260e-07
1.831506608596100705e-07
1.641916753669647733e-07
-1.501517061797130737e-07
1.498136299460384180e-07
-1.296287024388220743e-07
1.275849399462458678e-07
-1.197021362031591707e-07
1.127454254401527578e-07
9.181050586448691320e-08
7.826277936828773818e-08
-7.608036156625530566e-08
-6.357741000329042436e-08
5.231191124721590313e-08
3.155124161935418670e-08
-2.694859979612829193e-08
-1.929681836543295503e-08
1.181542419459447046e-08
3.788733771159513708e-09
