1.192958181571191156e+00
5.773432310020739644e-01
3.743963347174765754e-01
3.506566334721990530e-01
2.291476077745347451e-01
1.787472583017412908e-01
1.530200954109690592e-01
1.191279556462525868e-01
1.025831034918809614e-01
8.529066593620726611e-02
8.052431075492545720e-02
6.694226306651059055e-02
5.403570177587633389e-02
5.021793098804007427e-02
4.560833906456421283e-02
4.286189713980870231e-02
4.043299807194723761e-02
3.691449532485376744e-02
3.418241318247316335e-02
3.203907966084968556e-02
3.074212537249875962e-02
2.932448838902352098e-02
2.767616747281240186e-02
2.623217862662717906e-02
2.459673020559500350e-02
2.331802314504284948e-02
2.184683212948950251e-02
2.144461195090625882e-02
2.067919435782664128e-02
2.008410217734079087e-02
1.931235981529408688e-02
1.895066693276855826e-02
1.718962372603470914e-02
1.660131641903734093e-02
1.562086337994573158e-02
1.549207070392499136e-02
1.496116521807867167e-02
1.472014052477094159e-02
1.393218897021636024e-02
1.323630836411945379e-02
1.306750673508149697e-02
1.265639222341990132e-02
1.204175987277668336e-02
1.157595460035096280e-02
1.098007911406658280e-02
1.046136393311883524e-02
1.038304959006194905e-02
1.008950187680593240e-02
9.885643424776954444e-03
9.440253461526769072e-03
9.383864694536826062e-03
8.632823908778791341e-03
8.435884739878777433e-03
8.130656482441003807e-03
7.856819439922977516e-03
7.653257430019080355e-03
7.573540230082215566e-03
7.073869047086323546e-03
6.967449405457994127e-03
6.760781634409543557e-03
6.641868450189699312e-03
6.406095971899385295e-03
6.173084357589304211e-03
5.936615636840772078e-03
5.817767267243804073e-03
5.650705940126598756e-03
5.172919792725533435e-03
5.112443132478993423e-03
5.034691540465576799e-03
4.754467400621240243e-03
4.699622303639166415e-03
4.647768311059252179e-03
4.548642431579992540e-03
4.415393966037430701e-03
4.259057189010461049e-03
4.119842574322475290e-03
4.022199777969825453e-03
3.958916267643725583e-03
3.893436033489003356e-03
3.705483227599789143e-03
3.631146656015415627e-03
3.568414710179683078e-03
3.501497437357654115e-03
3.330315368832771541e-03
3.252077461646666560e-03
3.216020448644313530e-03
3.118012734782967844e-03
3.040564511229153569e-03
2.870436166171134226e-03
2.814575305417813152e-03
2.773677766266590978e-03
2.731566233252625490e-03
2.639092116369287037e-03
2.483112884868003516e-03
2.437974608082608442e-03
2.410927122946635720e-03
2.345465961924624292e-03
2.317067725956282413e-03
2.248363509944676947e-03
2.173100083587225541e-03
2.146138875349165673e-03
2.085370624766128608e-03
2.070931502551851076e-03
1.972854644062300468e-03
1.908584903222332058e-03
1.873371152026263951e-03
1.852330918781642686e-03
1.798452053303807195e-03
1.778458534386001284e-03
1.763445582175503755e-03
1.711677899331008525e-03
1.657028815734764736e-03
1.652146026163254459e-03
1.565912670703823242e-03
1.515383640440335668e-03
1.509917507291331498e-03
1.450896930786111077e-03
1.425852541669460610e-03
1.360398230162759153e-03
1.347310848652740964e-03
1.310136105642214100e-03
1.304421866680880761e-03
1.239398417781781671e-03
1.186840465246109420e-03
1.161416781970805783e-03
1.142405023909245443e-03
1.110066330646391607e-03
1.087161586762923739e-03
1.069527545440473191e-03
1.047761573521468949e-03
1.032421299670793985e-03
9.830107025575935721e-04
9.548669114302929615e-04
9.507822063493223457e-04
9.202363723051150716e-04
8.998127152463843061e-04
8.727492701876581917e-04
8.361790360038997769e-04
8.242331440316874635e-04
8.038488661155431285e-04
7.771445484460262360e-04
7.579188763821131502e-04
7.528725294654749602e-04
7.231604205005196396e-04
7.129987866344118580e-04
7.014747643577857236e-04
6.931586708999847978e-04
6.830880861001716866e-04
6.621225089608347549e-04
6.377683752868011299e-04
6.133398188403846752e-04
5.995198426191591977e-04
5.872478552296980922e-04
5.749565725579621443e-04
5.598739050014749216e-04
5.296954472285576301e-04
5.214951979738472430e-04
5.130761019539397619e-04
4.959340938213637221e-04
4.874317959767057468e-04
4.627137977737296858e-04
4.436333972129906074e-04
4.240953037074645434e-04
4.221964914994325241e-04
4.035261761232901857e-04
3.922899273430540562e-04
3.816087108735429423e-04
3.728391317858801950e-04
3.540014381360256164e-04
3.470655211385078611e-04
3.412540393649310020e-04
3.357401506227177565e-04
3.180477835130759382e-04
3.026247593907438450e-04
2.982436107595696118e-04
2.767421377912239206e-04
2.699138407682645686e-04
2.639006190775949781e-04
2.537388713691196432e-04
2.432918986989842346e-04
2.384488331916218614e-04
2.288852577797055555e-04
2.170757102618494478e-04
2.134559907104443004e-04
2.035393692549831751e-04
1.985103112604947771e-04
1.843250275560604824e-04
1.800205828150575819e-04
1.719617318339624517e-04
1.670013609069997160e-04
1.583387132493268158e-04
1.536422717888857804e-04
1.477518460082868923e-04
1.390296012395348432e-04
1.359861548625694865e-04
1.265333376697037654e-04
1.214586610903502293e-04
1.177239390811866845e-04
1.148507908633524948e-04
1.053024626779197289e-04
1.031261821276631586e-04
9.701921957766640697e-05
9.001656986953478060e-05
8.809029124187080825e-05
8.248240669314412811e-05
7.330133311215192521e-05
6.631263743707740391e-05
6.617727148106535722e-05
5.811950055454481826e-05
5.728104617649736833e-05
5.469276119891294070e-05
4.827088988119943285e-05
4.519564702842238704e-05
4.220574280430396672e-05
3.519427815991427335e-05
2.703086125403383652e-05
2.077915280787709478e-08
1.861420542735760885e-08
1.661898401059335434e-08
1.591483309530474282e-08
1.589474943424017588e-08
1.493807378859257868e-08
1.483021487662351702e-08
1.397701864006895080e-08
1.364257133516455209e-08
1.322636735419366103e-08
1.236814590882640144e-08
1.145764462070644001e-08
1.094043229099783097e-08
1.066744645376548633e-08
1.026791296192279200e-08
1.014805603390240001e-08
9.943400454493600310e-09
9.807892779208874648e-09
9.521958496489998869e-09
9.127948985378936843e-09
9.003317001399931803e-09
8.725667288244929374e-09
8.470552701261172406e-09
8.037506181461777688e-09
7.586545396472828466e-09
7.361731830689096930e-09
7.233675004389415147e-09
6.922820557726614749e-09
6.921703576011321042e-09
6.567589594277405228e-09
6.397786901773853600e-09
6.285648175653157466e-09
6.156856614373386379e-09
5.966059915260815948e-09
5.832193363426716430e-09
5.398425204454634426e-09
5.154417078682157656e-09
4.961679565474126898e-09
4.881281574303946547e-09
4.644758431593033880e-09
4.585237920203525739e-09
4.501518178454544693e-09
4.438647464925612422e-09
4.225370291506601651e-09
4.167669380345742958e-09
4.004756446834868079e-09
3.904029924713020220e-09
3.680271784383010675e-09
3.392418605691635123e-09
3.374375759954068953e-09
3.334627256271913406e-09
3.068171894514064507e-09
3.035525523814646027e-09
2.791885722974047163e-09
2.704337139663867577e-09
2.529499545942038716e-09
2.453384072484284143e-09
2.361534621194484494e-09
2.324600613102179633e-09
2.106495553562744181e-09
1.990783274760589772e-09
1.771010934111697354e-09
1.733832897773075204e-09
1.554084557341575018e-09
1.466943843382745651e-09
1.435314001481610668e-09
1.411642914316118457e-09
1.291882297597087468e-09
1.122335016589348031e-09
9.810112163395785128e-10
9.358560054606926595e-10
8.387850436096742143e-10
6.693780516423825303e-10
6.368067466321298907e-10
4.754306162728837564e-10
4.241246150172762485e-10
3.703798507864419372e-10
2.100510130837514143e-10
1.505712665092903184e-10
9.672751597720951887e-11
2.209975516128065214e-11
