3.894750507845224849e-03 1.722782126093014982e-02
6.020605952652857695e-03 1.158120061571268726e-02
6.673235786680650761e-03 1.478556669823943327e-02
4.467849563370453018e-03 1.972357894560544667e-02
4.942572657464352169e-03 1.610127031713840320e-02
4.461516676327112810e-03 1.959349316775774175e-02
7.805843293096142652e-03 1.733896218447470577e-02
7.001977931407832312e-03 1.586505046106988226e-02
6.551369233476598761e-03 2.020263142690449654e-02
3.150284303470109876e-03 1.816444649949638598e-02
5.269287985337922468e-03 1.834204029578461598e-02
2.249690148650066151e-03 1.947977514372148389e-02
4.788578576002684717e-03 1.643286096875655120e-02
6.062724968774402734e-04 2.003612291279621010e-02
5.179994484003860693e-03 2.075422113630491505e-02
8.237621095773922089e-04 2.019438324688944963e-02
3.437829484253807945e-03 1.293801867830124061e-02
4.227218827269146016e-03 1.097589559221029756e-02
4.589594616338088864e-03 2.005613301659993353e-02
6.032335178563155362e-03 1.638492633890562683e-02
3.653147354330159215e-03 2.215210804559299140e-02
5.773685101149983109e-03 5.773685101149983109e-03
3.362994729838757798e-04 1.567397606632228019e-02
3.375582402278187559e-03 2.045954389666466977e-02
1.849647101411316464e-03 2.057869623213915908e-02
3.105084194328242876e-03 1.873287670262829829e-02
3.789902586111221997e-03 1.789281650356024447e-02
4.250564592003619815e-03 1.089000700613568587e-02
2.588632289473927466e-03 1.624754439226851199e-02
4.948289920980666542e-03 1.654763087861380738e-02
4.053071426168187649e-03 1.798458292799117939e-02
1.269502670848535186e-03 1.839011196171801144e-02
2.287083681946728772e-03 1.948075422632028486e-02
1.127982723583950166e-03 2.027622620858671176e-02
4.524446676754085607e-03 1.373431450483291946e-02
5.928321601913059610e-03 5.928321601913059610e-03
2.146792123801516579e-03 2.194940589713421583e-02
5.844261743781522384e-03 1.466006421624155114e-02
2.280893998927766009e-03 2.065520483709230859e-02
4.976777720664439519e-03 1.573511766777203197e-02
4.060041459564870010e-03 1.152875859353249925e-02
7.924474465389259176e-03 1.420825896926740731e-02
5.992362141136943487e-03 2.259883295114928706e-02
5.399151621566085531e-03 2.041331381759236424e-02
5.080793917740349108e-03 1.547366768613658676e-02
4.499380297300132302e-03 2.156498838102269625e-02
5.548941304233948740e-03 1.964444628294340078e-02
2.768094016124724409e-03 2.075746962455390920e-02
4.166586253005834066e-03 1.118835273477063012e-02
3.823327165853493761e-03 1.216421916044323377e-02
7.201050502541495903e-03 7.201050502541495903e-03
4.835584155060155230e-03 7.027653551213231334e-03
3.026695256854881368e-03 1.350963894597236384e-02
6.772072766672240091e-03 1.756918163201894381e-02
3.863786781107194680e-03 2.029318429700744178e-02
6.453533435927941327e-03 1.798966225561200033e-02
1.235643164366088042e-03 1.920759001791213713e-02
4.039095276183986630e-03 2.360822955690761865e-02
2.329951095066839194e-03 2.116467350199789307e-02
1.396756613687317409e-03 2.293769706346563200e-02
4.461516676327112810e-03 1.743802655658523160e-02
6.531919306635912588e-03 1.545372722077650862e-02
1.577384348103884077e-03 2.059974120322043828e-02
5.094687282253825000e-03 1.866921327368977965e-02
6.725989459677515596e-04 2.008631384318708066e-02
4.149586646200517821e-03 1.458258748960296336e-02
1.127982723583950166e-03 2.038502392216994669e-02
4.644708467945121017e-03 1.618083728762918089e-02
4.077414416366967505e-03 1.147586924399480492e-02
4.832659701115578355e-03 2.008838908335057460e-02
6.400742909652324016e-03 1.815218353368010587e-02
1.313291424939947013e-03 1.625771723749764100e-02
5.346527055483169498e-03 1.834716433782052070e-02
1.568396329937305237e-03 1.419401446418316719e-02
3.841770722800209436e-03 1.784060267224570062e-02
5.044492094758135613e-04 1.873607804026411472e-02
1.036544590226445113e-03 2.022293745256592903e-02
1.022814916612678699e-03 1.909330245279465890e-02
9.947872565934815035e-04 1.404354550770021796e-02
5.024836331354600415e-03 1.561682539521349472e-02
2.892957453742313074e-03 1.848729286413115791e-02
5.858757661238609034e-03 1.257640586290470659e-02
4.132517110057031678e-03 1.855765755033595213e-02
2.146792123801516579e-03 1.935260938148409757e-02
3.177095717158046929e-03 2.065995829683502094e-02
1.152776514537177076e-03 2.039896561803841366e-02
8.407486824596892326e-04 1.396931659664477250e-02
5.592084877202133618e-03 2.209760356136718923e-02
4.378355669906788469e-03 1.810592512175287355e-02
1.376364911683905599e-03 2.040421241689464177e-02
1.647524219154784418e-03 2.051549417607058043e-02
5.209929032819526906e-03 1.543050529236546231e-02
5.370271926071742974e-03 1.885213795397446684e-02
2.413402738822403252e-03 2.077633981493258453e-02
3.676293186858645059e-03 1.249209565931867078e-02
2.773196497904144905e-03 1.812448843044681124e-02
5.024836331354600415e-03 1.590867035588557077e-02
3.771205370011158128e-03 2.023236281796241334e-02
5.466806280965121230e-03 1.591981289699406776e-02
7.646654331706987523e-03 1.248391389816520120e-02
