8.597735710816990506e-01
4.552560283984427580e-01
2.323876619268630539e-01
1.314625747873900685e-01
7.949305972113664132e-02
7.057757437758452324e-02
5.918216519968265421e-02
5.438795742581659792e-02
3.902812033170655059e-02
3.263868691861097904e-02
3.037331196460189495e-02
2.769073001875347814e-02
2.103874377193769296e-02
1.496545614592181134e-02
1.387425569021377529e-02
1.200727726572144681e-02
1.033817610599227152e-02
9.342622607600551549e-03
8.961213599676330285e-03
8.230024183969375171e-03
6.743691588392465401e-03
6.425902144955961993e-03
5.545343973840490340e-03
5.211003850685331715e-03
4.648253799243408195e-03
4.121727999719094343e-03
3.695984624119470329e-03
3.429290156885089324e-03
3.126872183202126371e-03
2.941518673670506269e-03
2.576666447387185050e-03
2.270767745288167043e-03
2.092742052769967082e-03
1.856899124064740215e-03
1.778537477585739575e-03
1.518266583621875106e-03
1.442017818595403133e-03
1.334356432567799806e-03
1.258174483576809163e-03
1.168843603478141729e-03
1.151488912212286385e-03
1.022173488830877821e-03
9.850028189991332818e-04
9.471868399389386404e-04
8.850881866244296892e-04
7.828902350074728534e-04
6.738977721075706034e-04
6.310463979935731181e-04
6.206810198174657995e-04
5.808707517912551580e-04
5.669999689464314419e-04
5.090005892920129857e-04
4.856404518400284651e-04
4.690229701883726022e-04
4.004096103662998282e-04
3.673296067168298315e-04
3.602665739606402285e-04
3.365960422187953957e-04
3.203603522016326070e-04
3.022547734454569422e-04
2.912649135865085902e-04
2.785336684384926245e-04
2.680188862217438520e-04
2.595681199814831963e-04
2.430476073562362464e-04
2.341865526771263648e-04
2.134235099786814017e-04
2.020963864254559489e-04
1.968599463173386385e-04
1.920162515264632987e-04
1.876752038892404737e-04
1.660012443917187612e-04
1.542027654624449334e-04
1.474954635911409902e-04
1.421674569414211253e-04
1.393847887152339037e-04
1.342447972434002005e-04
1.295860704946914127e-04
1.199730567146916027e-04
1.194836570076752009e-04
1.131300706411890748e-04
1.028281086641479638e-04
9.873140383327966947e-05
9.738825171528004527e-05
9.297443029592654298e-05
9.120513233785128098e-05
8.697907386162724520e-05
8.284651991842503012e-05
8.078472752142189467e-05
7.861102376416440681e-05
7.778459362293360451e-05
7.297573189246301534e-05
7.204082761838313570e-05
6.686256875789581278e-05
6.501955941317787190e-05
6.197658141996694500e-05
6.019390836116585830e-05
5.732859950378335796e-05
5.602403913711029819e-05
5.403841660706996134e-05
5.286513405533909115e-05
5.008881018116858512e-05
4.971146537972677870e-05
4.710976214445771192e-05
4.561771822245026380e-05
4.325664720610153776e-05
4.212670410623838436e-05
3.992543886621001669e-05
3.949858994598299546e-05
3.844720774000226309e-05
3.763382503577059486e-05
3.677486190334247704e-05
3.446200084199715653e-05
3.383491882095816908e-05
3.250290350020508670e-05
3.163641430084202595e-05
3.056861094546480093e-05
3.023663155587085291e-05
2.902355942339847745e-05
2.843013805774925761e-05
2.763626149882583244e-05
2.658546606284074263e-05
2.534760119758820953e-05
2.429288624350494104e-05
2.344159416811062861e-05
2.304903665875445784e-05
2.212451600378765871e-05
2.168835172349670187e-05
2.055046885084329275e-05
2.024453555852334896e-05
2.000302496667521644e-05
1.926847005527055476e-05
1.879784092624892970e-05
1.792244926212447986e-05
1.777741292354891950e-05
1.757656698452162838e-05
1.657978161524278248e-05
1.606153705064906336e-05
1.506317877581762378e-05
1.468235279083558474e-05
1.406291538184517145e-05
1.364830143367356807e-05
1.350370868630036418e-05
1.312087388050346890e-05
1.268474870383457906e-05
1.247432346986599764e-05
1.216554116711019959e-05
1.180008273317624876e-05
1.144599517014385185e-05
1.103981608644461084e-05
1.087044193257080046e-05
1.049843031274218042e-05
1.033723760396770468e-05
1.015799853739873321e-05
9.799280118844126369e-06
9.352963862579254971e-06
9.124542891248218238e-06
8.699389057966611653e-06
8.503749084491570663e-06
8.329634283903114789e-06
8.227633224003845567e-06
8.020496606076781297e-06
7.530858932629495267e-06
7.491170798848501392e-06
7.028814633766951465e-06
6.912762851393848444e-06
6.761597084540751545e-06
6.358548595639587349e-06
6.294874728465406790e-06
5.994110605061347376e-06
5.804044803186323356e-06
5.681376796958899358e-06
5.602104296427910487e-06
5.443122412432672913e-06
5.038914855238176708e-06
4.879170971801453744e-06
4.775685748716136967e-06
4.702753224133966561e-06
4.525608962936596971e-06
4.437863458156258632e-06
4.205533639046914148e-06
4.190277183971359024e-06
3.949358136482905775e-06
3.797405696346649682e-06
3.711575033268736159e-06
3.600629552360789804e-06
3.542933020636953025e-06
3.395809682483107706e-06
3.257920884257196178e-06
3.125855197245402393e-06
3.029401524320605125e-06
2.929488624400425820e-06
2.789778411782677174e-06
2.595581142635610313e-06
2.476345671228313161e-06
2.446801363293535867e-06
2.312968797578333683e-06
2.222702640049289865e-06
2.171103850285954136e-06
2.119676890945262121e-06
2.056395793179202317e-06
1.982326651905532290e-06
1.919977190209723970e-06
1.904638529708030445e-06
1.730420855882795457e-06
1.652601388675745965e-06
1.550820968098566766e-06
1.519290969981333160e-06
1.504189366769293217e-06
1.474730140166697040e-06
1.349725250324881265e-06
1.301603780712927418e-06
1.217586137699900362e-06
1.162444679480714548e-06
1.086961559330961532e-06
1.057961567785217011e-06
9.218916064021909973e-07
8.979034875941334300e-07
8.820136657436342606e-07
8.434939837344605086e-07
8.071236181391325589e-07
7.789652751905315969e-07
7.288168578359492744e-07
7.011183879418026391e-07
6.469258432866958157e-07
6.208964607285453507e-07
6.027127224905653279e-07
5.203834591510831021e-07
4.977761044271954057e-07
4.891269640860978135e-07
4.496232051191056484e-07
4.039294384388416992e-07
3.650116439153539251e-07
3.407689004115768364e-07
3.040666178207332154e-07
2.897819772008948967e-07
2.458381915318319620e-07
2.224734646353945908e-07
1.962738316176250024e-07
1.924919939543246537e-07
1.538709746781509096e-07
1.421873505545995077e-07
9.831939129163385142e-08
3.386076848704711452e-08
2.806558041602508571e-08
2.511119894115034077e-08
2.300576484641808923e-08
1.987678212887287984e-08
1.623476609136025998e-08
1.541158137012969235e-08
1.423675222671467878e-08
1.356524298311182309e-08
1.345890978446499486e-08
1.238085261074552894e-08
1.101046471044456960e-08
9.611305746775424838e-09
9.326053484186626875e-09
8.770773156113494283e-09
8.421763785067957321e-09
8.374301710149727434e-09
8.144154088343305781e-09
8.016769620150497840e-09
7.692585202063770884e-09
7.030453376582575282e-09
6.689392272554733442e-09
6.553821726691793784e-09
6.519884118590960464e-09
5.531149049825149300e-09
5.483086030342239186e-09
4.991274072394214732e-09
4.896298343690440439e-09
4.733732785480786993e-09
4.417582238686304436e-09
4.208317393179516794e-09
3.737836388088895391e-09
3.723285802469355583e-09
3.482493639578680641e-09
3.264342195235970099e-09
2.484822117428463849e-09
2.330654539333349058e-09
2.168522302349509112e-09
1.902745820331948264e-09
1.899255387929694161e-09
1.860651457422895094e-09
1.837625357142645610e-09
1.731482753592392822e-09
1.438337797726427850e-09
1.274035133404127286e-09
1.058090256768973108e-09
7.269284638445186174e-10
6.950922047859282686e-10
6.638368440638584652e-10
4.696517957833305894e-10
3.484926978659219811e-10
2.676376339852236950e-10
1.480038984586930214e-10
2.615595834974655135e-11
