1.304304599761962891e+00
6.241980791091918945e-01
3.923351466655731201e-01
1.844145506620407104e-01
1.066792160272598267e-01
8.501569926738739014e-02
7.671599835157394409e-02
6.338088214397430420e-02
5.289605632424354553e-02
4.207190126180648804e-02
3.603177145123481750e-02
2.850529924035072327e-02
2.309912256896495819e-02
2.088772878050804138e-02
1.803936809301376343e-02
1.314288377761840820e-02
1.043545082211494446e-02
9.543475694954395294e-03
7.606521714478731155e-03
6.912727374583482742e-03
5.981916096061468124e-03
4.550815559923648834e-03
4.406777676194906235e-03
4.237233195453882217e-03
3.917120862752199173e-03
3.282553981989622116e-03
3.193317679688334465e-03
2.985577797517180443e-03
2.661246806383132935e-03
2.398151438683271408e-03
2.095642033964395523e-03
1.837206771597266197e-03
1.682185800746083260e-03
1.553019857965409756e-03
1.461885403841733932e-03
1.391437603160738945e-03
1.193388248793780804e-03
1.131367986090481281e-03
1.005895901471376419e-03
8.887943113222718239e-04
8.458090014755725861e-04
7.959479698911309242e-04
7.555498159490525723e-04
7.205027504824101925e-04
6.475214031524956226e-04
5.991786019876599312e-04
5.841831443831324577e-04
4.883602377958595753e-04
4.687854088842868805e-04
4.539355577435344458e-04
4.264668968971818686e-04
3.864206082653254271e-04
3.759916871786117554e-04
3.465068002697080374e-04
3.229779249522835016e-04
3.055541892535984516e-04
2.864568959921598434e-04
2.731399727053940296e-04
2.561097790021449327e-04
2.457730006426572800e-04
2.329713315702974796e-04
2.150866639567539096e-04
2.053467760561034083e-04
1.875619345810264349e-04
1.841353805502876639e-04
1.720042782835662365e-04
1.617293746676295996e-04
1.448369730496779084e-04
1.434480509487912059e-04
1.429208641638979316e-04
1.356810535071417689e-04
1.249767665285617113e-04
1.212424322147853673e-04
1.131945100496523082e-04
1.083213646779768169e-04
9.827845497056841850e-05
9.206569666275754571e-05
8.956121018854901195e-05
8.701218030182644725e-05
8.482953853672370315e-05
8.032464393181726336e-05
7.401335460599511862e-05
7.174042548285797238e-05
7.086715777404606342e-05
6.672358722425997257e-05
6.107792432885617018e-05
6.016371116857044399e-05
5.838493962073698640e-05
5.500514816958457232e-05
5.010969834984280169e-05
4.800240640179254115e-05
4.697392796515487134e-05
4.467087637749500573e-05
4.324725887272506952e-05
4.151475513936020434e-05
4.114964758628048003e-05
3.991124322055839002e-05
3.904708137270063162e-05
3.756590740522369742e-05
3.466963971732184291e-05
3.410019780858419836e-05
3.235646363464184105e-05
3.048733196919783950e-05
2.955893978651147336e-05
2.866991962946485728e-05
2.774795757432002574e-05
2.700007280509453267e-05
2.568492163845803589e-05
2.497880814189556986e-05
2.447578663122840226e-05
2.320142266398761421e-05
2.230298377980943769e-05
2.202174073318019509e-05
2.103362203342840075e-05
2.014057645283173770e-05
1.965391129488125443e-05
1.894489651022013277e-05
1.862215867731720209e-05
1.747969690768513829e-05
1.730324402160476893e-05
1.667592914600390941e-05
1.606101432116702199e-05
1.548917498439550400e-05
1.477529167459579185e-05
1.432654789823573083e-05
1.371665712213143706e-05
1.348400019196560606e-05
1.306806916545610875e-05
1.240005258296150714e-05
1.201011127704987302e-05
1.171397525467909873e-05
1.091436661226907745e-05
1.069375593942822888e-05
1.010755386232631281e-05
9.797580787562765181e-06
9.356036571261938661e-06
9.147571290668565780e-06
8.937443453760351986e-06
8.866491043590940535e-06
8.243625416071154177e-06
8.093956239463295788e-06
7.798832484695594758e-06
7.598173397127538919e-06
7.418065251840744168e-06
7.176740837167017162e-06
6.784010111005045474e-06
6.537356057378929108e-06
6.263196155487094074e-06
6.121142632764531299e-06
5.958319434284931049e-06
5.809926278743660077e-06
5.721666184399509802e-06
5.293251433613477275e-06
5.105529453430790454e-06
4.915038061881205067e-06
4.853755854128394276e-06
4.742458713735686615e-06
4.728353360405890271e-06
4.405973868415458128e-06
4.229728801874443889e-06
4.090875336260069162e-06
3.931937044399091974e-06
3.874676167470170185e-06
3.803175559369265102e-06
3.709126076500979252e-06
3.596008809836348519e-06
3.433936626606737264e-06
3.388730874576140195e-06
3.270459046689211391e-06
3.130142886220710352e-06
2.929235733972745948e-06
2.871396873160847463e-06
2.807619011946371756e-06
2.754731212917249650e-06
2.604582959975232370e-06
2.473399263180908747e-06
2.442450067974277772e-06
2.375461463088868186e-06
2.292373892487375997e-06
2.211682840425055474e-06
2.129404720108141191e-06
2.099749508488457650e-06
2.010080152103910223e-06
1.948538510987418704e-06
1.870839469120255671e-06
1.843735844886396080e-06
1.764155740602291189e-06
1.672502889960014727e-06
1.616422764527669642e-06
1.561080125611624680e-06
1.545914642520074267e-06
1.425277105226996355e-06
1.401645477017154917e-06
1.336620584879710805e-06
1.311100959355826490e-06
1.251971070814761333e-06
1.197989604406757280e-06
1.103577915273490362e-06
1.080936044672853313e-06
1.026647055368812289e-06
9.914419933920726180e-07
9.391709454575902782e-07
9.016106332637718879e-07
8.785698923929885495e-07
8.405489211327221710e-07
8.263099857686029281e-07
7.704892936999385711e-07
7.590550126224115957e-07
7.418406653414422181e-07
7.132161385925428476e-07
6.652610409219050780e-07
6.388756332853517961e-07
6.314410256891278550e-07
5.883397875550144818e-07
5.544113719224696979e-07
4.993530637875664979e-07
4.716396517778775888e-07
4.664280766064621275e-07
4.523762981989420950e-07
4.452713540104014101e-07
4.362755419151653768e-07
4.071517878401209600e-07
3.581599798962997738e-07
3.512844841679907404e-07
3.306344069642364047e-07
3.078037877912720433e-07
2.943545496236765757e-07
2.576775557372457115e-07
2.425040577236359240e-07
2.339836271403328283e-07
2.261073319687056937e-07
1.919472225608842564e-07
1.855117943705408834e-07
1.742397444104426540e-07
1.646696716761653079e-07
1.538034268833143869e-07
1.339606114925118163e-07
1.137833436359869665e-07
1.001979512693651486e-07
9.745951956574572250e-08
8.785546157241697074e-08
7.419806280495322426e-08
4.699229450011443987e-08
-1.646479397265920852e-08
1.411177219523551685e-08
-1.205267796677844672e-08
-1.082604139668319476e-08
1.055326492860331200e-08
9.698685410342022806e-09
9.324603311711143760e-09
-8.729739597868046985e-09
8.207804214066527493e-09
-7.409701296978710161e-09
-6.659815809939573228e-09
6.234735838717142542e-09
-5.879975617517629871e-09
-5.697830207651577439e-09
5.032851913000513377e-09
-4.959087807065998277e-09
-4.776984141585671750e-09
4.611921511354921677e-09
4.429846267584025554e-09
4.374713036270350131e-09
-4.317433965894679204e-09
-4.132390873934355113e-09
3.813930504747986561e-09
-3.668884751562018209e-09
3.598974673835186877e-09
-3.584859076255497712e-09
3.350708377425348772e-09
-3.329559294940054315e-09
2.986256575354673259e-09
-2.837244661435533999e-09
2.504215501630824292e-09
2.404249022092130872e-09
-2.321948189276668018e-09
2.124117326474106449e-09
-2.017965794465226281e-09
1.983642361480519867e-09
1.814264738442261660e-09
-1.724298814842484262e-09
-1.639353541804666747e-09
-1.546697325771617670e-09
1.424924844783959088e-09
-1.287052464604698798e-09
1.116676973111907500e-09
-9.729941297109689913e-10
8.763875736228499136e-10
-7.852937189412045882e-10
7.635695964403055314e-10
-6.647595807152129055e-10
-5.295061611398921286e-10
4.957468879851489874e-10
4.490523508593469160e-10
-2.561658107858022504e-10
1.561487883439127700e-10
-3.645462404167076897e-11
