1.137371116656655445e+01
4.567924717640715393e+00
3.339903169946997430e+00
2.387870689879690200e+00
1.601882662997442752e+00
1.454609370127405876e+00
1.327530409740582673e+00
1.062129431535809188e+00
9.083732713079617493e-01
7.027218679955555825e-01
6.690972506434812450e-01
5.390158228564132514e-01
4.241499367566328726e-01
3.910547268172359092e-01
3.279291391112425513e-01
3.116518948860103611e-01
2.806340121968836643e-01
2.573656278572291622e-01
2.204609712195877147e-01
2.158770072110706983e-01
1.796184224126828322e-01
1.688106790279492175e-01
1.578857163428503130e-01
1.254967855730898529e-01
1.163525502810585643e-01
1.032355829311194378e-01
9.861512524811244518e-02
9.276290220349325821e-02
8.371757689415082471e-02
7.803244848038809467e-02
7.032598354604485680e-02
6.687331369123579450e-02
6.008467775352564072e-02
5.812704129697898042e-02
5.573428390950174727e-02
5.414888112519817415e-02
5.129767110390959228e-02
4.690653197494665250e-02
4.443574595104439473e-02
4.256730888930966572e-02
3.969563849285778073e-02
3.805668428532591602e-02
3.612825065085814580e-02
3.462588740747600535e-02
3.323250827012440289e-02
3.130990739545746332e-02
2.877577404860387836e-02
2.753309773407864106e-02
2.617679000567439684e-02
2.510605945423875426e-02
2.440976910275986442e-02
2.376199901948489526e-02
2.215431378876704313e-02
2.192016390648478599e-02
2.115186439202774299e-02
2.010548864452579854e-02
1.853466797970583849e-02
1.821840843117564224e-02
1.755502045403008887e-02
1.694542794086652607e-02
1.621643815059901211e-02
1.557829332041228178e-02
1.508350509159530131e-02
1.388722252549866830e-02
1.373112021472574704e-02
1.314601139229811498e-02
1.284107926840312962e-02
1.251200883678024907e-02
1.151321455259187582e-02
1.113420801662256925e-02
1.076721163080191640e-02
1.051949741559810893e-02
1.022336320852560744e-02
9.813129565018223477e-03
9.323558423495649158e-03
8.979734437360069668e-03
8.662161125885291593e-03
8.641093739692301198e-03
8.175787045666025113e-03
7.916789159951826554e-03
7.619902220476955715e-03
7.308368485195459313e-03
6.991284664351684296e-03
6.858665677563091471e-03
6.774718001279266509e-03
6.374084202244781165e-03
6.169202018831011769e-03
5.995330332942759403e-03
5.866840077452195601e-03
5.497378316168712552e-03
5.441807646306382439e-03
5.259432236200546618e-03
5.208918941403167975e-03
5.074569316743929824e-03
4.878872314021683899e-03
4.795894192141824351e-03
4.726803299602132073e-03
4.503340504603745714e-03
4.211980209047413645e-03
4.081220819722245798e-03
4.003845225924205359e-03
3.905722452193205983e-03
3.796854291829467824e-03
3.601575236746410759e-03
3.577113031467591808e-03
3.488906294330605413e-03
3.399767764370652864e-03
3.303008872751683495e-03
3.156033889785019031e-03
3.012178717088088466e-03
2.938939695322094394e-03
2.843093733423095789e-03
2.776681558991431296e-03
2.616653056243770526e-03
2.557893463677340766e-03
2.474202852225166303e-03
2.453701725657478523e-03
2.403523156388369560e-03
2.282944098100136814e-03
2.145972984944733309e-03
2.125478807992417420e-03
2.037758093649594780e-03
1.854430985257912159e-03
1.826137077170864563e-03
1.816350404221783862e-03
1.712251129714072086e-03
1.705367523911863713e-03
1.636057415147167083e-03
1.613244833824084221e-03
1.543536032228365459e-03
1.510544952051181113e-03
1.481168355445466184e-03
1.410367838367976648e-03
1.364627754506187981e-03
1.313176890979140827e-03
1.280194188886513542e-03
1.251310187818847550e-03
1.222311149957664355e-03
1.192294591662871901e-03
1.157630376022947575e-03
1.143848236793854967e-03
1.100803722827621784e-03
1.032389137378890475e-03
1.017112273485336294e-03
9.669858175222345456e-04
9.592294754630702018e-04
9.090341182144995747e-04
8.686788368330334307e-04
8.469558235790544936e-04
8.251988278363160678e-04
7.987461904340691478e-04
7.846293494760193162e-04
7.502780020411187406e-04
7.122132395602751064e-04
6.727426338247387240e-04
6.563980323633678308e-04
6.481853685265129240e-04
6.177046830108158266e-04
5.946587554087546168e-04
5.820937223293669999e-04
5.689401555106739835e-04
5.595196664179384865e-04
5.393781173660359149e-04
5.085816003758861876e-04
4.911289695536221389e-04
4.661490698479417872e-04
4.538872164591530511e-04
4.390565300048444343e-04
4.266978935987085085e-04
4.113742297160471236e-04
3.914824250751500092e-04
3.856979343024660180e-04
3.799335631601688849e-04
3.586639449337816169e-04
3.422095730469676281e-04
3.395848964576477316e-04
3.350135381384493826e-04
3.145283777436021938e-04
3.009189998519971030e-04
2.843669784512081657e-04
2.735788460298467810e-04
2.687795889531495105e-04
2.557069383960966350e-04
2.494474172329103024e-04
2.433715845455510808e-04
2.314313587710121534e-04
2.296383303693003022e-04
2.192922639098112141e-04
2.117949770096712574e-04
1.996545084655800613e-04
1.862875154116891180e-04
1.778098359587369304e-04
1.732547240892725010e-04
1.711448947375494314e-04
1.595116631887762051e-04
1.514660148312399989e-04
1.481876293387524534e-04
1.432395157613803292e-04
1.399778443165031921e-04
1.365955636368222626e-04
1.278088701738652896e-04
1.225024190914672593e-04
1.198418654719960786e-04
1.148964094528451567e-04
1.081542585503664683e-04
1.028135697041041024e-04
9.757270552603355778e-05
9.584570321856737652e-05
8.936859811552920691e-05
8.455947016712032590e-05
8.215295862517347266e-05
7.795796253116714185e-05
7.501672412605470651e-05
7.128758319111639470e-05
6.900946590527031279e-05
6.682955573450937532e-05
6.269814999906711051e-05
6.008746408881192471e-05
5.913724259768973941e-05
5.481176036390680763e-05
4.936362027821454199e-05
4.887306145159539696e-05
4.798453628473799202e-05
4.427765588418245860e-05
4.270942194237008216e-05
3.937530496553673923e-05
3.893486873812019525e-05
3.754882010686935761e-05
3.487247781262911746e-05
3.440236095906232282e-05
3.155470853771531211e-05
3.004225704394489368e-05
2.980659065103684452e-05
2.796303076321981826e-05
2.572919493572093009e-05
2.474904926183199260e-05
2.320745349857688346e-05
2.079439225152870046e-05
1.982433374258372162e-05
1.966411637977256914e-05
1.823894662482082460e-05
1.745652384896513197e-05
1.691295634677181085e-05
1.551921227757961359e-05
1.477908207928920710e-05
1.403441085135690445e-05
1.337974710839160978e-05
1.269377257266626039e-05
1.210770621633318446e-05
1.104508611606169318e-05
1.002974740371186934e-05
9.354316185249957841e-06
8.418938007727446609e-06
7.973670344169894045e-06
6.668440985992202842e-06
6.617350432357762290e-06
6.338761219087740138e-06
5.628267356569594641e-06
5.298007638961709244e-06
5.177532544136685155e-06
4.704873217858509594e-06
4.581701713440126233e-06
4.288783210128478167e-06
3.592546833664806797e-06
3.332587388103436342e-06
3.162967857404449565e-06
2.712829834047655033e-06
2.578408882490707771e-06
2.346829013136812998e-06
2.083895028240398362e-06
1.947657281347851386e-06
1.820724788656595077e-06
1.699816807008623743e-06
1.444851417103866544e-06
1.354512835674208988e-06
1.112050223637907365e-06
1.052070482835616768e-06
9.244880389368172933e-07
8.246373497784837055e-07
6.958429286110868868e-07
6.010468205153124559e-07
5.927900736378977098e-07
5.393154971932814424e-07
4.145481245123988574e-07
3.181692177955457995e-07
3.094511881612242807e-07
2.275423750401754848e-07
2.062434919649051095e-07
8.584870308941263705e-08
5.686740727303626923e-08
3.863036896464195063e-08
3.272237576622572339e-08
1.436030513041688417e-08
1.318186383985191395e-08
3.130088731372774698e-09
1.982319288078571703e-09
6.643071209313212522e-10
