2.923198318481445312e+01
1.020731067657470703e+01
7.958239078521728516e+00
5.476576805114746094e+00
3.803555250167846680e+00
3.141658067703247070e+00
3.005048990249633789e+00
2.215605258941650391e+00
2.068215847015380859e+00
1.693665266036987305e+00
1.286433935165405273e+00
1.061898827552795410e+00
8.530332446098327637e-01
7.376421093940734863e-01
6.422889232635498047e-01
5.252154469490051270e-01
4.904389679431915283e-01
4.864245057106018066e-01
4.240798652172088623e-01
4.023379981517791748e-01
3.136816024780273438e-01
3.078936040401458740e-01
2.784309685230255127e-01
2.206372618675231934e-01
1.812663227319717407e-01
1.567390114068984985e-01
1.409275531768798828e-01
1.287571489810943604e-01
1.094063669443130493e-01
1.061161383986473083e-01
9.808019548654556274e-02
8.210861682891845703e-02
7.955307513475418091e-02
7.450055330991744995e-02
6.932847201824188232e-02
6.511829793453216553e-02
5.922975763678550720e-02
5.195824801921844482e-02
4.726361855864524841e-02
4.581753164529800415e-02
4.013865441083908081e-02
3.695554658770561218e-02
3.570500016212463379e-02
3.191222995519638062e-02
2.928184159100055695e-02
2.755905501544475555e-02
2.303069829940795898e-02
2.232983149588108063e-02
2.119433134794235229e-02
2.032651938498020172e-02
1.779012940824031830e-02
1.715041697025299072e-02
1.643257215619087219e-02
1.558122970163822174e-02
1.461089123040437698e-02
1.332412846386432648e-02
1.261405088007450104e-02
1.219527237117290497e-02
1.186258625239133835e-02
1.097286399453878403e-02
1.074627134948968887e-02
1.037566084414720535e-02
1.008449308574199677e-02
8.995434269309043884e-03
8.775779046118259430e-03
8.622830733656883240e-03
8.402501232922077179e-03
7.624437101185321808e-03
7.222809363156557083e-03
7.123515475541353226e-03
6.955324672162532806e-03
6.639807950705289841e-03
6.366802379488945007e-03
5.993273574858903885e-03
5.769675597548484802e-03
5.623798351734876633e-03
5.130853038281202316e-03
4.967899061739444733e-03
4.814878106117248535e-03
4.429019056260585785e-03
4.331754986196756363e-03
4.142982885241508484e-03
3.990946803241968155e-03
3.854996291920542717e-03
3.851279383525252342e-03
3.665061201900243759e-03
3.554477589204907417e-03
3.429291537031531334e-03
3.272105939686298370e-03
3.170188982039690018e-03
3.065654309466481209e-03
2.963297069072723389e-03
2.928508445620536804e-03
2.842966001480817795e-03
2.749461913481354713e-03
2.645983360707759857e-03
2.518116263672709465e-03
2.475423738360404968e-03
2.378299366682767868e-03
2.327011199668049812e-03
2.309872303158044815e-03
2.206819131970405579e-03
2.143612829968333244e-03
2.066500019282102585e-03
1.954031642526388168e-03
1.914108288474380970e-03
1.829278073273599148e-03
1.779138692654669285e-03
1.688854652456939220e-03
1.654507126659154892e-03
1.607374870218336582e-03
1.566686201840639114e-03
1.535138580948114395e-03
1.463575637899339199e-03
1.435681362636387348e-03
1.395237399265170097e-03
1.376455067656934261e-03
1.298987190239131451e-03
1.249195309355854988e-03
1.210818998515605927e-03
1.194652402773499489e-03
1.170050818473100662e-03
1.121642533689737320e-03
1.086987438611686230e-03
1.019025687128305435e-03
1.004638150334358215e-03
9.737343061715364456e-04
9.352751658298075199e-04
9.304693667218089104e-04
9.022332378663122654e-04
8.718226454220712185e-04
8.290130645036697388e-04
7.935118046589195728e-04
7.871172856539487839e-04
7.699246052652597427e-04
7.530137663707137108e-04
7.447790703736245632e-04
7.229687180370092392e-04
6.815767264924943447e-04
6.519875605590641499e-04
6.356763187795877457e-04
6.188731640577316284e-04
5.858521326445043087e-04
5.812051822431385517e-04
5.552447983063757420e-04
5.313553265295922756e-04
5.175895639695227146e-04
4.981297533959150314e-04
4.843593633268028498e-04
4.766683559864759445e-04
4.551585298031568527e-04
4.364155174698680639e-04
4.184838035143911839e-04
4.143358964938670397e-04
3.948799567297101021e-04
3.800874401349574327e-04
3.620999923441559076e-04
3.542678896337747574e-04
3.402386500965803862e-04
3.224232350476086140e-04
3.179411869496107101e-04
3.013054083567112684e-04
2.905265719164162874e-04
2.857102081179618835e-04
2.783340751193463802e-04
2.652690454851835966e-04
2.593713870737701654e-04
2.532596699893474579e-04
2.348515263292938471e-04
2.283357607666403055e-04
2.241899201180785894e-04
2.198856818722561002e-04
2.126785111613571644e-04
2.104163577314466238e-04
2.049506729235872626e-04
1.929718418978154659e-04
1.880005002021789551e-04
1.843579520937055349e-04
1.673811348155140877e-04
1.636394736124202609e-04
1.566489518154412508e-04
1.503427047282457352e-04
1.439144834876060486e-04
1.386426883982494473e-04
1.356468274025246501e-04
1.314227702096104622e-04
1.278968411497771740e-04
1.207998648169450462e-04
1.199159814859740436e-04
1.135030906880274415e-04
1.094794570235535502e-04
1.043893862515687943e-04
9.687012061476707458e-05
9.265091648558154702e-05
8.890585741028189659e-05
8.558366971556097269e-05
7.966200791997835040e-05
7.621773693244904280e-05
7.260659913299605250e-05
7.144561095628887415e-05
6.860934081487357616e-05
6.571220728801563382e-05
6.237771594896912575e-05
5.989060082356445491e-05
5.699236498912796378e-05
5.548787521547637880e-05
5.306095408741384745e-05
5.163368768990039825e-05
4.817842273041605949e-05
4.748015999211929739e-05
4.484648525249212980e-05
4.152007750235497952e-05
3.980983819928951561e-05
3.725669375853613019e-05
3.684106559376232326e-05
3.462588210823014379e-05
3.233883035136386752e-05
3.092538827331736684e-05
2.911275441874749959e-05
2.697359559533651918e-05
2.680867874005343765e-05
2.474534448992926627e-05
2.426352511974982917e-05
2.307169052073732018e-05
2.087852226395625621e-05
2.067099921987392008e-05
2.039069477177690715e-05
1.855094342317897826e-05
1.796688229660503566e-05
1.653658182476647198e-05
1.606398473086301237e-05
1.538078140583820641e-05
1.418508054484846070e-05
1.380947742291027680e-05
1.259590408153599128e-05
1.190637249237624928e-05
1.107937350752763450e-05
1.083328697859542444e-05
1.047614114213502035e-05
1.010286541713867337e-05
9.552739356877282262e-06
8.279161193058826029e-06
8.260204594989772886e-06
7.788626135152298957e-06
7.655317858734633774e-06
7.287713287951191887e-06
6.914209734532050788e-06
6.714742994518019259e-06
6.197568382049212232e-06
5.634551598632242531e-06
5.094512744108214974e-06
4.655622888094512746e-06
3.992453002865659073e-06
3.730929620360257104e-06
3.280089003965258598e-06
3.108140163021744229e-06
2.945674623333616182e-06
2.838701220753137022e-06
2.613036258480860852e-06
2.509978685338865034e-06
2.364166448387550190e-06
2.197328967667999677e-06
2.095735226248507388e-06
1.752034563651250210e-06
1.589704424986848608e-06
1.454282823942776304e-06
1.381055312776879873e-06
1.259563077837810852e-06
1.182334813165653031e-06
1.015696852846303955e-06
9.161823300019023009e-07
8.708613563612743746e-07
7.976169058565574232e-07
7.297757065316545777e-07
6.558465770467591938e-07
5.546551733459637035e-07
4.765701930864452152e-07
4.441621115347516024e-07
3.832395805147825740e-07
3.720431323017692193e-07
3.147778215861762874e-07
2.788297877032164251e-07
2.499781999176775571e-07
2.397489424765808508e-07
1.666795412802457577e-07
1.490061407594112097e-07
1.460451386492422898e-07
1.402021325702662580e-07
9.685590640629015979e-08
-9.155240832114941441e-08
7.401200718959444202e-08
-5.420406523626297712e-08
3.650777458119591756e-08
2.505364271598864434e-08
-2.230384765766757482e-08
8.610507862272243074e-09
-4.933149444497075820e-09
