3.844175031155114101e-03 1.677310636556411313e-02
6.807468930013786147e-03 6.807468930013786147e-03
7.080282054645304149e-03 1.202433726308132708e-02
6.099919949402410509e-03 1.636129707480870124e-02
4.536927932678710799e-03 1.690340286165551917e-02
6.778332579532426148e-03 1.282490703760519324e-02
8.060671142128557343e-03 1.587122455280831623e-02
6.600814231035201374e-03 1.750382683259844863e-02
6.967569969216174178e-03 1.900010121584049666e-02
4.084342908052874567e-03 1.733172381333697790e-02
4.823875701667652838e-03 1.911076444333695626e-02
2.742439208568526760e-03 1.943674236197847835e-02
4.908129222802364022e-03 1.617860293768532895e-02
1.681497364919378899e-04 1.966240867297966086e-02
5.531078489829755786e-03 2.018611612822259968e-02
0.000000000000000000e+00 1.949961671010448302e-02
3.494926642600258791e-03 1.283990977305769776e-02
4.388031605840121696e-03 1.033004646008708546e-02
4.502521226336966310e-03 2.015702792936331644e-02
6.116121624550452558e-03 1.609885726362469960e-02
3.123242736227254540e-03 2.232596213069049790e-02
5.851514191341857657e-03 5.851514191341857657e-03
0.000000000000000000e+00 1.536489520675160189e-02
2.974872519144719334e-03 2.060055186989812395e-02
3.610327951827098456e-03 2.033588801924264208e-02
3.531144466330695363e-03 1.847557027888838826e-02
5.533633850783743410e-03 1.440848455511698281e-02
4.365421060639590976e-03 1.042924683610282378e-02
2.255965447167900331e-03 1.634405759077161083e-02
5.226184701128505986e-03 1.588698555453473688e-02
3.823327165853493761e-03 1.822672661345985101e-02
1.681497364919378899e-04 1.762709594029392493e-02
1.909813883816365802e-03 1.944041133071202840e-02
0.000000000000000000e+00 1.949961671010448302e-02
4.601899181625864095e-03 1.352370709576646360e-02
5.327985662315297584e-03 1.045867422501844599e-02
1.946473924877826231e-03 2.190147837594882615e-02
5.188175580679334209e-03 1.267086600494359006e-02
1.894951293055610999e-03 2.059050582327190404e-02
5.277330658019593022e-03 1.491940301714979669e-02
4.250564592003619815e-03 1.089000700613568587e-02
7.979586449369285156e-03 1.372496864626387980e-02
6.260050060572924790e-03 2.212006617714364770e-02
5.619824814577246627e-03 2.002322426218361082e-02
5.469391670696295039e-03 1.428519414315632466e-02
4.407319749819122411e-03 2.164952580512695748e-02
5.875624364295103930e-03 1.895636491399042833e-02
2.778289608710748232e-03 2.075604792460870526e-02
4.442463849020167332e-03 1.007770070646164806e-02
3.699294202822632927e-03 1.244371248447556123e-02
7.263601518832581670e-03 7.263601518832581670e-03
4.864732002843723604e-03 6.512750405655758426e-03
2.883167383520872460e-03 1.366090922185786601e-02
6.887984629375493335e-03 1.712898164106838386e-02
3.782434790508346599e-03 2.035112063504247726e-02
6.955385343216378621e-03 1.608551255501364241e-02
1.723022071141967152e-03 1.939605054508524926e-02
4.210464029558642560e-03 2.351085259013620948e-02
2.685135963035871487e-03 2.116714845038215886e-02
1.406841629950425629e-03 2.294293215499096719e-02
4.717192042452428118e-03 1.700740843377859454e-02
6.400742909652324016e-03 1.599938228958972322e-02
1.795347894582865556e-03 2.067438735667907063e-02
5.271970239512824459e-03 1.849567394820286065e-02
1.681497364919378899e-04 1.966240867297966086e-02
4.397686252508102578e-03 1.405058632123652035e-02
5.044492094758135613e-04 1.995579282932882434e-02
4.101612933953341887e-03 1.467385922377262286e-02
4.303450788949704509e-03 1.068619861728395751e-02
5.061279136480340175e-03 1.975902217177787079e-02
6.536246514335853318e-03 1.772299289272838765e-02
3.759942411946500733e-04 1.570685863051355172e-02
5.038883986193044839e-03 1.891780938473689930e-02
1.879971205973250637e-03 1.418717477388140719e-02
3.622056173141297106e-03 1.804719661342021886e-02
0.000000000000000000e+00 1.828312262845219541e-02
2.912438868833548992e-04 1.966725698564634681e-02
5.317361552716549011e-04 1.875763447237736858e-02
6.932991244760362262e-04 1.388536713304107557e-02
4.919637161748391732e-03 1.587044925860306779e-02
2.430912540878918827e-03 1.859752529838440763e-02
6.034678288062495649e-03 1.148139205490604844e-02
4.310015935083818042e-03 1.834610861572638640e-02
2.153367306498948832e-03 1.935311227980053561e-02
3.203682755716903349e-03 2.065065847734107174e-02
0.000000000000000000e+00 1.949961671010448302e-02
0.000000000000000000e+00 1.332600106675778731e-02
5.502891202627216427e-03 2.222845127004275528e-02
3.676293186858645059e-03 1.884963278913920001e-02
4.118810547886961044e-04 1.977171376400837025e-02
7.329477087513505381e-04 2.002250856100936532e-02
5.141643918043927765e-03 1.561461809117419691e-02
5.019206260868002561e-03 1.946605497594194184e-02
3.299336076347578368e-03 2.061409030364017014e-02
4.540042885282321618e-03 9.567901608106679778e-03
4.381583356058312700e-03 1.408844080466798224e-02
