1.957059369888326239e-01
4.459395045024457105e-02
3.223958511606610233e-02
1.514454363158891301e-02
7.817909512718716064e-03
4.840321643135070233e-03
3.341923698239469831e-03
3.066369865926749354e-03
2.491439057403003164e-03
1.622757500686051926e-03
1.383128824662993020e-03
1.217748713331543190e-03
1.115251834142802836e-03
1.033987682325823547e-03
7.887293336551139036e-04
7.067308480281007900e-04
6.836250190819893402e-04
4.672649672011999398e-04
4.624328728093039776e-04
4.295500879378687437e-04
3.870805397826511266e-04
3.379623967949979828e-04
3.165030742155739416e-04
2.996506477062270239e-04
2.743833258951950587e-04
2.417742533729275037e-04
2.113892233973840656e-04
2.094117249970182352e-04
2.025576231044187215e-04
1.894832458590477219e-04
1.753420463075431300e-04
1.676374947837171116e-04
1.559860693582013319e-04
1.533379232978582523e-04
1.429073750094331263e-04
1.359872862799514973e-04
1.350719020926839263e-04
1.232019268086003534e-04
1.125875464278424656e-04
1.087868103480901962e-04
1.008483763254260156e-04
9.909287832260883658e-05
9.694535058411051713e-05
9.381253965669850820e-05
8.895443473732823805e-05
8.609243310052465674e-05
8.189935185514453104e-05
7.639807714911574579e-05
7.572280983068000457e-05
7.282353331593099911e-05
6.455119608089780129e-05
6.419504906372989008e-05
6.106480022211335540e-05
5.848987292155741376e-05
5.789191641630231187e-05
5.603424136787176065e-05
5.368847485891910470e-05
5.109548599801082850e-05
4.882001981701797100e-05
4.751638245986632543e-05
4.525715457334419988e-05
4.402237110666727362e-05
4.330418220715568538e-05
4.096855069408984848e-05
3.996976207559973778e-05
3.875782564418549556e-05
3.715754887567448126e-05
3.646787593177106034e-05
3.445566963241070027e-05
3.337756883868634849e-05
3.288003683367616138e-05
3.118087238028804042e-05
3.041753511114066733e-05
3.011160669657050843e-05
2.706967426235415232e-05
2.613853940810725759e-05
2.556740922105398955e-05
2.542321874768404971e-05
2.471784668636255218e-05
2.386341220324334874e-05
2.382639072482070809e-05
2.155045017494186131e-05
2.122642631159893362e-05
2.037890778734936066e-05
1.964403916610579047e-05
1.957738359724389007e-05
1.838703184694392081e-05
1.829016265268668142e-05
1.788807564046436340e-05
1.754927830803430010e-05
1.727282836341334499e-05
1.669614460174063673e-05
1.579481725953804040e-05
1.513071867917252487e-05
1.434100223787814866e-05
1.400434410318491948e-05
1.385950712975893809e-05
1.307751445158414500e-05
1.290440917852782573e-05
1.249653059588607930e-05
1.233189452838476312e-05
1.190915260600930007e-05
1.171565424070160961e-05
1.138049701563504474e-05
1.131094455046521381e-05
1.119263638955357496e-05
1.047433417620936210e-05
1.028801190836046758e-05
9.678723167102887447e-06
9.493687392648058397e-06
9.323851956890370961e-06
8.986104431998120660e-06
8.592132175329876776e-06
8.471818100065533190e-06
8.056338580880685599e-06
7.895937129553245052e-06
7.721752116444643025e-06
7.610436432270253519e-06
7.381286685244594992e-06
7.088721885168632480e-06
6.980773372618436234e-06
6.765993514098359240e-06
6.713872184742364345e-06
6.388926702008843471e-06
6.267456592174633424e-06
6.000313149432780594e-06
5.928145619473696014e-06
5.849744702993108682e-06
5.677696274800926094e-06
5.600791237631230228e-06
5.493792771835633533e-06
5.196651268682285446e-06
5.158604514289953042e-06
4.993364927057151701e-06
4.936012213479888197e-06
4.829599389654768858e-06
4.727845775857473052e-06
4.527856903740389312e-06
4.436055895068851461e-06
4.283944567306991171e-06
4.222147721836154063e-06
4.108571567099634603e-06
3.999432985910121545e-06
3.821631327578035399e-06
3.788017091453297137e-06
3.743509292932806535e-06
3.642235915720899141e-06
3.583327274855181938e-06
3.431433741357772086e-06
3.379966337766624114e-06
3.294114116576402006e-06
3.251414242070424548e-06
3.102712217483782990e-06
3.008740337736643152e-06
2.936055699449202810e-06
2.843270262102035143e-06
2.754638242313967880e-06
2.709173412838262286e-06
2.547841920112706634e-06
2.474930886602075921e-06
2.410667291461408591e-06
2.329490437773358690e-06
2.306517002695162812e-06
2.264448921651014893e-06
2.241402150229373356e-06
2.160759684551760225e-06
2.105778979587416822e-06
2.007122505110810568e-06
1.999722637633999872e-06
1.929814113024846426e-06
1.888015069068102608e-06
1.863220598520679176e-06
1.763201562752550724e-06
1.696105234700853359e-06
1.638059285948021343e-06
1.624747629092533865e-06
1.606910091213356052e-06
1.484857136100234607e-06
1.474001628483801469e-06
1.445471362550942896e-06
1.412100309384726343e-06
1.357730611209735643e-06
1.288604873188239976e-06
1.248253552403817920e-06
1.223843532181407756e-06
1.161799475051614524e-06
1.144762846749117992e-06
1.078585117395209950e-06
1.038345284079268965e-06
1.026283099233995625e-06
1.012395761011541474e-06
9.431141327851385949e-07
9.255065063603907725e-07
8.977958281033213032e-07
8.358479699907353174e-07
7.925073383952315809e-07
7.858184015950053891e-07
7.542328323660327952e-07
7.440435510808292847e-07
7.045196418092521870e-07
6.872681970587567799e-07
6.635595911960349158e-07
6.362212644651360675e-07
6.253447269188247113e-07
5.680905737513641898e-07
5.504193767863156546e-07
5.178544124057926915e-07
5.084900136143076440e-07
4.731580066308208021e-07
4.576153547547381451e-07
4.384291206967966985e-07
4.064583431038079897e-07
3.879217040596909769e-07
3.592358813969643399e-07
3.512583530033564122e-07
3.274753577651987753e-07
3.059765209503656927e-07
3.003240485702914001e-07
2.880662862023473686e-07
2.752648211843961173e-07
2.559431113856986329e-07
2.384619148243413454e-07
2.250889336616588403e-07
1.992622899743154143e-07
1.875525803703227223e-07
1.745129756632485668e-07
1.535050521798889403e-07
1.469753794966876556e-07
1.451486055527394707e-07
1.321689833714546143e-07
1.259811734440739505e-07
1.140151780689278779e-07
1.054964422642454365e-07
9.033569733100441699e-08
7.602555517764470854e-08
7.393978799083904513e-08
6.430272529917912938e-08
5.291877407225628421e-08
4.893877842465130692e-08
4.017041102541633899e-08
2.671463264532532280e-09
2.410914707597116001e-09
1.995944960395736238e-09
1.784832412038046999e-09
1.768284369195421318e-09
1.532691546515791685e-09
1.396504213887992302e-09
1.350199097185051925e-09
1.234868238095021365e-09
1.166877254870357720e-09
1.081122076514435482e-09
9.777366838919628193e-10
9.057911349494746933e-10
8.314435010353463566e-10
8.109153294434771314e-10
7.388267149005515581e-10
7.207689264968249384e-10
7.206600957312270209e-10
6.136686095235935183e-10
5.937107340353097890e-10
5.749472637535982369e-10
5.269300447309959566e-10
4.987024389592356217e-10
4.805312949409645058e-10
4.522213723197138957e-10
4.178015574923324543e-10
4.098253584769376496e-10
3.900531332178902096e-10
3.506130895232238014e-10
3.492864768620535628e-10
2.860578389747473571e-10
2.566057163027510916e-10
2.561964924142289630e-10
2.346103052460688030e-10
1.997600273327337242e-10
1.657083501532208681e-10
1.428798974764143254e-10
1.389755156545452499e-10
9.507339155981567649e-11
7.562210089314527136e-11
7.152303209062216740e-11
4.082528833717814340e-11
1.987494349360868775e-11
1.385722828090416775e-11
4.620164147430889652e-12
