4.554476439952850342e-01
1.007776260375976562e-01
5.797252804040908813e-02
3.297713026404380798e-02
1.045072358101606369e-02
7.578158751130104065e-03
4.345362074673175812e-03
3.220135578885674477e-03
2.320444444194436073e-03
1.702234963886439800e-03
1.566249411553144455e-03
1.466199872083961964e-03
1.108096563257277012e-03
9.996122680604457855e-04
7.795511628501117229e-04
6.995442672632634640e-04
6.078321603126823902e-04
5.874227499589323997e-04
5.229371599853038788e-04
4.269355267751961946e-04
3.683553368318825960e-04
3.198884078301489353e-04
3.023695899173617363e-04
2.836000930983573198e-04
2.475590736139565706e-04
2.469579339958727360e-04
2.042171254288405180e-04
1.971026504179462790e-04
1.844842627178877592e-04
1.663332368480041623e-04
1.607759768376126885e-04
1.443445362383499742e-04
1.358840818284079432e-04
1.273237721761688590e-04
1.232632930623367429e-04
1.195514269056729972e-04
1.146290160249918699e-04
1.036408284562639892e-04
9.739450615597888827e-05
9.596291056368499994e-05
8.946039451984688640e-05
8.748727123020216823e-05
8.563855226384475827e-05
7.474757148884236813e-05
7.204153371276333928e-05
7.016924064373597503e-05
6.570825644303113222e-05
6.343753193505108356e-05
6.281121022766456008e-05
5.609250365523621440e-05
5.555231109610758722e-05
5.464815694722346961e-05
5.043781857239082456e-05
4.956387056154198945e-05
4.709799759439192712e-05
4.457630711840465665e-05
4.065973553224466741e-05
3.801588536589406431e-05
3.793331416090950370e-05
3.569027467165142298e-05
3.492854739306494594e-05
3.342024865560233593e-05
3.216438199160620570e-05
3.059144728467799723e-05
2.784818752843420953e-05
2.709863474592566490e-05
2.660407881194259971e-05
2.496564775356091559e-05
2.310100171598605812e-05
2.287014831381384283e-05
2.225338357675354928e-05
2.154674621124286205e-05
2.107460750266909599e-05
1.977890860871411860e-05
1.891060310299508274e-05
1.792519469745457172e-05
1.718686507956590503e-05
1.669324410613626242e-05
1.595370849827304482e-05
1.552838693896774203e-05
1.472177973482757807e-05
1.402773341396823525e-05
1.389033877785550430e-05
1.340502058155834675e-05
1.287432860408443958e-05
1.240695837623206899e-05
1.184515076602110639e-05
1.166709262179210782e-05
1.128847816289635375e-05
1.104004968510707840e-05
1.077060187526512891e-05
1.060139766195788980e-05
1.000868178380187601e-05
9.877321645035408437e-06
9.149040124611929059e-06
8.605670700490009040e-06
8.371197509404737502e-06
8.233554581238422543e-06
8.191387678380124271e-06
7.893861038610339165e-06
7.524003194703254849e-06
7.137658940337132663e-06
6.997001491981791332e-06
6.715366907883435488e-06
6.561022473761113361e-06
6.419897999876411632e-06
6.003010184940649197e-06
5.673100076819537207e-06
5.504899036168353632e-06
5.456788585433969274e-06
5.275111561786616221e-06
5.169845735508715734e-06
5.091476396046346053e-06
4.874933893006527796e-06
4.575535513140494004e-06
4.549793629848863930e-06
4.368510417407378554e-06
4.285135219106450677e-06
4.095627446076832712e-06
3.969331828557187691e-06
3.823224233201472089e-06
3.710948476509656757e-06
3.614211436797631904e-06
3.436777660681400448e-06
3.384314368304330856e-06
3.341745696161524393e-06
3.149732492602197453e-06
3.092454790021292865e-06
3.037714805032010190e-06
3.001901404786622152e-06
2.913205207732971758e-06
2.821204134306753986e-06
2.713788489927537739e-06
2.625548631840501912e-06
2.607235501272953115e-06
2.563346697570523247e-06
2.550063754824805073e-06
2.430363338135066442e-06
2.390573627053527161e-06
2.347156623727642000e-06
2.321772853974835016e-06
2.196634795836871490e-06
2.148937937818118371e-06
2.087624352498096414e-06
2.004638190555851907e-06
1.946761358340154402e-06
1.919627493407460861e-06
1.867786181719566230e-06
1.790259034351038281e-06
1.738217974889266770e-06
1.688951783762604464e-06
1.671574409556342289e-06
1.658904693613294512e-06
1.594050559106108267e-06
1.531477550997806247e-06
1.470966367378423456e-06
1.415035512764006853e-06
1.390442662341229152e-06
1.336507580163015518e-06
1.321819809163571335e-06
1.288619614570052363e-06
1.279697926293010823e-06
1.247155637429386843e-06
1.227566826855763793e-06
1.192194758914411068e-06
1.153586481450474821e-06
1.103705244531738572e-06
1.068091478373389691e-06
1.063517743205011357e-06
9.939410574588691816e-07
9.698694611870450899e-07
9.468569146520167124e-07
9.183490874420385808e-07
9.079230380848457571e-07
8.618652600489440374e-07
8.193372309506230522e-07
7.973528681759489700e-07
7.740337650830042548e-07
7.663560950277314987e-07
7.233182941490667872e-07
7.115522180356492754e-07
6.743022140653920360e-07
6.637010301346890628e-07
6.405034014278498944e-07
6.232490932234213687e-07
5.844511861141654663e-07
5.581703703683160711e-07
5.464888204187445808e-07
5.317078830557875335e-07
5.131200850883033127e-07
4.896751306660007685e-07
4.691183050908875884e-07
4.581669372782926075e-07
4.451825930118502583e-07
4.271835223335074261e-07
4.084824922756524757e-07
3.920441145055519883e-07
3.654244835615827469e-07
3.599860178837843705e-07
3.554377201453462476e-07
3.358136950737389270e-07
3.236965824271464953e-07
3.167658064739953261e-07
3.088946129992109491e-07
2.912137233579414897e-07
2.783394279504136648e-07
2.632026223636785289e-07
2.492261046427302063e-07
2.407507508905837312e-07
2.319156493513219175e-07
2.260386935404312680e-07
2.131751557499228511e-07
1.926710950783672160e-07
1.868281316319553298e-07
1.824957536200599861e-07
1.719981668202308356e-07
1.674338818702381104e-07
1.599486125769544742e-07
1.555555968479893636e-07
1.427841738177448860e-07
1.313317028461824520e-07
1.201108403847683803e-07
1.115465479983868136e-07
1.039104375877286657e-07
9.479699514258754789e-08
8.434577836169410148e-08
8.094802694813552080e-08
7.520537792515824549e-08
7.353396824782976182e-08
6.663868390432980959e-08
6.442454036914568860e-08
5.916179546261446376e-08
5.366080912949655612e-08
4.674317111152959114e-08
4.085632809847083990e-08
3.919942059837921988e-08
3.115650670793002064e-08
2.845153801445121644e-08
2.480746807975720003e-08
2.032177093269638135e-08
-4.305583001240620433e-09
3.553342065032438768e-09
1.547643457833203229e-09
-1.323001042052851517e-09
1.088505285906649078e-09
-8.943998874855196846e-10
-8.325908296136219633e-10
7.460260742497837327e-10
6.615008540933331460e-10
6.369680893847373682e-10
-6.269562091709701690e-10
-5.655947932226013108e-10
5.557930227162444226e-10
5.084955234657684287e-10
-4.686415144838917968e-10
4.597956460017371683e-10
4.162764299930898915e-10
-3.961054539924901974e-10
3.836120865408076952e-10
-3.601401676878168701e-10
-3.509863788497824544e-10
3.297865869278382434e-10
-3.288259109446300954e-10
-3.077907928528134107e-10
-2.816226141177935460e-10
2.741241122983240075e-10
2.602054127720521137e-10
-2.501372720065120347e-10
2.341476457168312209e-10
2.189354808557197885e-10
-2.020481282283270730e-10
-1.914215036480371168e-10
1.692040535461458717e-10
-1.564202656290092364e-10
1.499081414557679182e-10
1.417042871931784020e-10
-1.369270807849432003e-10
-1.199320226463740369e-10
1.179937536566200151e-10
-1.006295394234690832e-10
-5.721929527413571748e-11
4.975177561594712472e-11
2.819671059139938762e-11
-1.875319170785427758e-11
-2.620796591898399974e-12
