3.871689231561557462e-03 1.699969550246013469e-02
5.003154058126354532e-03 1.567071375484770102e-02
6.736910326542949398e-03 1.445056821384710713e-02
3.781238574542154438e-03 2.035194179225367772e-02
4.835262551707174630e-03 1.633611330072241852e-02
5.509823253919697399e-03 1.782805592453978044e-02
8.148238510404318125e-03 1.525576568951035258e-02
6.603383807813658843e-03 1.749489331568544748e-02
7.239622415405004910e-03 1.802027152579190744e-02
2.429283632661150428e-03 1.840270702925309379e-02
4.853443421327640998e-03 2.162814616060090497e-02
2.943052741883208766e-03 1.938300135889553522e-02
5.133030636466772746e-03 1.563717785326057194e-02
2.381857488072098661e-04 1.850984069159725479e-02
4.778589491683680503e-03 2.127385232842295484e-02
1.883427176419194484e-04 1.846429581360056055e-02
2.923533545092809292e-03 1.362062517622039323e-02
3.907736204397244117e-03 1.195438752026820560e-02
3.931828428796302344e-03 2.068384866180998996e-02
6.014497715439339441e-03 1.644349279910748557e-02
3.763287272891789170e-03 2.209838578666605338e-02
5.788113528356793325e-03 5.788113528356793325e-03
0.000000000000000000e+00 1.536489520675160189e-02
3.005791185154541283e-03 2.059266792416778596e-02
2.544400563793384855e-03 2.066124770316308742e-02
3.768392786373159047e-03 1.877385565830388611e-02
4.500417046220692684e-03 1.696507920564858593e-02
4.371602110713061588e-03 1.040243498446254133e-02
2.287269113646987848e-03 1.633801538724939661e-02
4.965174437888573641e-03 1.651107856580994598e-02
3.887460445683644204e-03 1.866678125734458002e-02
3.326008588601818742e-04 1.777411231871156919e-02
2.219194330296567728e-03 2.076226052382709741e-02
3.990678959677170304e-04 2.171267005185073193e-02
5.088245478487837814e-03 1.177971849716230764e-02
5.808350470518293049e-03 1.394382645310898554e-02
1.357438152959471352e-03 2.050475420769843488e-02
5.814918390644214542e-03 1.477294884198230088e-02
2.364044169464062182e-03 2.066053144667391248e-02
5.656183234994394994e-03 1.355319070042614732e-02
4.174721476344827459e-03 1.116069282361394077e-02
7.994808263763789405e-03 1.358164113295411493e-02
5.834093170966892818e-03 2.285188975200559344e-02
5.599916401953511196e-03 2.006049683555737734e-02
5.505716425245906105e-03 1.415283133042991720e-02
4.547230268138040613e-03 2.151886568090463636e-02
5.831427043207520165e-03 1.905750037895871662e-02
2.452105186041505982e-03 1.947689798013766543e-02
4.265273103787554053e-03 1.083464738022758313e-02
3.858734210735576074e-03 1.207826372403291403e-02
7.224179225349018803e-03 7.224179225349018803e-03
4.971974744167635164e-03 4.971974744167635164e-03
2.960151822705402343e-03 1.358257133219585577e-02
6.806222787477181346e-03 1.744348117375399410e-02
3.823549015925681652e-03 2.019524056843761267e-02
6.787919747213378742e-03 1.680617009631965933e-02
1.425171936563966821e-03 1.929314804463625257e-02
5.013428876994049758e-03 2.283976643608710486e-02
2.717114520959592813e-03 1.619037730310580320e-02
1.600393329485837787e-03 2.303639950157337218e-02
4.707381830017759450e-03 1.702536009419679947e-02
6.370634101458433687e-03 1.611615588415353517e-02
1.474376931974864585e-03 1.931282860445459812e-02
4.529911457753355367e-03 1.665971616476441888e-02
8.669093347010113897e-04 2.022361227505845016e-02
4.502427030346907097e-03 1.379168833189865599e-02
1.309226849307317756e-03 2.048133348808315810e-02
4.283925990606017413e-03 1.430770112012632461e-02
4.768045815783304893e-03 7.866077651257658010e-03
4.665874929674047357e-03 2.030055070665702857e-02
6.734601620037408351e-03 1.701530243225370803e-02
2.384230447552847416e-03 1.948011109290367221e-02
5.338323811832547221e-03 1.836384579205193116e-02
1.627503570634641948e-03 1.419772378982605242e-02
3.580602457072524798e-03 1.808201189560230959e-02
1.491906108824941764e-05 1.829799671243210329e-02
9.329962042980779763e-04 2.015862008523882157e-02
1.563855830253545881e-03 1.934591388964983574e-02
1.786981608374266749e-03 1.419612497853778299e-02
4.879964929420501155e-03 1.596116254092628389e-02
1.841297199212438198e-03 1.857366352197484596e-02
5.904426617114140984e-03 1.231982298494788478e-02
3.769630581710948451e-03 1.891140654907318142e-02
2.650906060785418548e-03 1.932930826448111053e-02
2.141451426573004729e-03 1.947315013610406015e-02
2.467278680015887616e-04 1.973480746322799073e-02
0.000000000000000000e+00 1.332600106675778731e-02
5.609249392229989119e-03 2.207167596299627541e-02
3.336999199311896629e-03 1.860751153379503267e-02
8.770262133678277889e-04 1.817847856518425842e-02
1.755051547145737882e-03 2.184081134899570897e-02
5.277196713917286022e-03 1.523950649334303471e-02
5.309406146076982996e-03 1.896824177098611897e-02
2.598226309954522039e-03 2.077384809101181368e-02
3.881418983118189916e-03 1.202164440971586166e-02
2.936127449671718879e-03 1.606549101052970677e-02
4.937621884743489085e-03 1.611250289885823514e-02
4.462118686967276628e-03 1.959278349949814674e-02
4.909828339638474225e-03 1.723747035768407460e-02
8.014588680264734741e-03 8.014588680264734741e-03
