1.394145597121079483e+01
9.303712175690360908e+00
5.652887178233288346e+00
1.975754695003709482e+00
4.852682293416464843e-01
4.092993366455694448e-01
6.553435275030827789e-02
5.779060218214088218e-02
4.523901266951652067e-02
3.232043043962037204e-02
2.809751399267377062e-02
2.714320769322750224e-02
1.706769953627101585e-02
1.333480103245594794e-02
7.453552297250362786e-03
3.942235504316098961e-03
3.354627873248646787e-03
2.588335101116613982e-03
1.913400273877089840e-03
1.702101836194131216e-03
1.646284365723159901e-03
1.430671789110353779e-03
1.108735731099174055e-03
1.021680590201968098e-03
8.014713624013258516e-04
7.549035200156575072e-04
6.009288555032132233e-04
5.465913436313878018e-04
4.484402309887146288e-04
4.126707969883927803e-04
3.486706811586892207e-04
3.323868668549114186e-04
3.102839864761116370e-04
2.845653233459154966e-04
2.762146621529475935e-04
2.565859076522419239e-04
2.469281192586087305e-04
2.300486914300514283e-04
2.231143679973419415e-04
2.168194198627817885e-04
1.932141898417000692e-04
1.864689325321481175e-04
1.725446507114972248e-04
1.681654745397328534e-04
1.563511519211204805e-04
1.523454015669261610e-04
1.433906841443787297e-04
1.321471255287773891e-04
1.292621865331614723e-04
1.233724554678860739e-04
1.206996793118666231e-04
1.111647821239803894e-04
1.053415067666011964e-04
1.002097752628934487e-04
9.612544116557879173e-05
9.427036958618560691e-05
9.079092556307643430e-05
8.833981246550127130e-05
8.673919854871610770e-05
8.430140386820066025e-05
8.337625793571333847e-05
8.213155484660512005e-05
7.607181962536262686e-05
7.116871212257468800e-05
6.987163895407027235e-05
6.891539927793681746e-05
6.653654254078272747e-05
6.531621393383247784e-05
6.327818375437696205e-05
6.100254324724246132e-05
5.856931517482223638e-05
5.662662580219957395e-05
5.626688073928280784e-05
5.399345895354593338e-05
5.307747732817204463e-05
5.081466855972279254e-05
4.987217562205537719e-05
4.833799516065371351e-05
4.754920315718003164e-05
4.688667719174283805e-05
4.508578837195853533e-05
4.485504068355707183e-05
4.313696849115642817e-05
4.231987731119678594e-05
4.150058164483945569e-05
4.081592220368888274e-05
3.994684636036372415e-05
3.930722787196182743e-05
3.862348705416569517e-05
3.786126824167483943e-05
3.678259677248222828e-05
3.613716837875059534e-05
3.533730434470550827e-05
3.438421901810009851e-05
3.336162883192177696e-05
3.248728799359321590e-05
3.198109319875632036e-05
3.123523272457061399e-05
3.083317044588966928e-05
2.956807736580560777e-05
2.925503043882812118e-05
2.861877449093003700e-05
2.836482077785015021e-05
2.815769516792238726e-05
2.747590866160611961e-05
2.687589427305227667e-05
2.647000304784575433e-05
2.625939011928701705e-05
2.574500206783035823e-05
2.544794030606990076e-05
2.524297660600257628e-05
2.456941945826623838e-05
2.440295802726705961e-05
2.356038794027026837e-05
2.352143400033352208e-05
2.251926890482188747e-05
2.206906290594573661e-05
2.184790182375496810e-05
2.142490467664574411e-05
2.102585758689134529e-05
2.090437221103204772e-05
2.029226820148474493e-05
2.004606300605753902e-05
1.957285791499225320e-05
1.937865760351598294e-05
1.917012042162256490e-05
1.863840638908237599e-05
1.834683382227658539e-05
1.804106181351142432e-05
1.763140049141575475e-05
1.685816488785294779e-05
1.651169349724346887e-05
1.622799908962699059e-05
1.599553221768465236e-05
1.584208855809583215e-05
1.547144426016965884e-05
1.514735978630147220e-05
1.500940811192299244e-05
1.475676464881397196e-05
1.441451619869043552e-05
1.419267189188317359e-05
1.407260946214212744e-05
1.390210782501320034e-05
1.372751875653478285e-05
1.358411545254643941e-05
1.316722591143941484e-05
1.283051249708396313e-05
1.238403059039355071e-05
1.225831916903115852e-05
1.201471595495976074e-05
1.169476465493983571e-05
1.150071463928463707e-05
1.137965214872070744e-05
1.112592999644713729e-05
1.099133791518467998e-05
1.073827851432294566e-05
1.052061175997547755e-05
1.027107125789972436e-05
1.017791586743473760e-05
1.005414713561867329e-05
9.815964208434047942e-06
9.661863172509772810e-06
9.538538643655309496e-06
9.480954292508198748e-06
9.121565377368622940e-06
8.886987211132070310e-06
8.606045502359465908e-06
8.469286687300619666e-06
8.403778801256722538e-06
8.301795191718449002e-06
8.103168822602241657e-06
8.024159470903074253e-06
7.828728355300798922e-06
7.724554299983075800e-06
7.529525694693364126e-06
7.246833285052627163e-06
7.151716967782275473e-06
7.049927144897774709e-06
7.043329633732797211e-06
6.871112196292851412e-06
6.710961278282958270e-06
6.591038553457095046e-06
6.529882135528162351e-06
6.394048442520995001e-06
6.245157183985217212e-06
6.061848827276379559e-06
6.021862444723468234e-06
5.973989793199812138e-06
5.719457235092545151e-06
5.656206650400936621e-06
5.441938115440004634e-06
5.375499762744055992e-06
5.275071187041389726e-06
5.138710579936244122e-06
5.012508521026250998e-06
4.933174756668850206e-06
4.849298447509671871e-06
4.721995978662566409e-06
4.614764900176468725e-06
4.558061130210865315e-06
4.475815286830352498e-06
4.335909882751962308e-06
4.311375599921809043e-06
4.217987023384437907e-06
4.104127195006670266e-06
3.993173399923331885e-06
3.909287627851188599e-06
3.859273967304702902e-06
3.788062685484289234e-06
3.683667981016685899e-06
3.567554197349659989e-06
3.486020729908716720e-06
3.371358685127717721e-06
3.347388193701128738e-06
3.230270071002964376e-06
3.131524068672045323e-06
3.011618375442141404e-06
2.939759726070561252e-06
2.913784107538339841e-06
2.793293543230368803e-06
2.742771079277671838e-06
2.714887679726585634e-06
2.667972710665548956e-06
2.604772631438788437e-06
2.518680053485745952e-06
2.433388725655726256e-06
2.411515462531032999e-06
2.366687709532225449e-06
2.278839211079848671e-06
2.214581363805165581e-06
2.187974028679391016e-06
2.124028775840017607e-06
2.034359371219473921e-06
2.011343941748945856e-06
1.965985980591901826e-06
1.946243498849734267e-06
1.884492321011618656e-06
1.737962542948150459e-06
1.675545123305647586e-06
1.657169145145021759e-06
1.603984060087625562e-06
1.575999339505108896e-06
1.553444592537041759e-06
1.515276077263002734e-06
1.479400432355519055e-06
1.420069215404344724e-06
1.371237148968101662e-06
1.344331768533358888e-06
1.277846809829365047e-06
1.262166324125100399e-06
1.177278797232571313e-06
1.151607848208334532e-06
1.116385969309591649e-06
1.112250690616775073e-06
1.070398734081102786e-06
1.060492889444944064e-06
1.003429615821653470e-06
1.000074040372377520e-06
9.345040429872405722e-07
8.891077321999468690e-07
8.868688224836767917e-07
8.627162261461087431e-07
8.540036019264755689e-07
8.481391326855234025e-07
7.742825083421469030e-07
7.693366109352823622e-07
7.253584813730493246e-07
6.873702446765498105e-07
6.829085242730310761e-07
6.693681136069594066e-07
6.104273898436197740e-07
6.088999982498622247e-07
5.470279460610966544e-07
5.437418414188821761e-07
5.001794558391950382e-07
4.815237501649314339e-07
4.563184003710899702e-07
4.281570854906549563e-07
4.110087482441101676e-07
3.955322224245759090e-07
3.906907582621672419e-07
3.480576795724901990e-07
3.155101700710446027e-07
3.136136970911171119e-07
2.580634550664765309e-07
2.513421193687477301e-07
2.304564687879454767e-07
1.852712689360861908e-07
1.617878460681440287e-07
1.560482151437538074e-07
1.521904853959400197e-07
1.068360739684964045e-07
9.728963308943647361e-08
5.839743176792002877e-08
2.966464994743200921e-08
2.457200656005603590e-08
1.773086902278479926e-09
