5.517007446289062500e+01
4.098730850219726562e+01
2.220918273925781250e+01
8.360971450805664062e+00
2.075814008712768555e+00
1.503248333930969238e+00
6.061065196990966797e-01
5.165228247642517090e-01
1.888574361801147461e-01
1.417105346918106079e-01
1.230658665299415588e-01
7.288645207881927490e-02
6.296969950199127197e-02
3.838104382157325745e-02
1.207838021218776703e-02
7.394573651254177094e-03
6.007073447108268738e-03
3.802854567766189575e-03
2.597395796328783035e-03
2.538738306611776352e-03
1.871950807981193066e-03
1.389034092426300049e-03
1.028388855047523975e-03
9.880919242277741432e-04
7.704233867116272449e-04
6.376578821800649166e-04
5.690832040272653103e-04
4.879744374193251133e-04
4.411518457345664501e-04
3.807215543929487467e-04
3.550272667780518532e-04
3.034979163203388453e-04
2.855135244317352772e-04
2.819302317220717669e-04
2.601906016934663057e-04
2.389730798313394189e-04
2.186330239055678248e-04
2.062233688775449991e-04
2.012848854064941406e-04
1.945657131727784872e-04
1.885686215246096253e-04
1.720243017189204693e-04
1.610448234714567661e-04
1.538273063488304615e-04
1.452619471820071340e-04
1.312199747189879417e-04
1.261061552213504910e-04
1.150024327216669917e-04
1.135768325184471905e-04
1.099016080843284726e-04
1.060246286215260625e-04
9.899709402816370130e-05
9.760711691342294216e-05
8.856989734340459108e-05
8.699706086190417409e-05
8.139960118569433689e-05
7.700180140091106296e-05
7.391752296825870872e-05
6.831715290900319815e-05
6.728394509991630912e-05
6.629928248003125191e-05
6.475697591667994857e-05
6.271925667533650994e-05
6.116319127613678575e-05
5.901249096496030688e-05
5.715046063414774835e-05
5.506497473106719553e-05
5.412950849859043956e-05
4.971348971594125032e-05
4.931832881993614137e-05
4.800900205736979842e-05
4.519775757216848433e-05
4.367836299934424460e-05
4.300775253796018660e-05
4.175497451797127724e-05
4.024359441245906055e-05
3.871485751005820930e-05
3.821378049906343222e-05
3.761627158382907510e-05
3.599424962885677814e-05
3.412667501834221184e-05
3.326309524709358811e-05
3.110351462964899838e-05
3.046167876163963228e-05
3.006434235430788249e-05
2.787888479360844940e-05
2.769185630313586444e-05
2.646778375492431223e-05
2.602547283458989114e-05
2.520767884561792016e-05
2.479681825207080692e-05
2.432641849736683071e-05
2.397861317149363458e-05
2.321730244148056954e-05
2.298727304150816053e-05
2.270443474117200822e-05
2.220092574134469032e-05
2.171050982724409550e-05
2.028657218033913523e-05
1.994573176489211619e-05
1.950681144080590457e-05
1.915209395519923419e-05
1.841300945670809597e-05
1.793919909687247127e-05
1.733761382638476789e-05
1.713061101327184588e-05
1.669788980507291853e-05
1.623790740268304944e-05
1.587172664585523307e-05
1.570001404616050422e-05
1.508310197095852345e-05
1.460205203329678625e-05
1.422748118784511462e-05
1.401194367645075545e-05
1.385898667649598792e-05
1.351249011349864304e-05
1.319292096013668925e-05
1.283181882172357291e-05
1.259116834262385964e-05
1.223520575877046213e-05
1.186103327199816704e-05
1.159366001957096159e-05
1.145863734564045444e-05
1.123914535128278658e-05
1.084640371118439361e-05
1.067523771780543029e-05
1.028306542139034718e-05
1.012505254038842395e-05
9.888956810755189508e-06
9.514473276794888079e-06
9.472762940276879817e-06
9.351786502520553768e-06
8.950938536145258695e-06
8.791826985543593764e-06
8.737634743738453835e-06
8.447769687336403877e-06
8.320968845509923995e-06
8.099564183794427663e-06
7.992414793989155442e-06
7.943259333842433989e-06
7.811084287823177874e-06
7.603619906149106100e-06
7.398371053568553180e-06
7.086250661814119667e-06
6.971516086196061224e-06
6.873376605653902516e-06
6.817533176217693835e-06
6.703664894303074107e-06
6.659581231360789388e-06
6.380599643307505175e-06
6.247747478482779115e-06
6.146503437776118517e-06
6.024375124979997054e-06
5.921699994360096753e-06
5.815788426843937486e-06
5.726692052121507004e-06
5.597457402473082766e-06
5.526866516447626054e-06
5.341644737200113013e-06
5.193944616621593013e-06
5.115219209983479232e-06
4.987589818483684212e-06
4.852315214520785958e-06
4.674502633861266077e-06
4.618617822416126728e-06
4.534113031695596874e-06
4.468539827939821407e-06
4.367567726148990914e-06
4.299821284803329036e-06
4.222191819280851632e-06
4.206167432130314410e-06
4.130570232518948615e-06
3.863655365421436727e-06
3.843295871774898842e-06
3.768911710722022690e-06
3.707500809468911029e-06
3.636625024228123948e-06
3.570004309949581511e-06
3.491696816126932390e-06
3.426305966058862396e-06
3.362113830007729121e-06
3.327914100736961700e-06
3.211746616216260009e-06
3.119829216302605346e-06
3.076677558055962436e-06
3.011379476447473280e-06
2.971590902234311216e-06
2.894812723752693273e-06
2.841687546606408432e-06
2.829589675457100384e-06
2.712769855861552060e-06
2.661403641468496062e-06
2.626289187901420519e-06
2.579444981165579520e-06
2.513781055313302204e-06
2.424957756375079043e-06
2.379503030169871636e-06
2.300660071341553703e-06
2.255821755170472898e-06
2.245009909529471770e-06
2.146905444533331320e-06
2.130286702595185488e-06
2.095016270686755888e-06
2.017764927586540580e-06
1.979453372769057751e-06
1.908635113068157807e-06
1.875003476925485302e-06
1.847787075348605867e-06
1.834825638979964424e-06
1.765467345649085473e-06
1.730206122374511324e-06
1.668502591201104224e-06
1.603054101906309370e-06
1.578602336849144194e-06
1.558426447445526719e-06
1.493118247708480339e-06
1.450999775443051476e-06
1.426064500265056267e-06
1.366776245959044900e-06
1.346441081295779441e-06
1.312720087298657745e-06
1.283875121771416161e-06
1.240415826941898558e-06
1.219368755300820339e-06
1.169676465906377416e-06
1.153901848738314584e-06
1.101396946978638880e-06
1.093726268663886003e-06
1.035914124258852098e-06
1.027871007863723207e-06
1.002187673293519765e-06
-9.876425792754162103e-07
9.662425100032123737e-07
9.441400834475643933e-07
9.069240718417859171e-07
8.878238304532715119e-07
8.639443080937780906e-07
8.237496444962744135e-07
8.185156161744089331e-07
8.017318009478913154e-07
-7.823396117601078004e-07
7.363415193140099291e-07
7.348112944782769773e-07
7.063665634632343426e-07
6.763766577932983637e-07
6.508172418762114830e-07
-6.349891918944194913e-07
-6.199604740686481819e-07
6.043687790224794298e-07
5.816544899062137119e-07
5.602844339591683820e-07
5.506919364961504471e-07
5.306777666191919707e-07
5.190458409742859658e-07
5.027930001233471557e-07
-4.917637284052034374e-07
4.725991118448291672e-07
-4.654007170756813139e-07
4.520844072430918459e-07
4.388230081531219184e-07
4.090211120910680620e-07
4.004274671842722455e-07
-3.931980074867169606e-07
3.884851196289673680e-07
3.614284196373773739e-07
-3.576068650090746814e-07
3.307094971205515321e-07
-3.147841880490886979e-07
3.103760661815613275e-07
-2.985560456636449089e-07
2.795208899897261290e-07
-2.728125423345773015e-07
2.568791330759268021e-07
-2.554071159011073178e-07
2.541979995385190705e-07
2.266935013039983460e-07
-2.172751152329510660e-07
2.043274065499645076e-07
-1.901189392583546578e-07
1.785899712558602914e-07
1.658510910829136265e-07
-1.592209457612625556e-07
-1.529182185322497389e-07
1.483473823782333056e-07
1.211915616750047775e-07
1.058536938103316061e-07
-1.004797596237949620e-07
8.417674024485677364e-08
-8.030848164253256982e-08
7.583583538917082478e-08
-7.115660594081418822e-08
-5.023893479005892004e-08
4.279287679764820496e-08
-2.781976782273432036e-08
-1.456726916870820787e-08
1.407699823374741754e-08
-7.659081147082247298e-10
