3.958575731663991314e-03 1.693810628894312428e-02
6.821990440500426064e-03 6.821990440500426064e-03
7.118118172459359828e-03 1.164296016960468180e-02
6.067386811038603597e-03 1.647030685898537988e-02
5.094687282253825000e-03 1.573587303007715002e-02
5.682366522285930109e-03 1.740710940499287998e-02
7.886921740519421686e-03 1.691349028455713804e-02
7.032198088802457496e-03 1.571668133731725370e-02
5.785914907484626148e-03 2.179017556198783317e-02
4.073945751837508740e-03 1.734496161062348829e-02
5.312041529821047263e-03 1.825631158416629249e-02
2.773196497904144905e-03 1.942991393049052842e-02
4.764901899041934855e-03 1.648073201506157492e-02
4.448823857787099893e-04 1.990696370648810040e-02
5.234293603912239766e-03 2.067379258069761486e-02
7.133989135690819994e-04 2.011634934370230485e-02
3.563029036249403762e-03 1.271601016918688827e-02
4.073945751837508740e-03 1.148650632120920036e-02
4.690141976575521073e-03 1.993217065610762909e-02
6.109183310774587289e-03 1.612326199601099921e-02
3.329194929989049041e-03 2.227451560051976753e-02
5.856344166734036606e-03 5.856344166734036606e-03
2.912438868833548992e-04 1.563572965995490768e-02
3.159246723580602656e-03 2.054624641442431496e-02
3.132282531503331920e-03 2.055529261582359629e-02
2.951015898932248058e-03 1.879785376967397711e-02
5.144392725467255949e-03 1.560738788330323992e-02
4.169977858168974309e-03 1.117685192341955069e-02
2.594087790339667104e-03 1.624534998376757355e-02
5.177264578947854932e-03 1.601300365308423734e-02
4.073945751837508740e-03 1.796039564288237286e-02
1.164975547533419597e-03 1.834040991508277887e-02
2.317784165455995509e-03 1.948105031726075562e-02
9.804730246154031836e-04 2.029709176764951661e-02
4.543155702161762871e-03 1.368471701638786231e-02
5.921163231499541012e-03 5.921163231499541012e-03
2.224411928893550109e-03 2.196362336091213854e-02
5.196343797094671486e-03 1.263703562722127798e-02
2.153367306498948832e-03 2.064103092147687168e-02
5.072439633243593614e-03 1.549542319076117197e-02
4.101612933953341887e-03 1.140056431955448896e-02
7.856390447596063933e-03 1.474296588833915941e-02
6.223812129134535104e-03 2.218886261287410580e-02
5.469391670696295039e-03 2.029451280943968955e-02
5.078010683394140745e-03 1.548093073134091530e-02
4.558687903717086043e-03 2.150759620078104492e-02
5.592084877202133618e-03 1.956103668169334106e-02
2.848637187186608879e-03 2.074486329915436675e-02
4.332915611669883697e-03 1.056662932154749969e-02
3.629853934961514619e-03 1.258671820384964918e-02
7.128041665598464256e-03 9.320111061751540360e-03
4.887925135530451007e-03 5.909982761485067099e-03
3.150284303470109876e-03 1.336063487135168322e-02
6.846812804281046140e-03 1.728982132465440441e-02
3.907446774614645180e-03 2.026036878988813836e-02
6.562149838487025232e-03 1.763627509679189034e-02
1.550263971069505481e-03 1.934111393963193135e-02
4.448823857787100218e-03 2.334998288161426599e-02
2.544567243962824517e-03 2.117295190003105551e-02
1.503976964778600293e-03 2.299150803563914866e-02
4.580344500217493377e-03 1.724726342561406361e-02
6.505895620267457442e-03 1.556711522662699090e-02
1.503976964778600293e-03 2.057021474753571721e-02
5.204499193894759207e-03 1.862423647631137116e-02
6.062724968774402734e-04 2.003612291279621010e-02
4.129094735051716362e-03 1.462199846792578209e-02
1.595208465814964378e-03 2.060657926350051988e-02
4.571075665423371751e-03 1.360920932444643905e-02
4.115376774428141857e-03 1.135685520750735408e-02
5.312041529821047263e-03 1.934068998152277744e-02
6.647765328142052517e-03 1.733792135649123156e-02
9.659466952767986701e-04 1.610482488672029810e-02
5.250473839116850082e-03 1.853722297652656351e-02
1.595208465814964378e-03 1.419598114836641105e-02
3.778695358263961350e-03 1.790381277503046500e-02
3.362994729838757798e-04 1.859655389657839317e-02
9.055140432853242766e-04 2.014084492922074004e-02
9.511985514254425213e-04 1.905056654000670743e-02
9.804730246154031836e-04 1.403723419475175725e-02
5.027649002345277972e-03 1.560977128337907513e-02
2.843670074101446732e-03 1.850484820581463352e-02
5.829729781605180391e-03 1.273145722183349586e-02
4.025070597463174804e-03 1.867297856497021971e-02
2.255965447167900331e-03 1.935826065617839153e-02
3.282151917440660413e-03 2.062102141300363456e-02
1.022814916612678699e-03 2.032320347719025061e-02
7.133989135690819994e-04 1.389754613606515067e-02
5.712143319296495748e-03 2.191103123920973630e-02
4.115376774428141857e-03 1.843148208800608062e-02
1.224148559514869972e-03 2.032869947534944599e-02
2.100189535646740206e-03 2.063300013754449172e-02
5.223478936152356304e-03 1.539282391439072972e-02
5.314702206937452558e-03 1.895831020172972572e-02
3.396458188169216522e-03 2.057189255571858014e-02
4.413730400116245081e-03 1.021340087893281984e-02
5.111309470894196544e-03 1.167161386778036748e-02
