1.174983607116274920e+00
5.360750863772418828e-01
4.719657525231432671e-01
3.240160627920320446e-01
1.945033175017387705e-01
1.710147100330340897e-01
1.537323447572955804e-01
1.190178925378742869e-01
1.009553793127507121e-01
7.535654553184817361e-02
5.478020176508093669e-02
4.383953276142184968e-02
3.812567044464835325e-02
2.598046557914702667e-02
2.451373881449469411e-02
2.063636322175542437e-02
1.959735036410771916e-02
1.798741043338073636e-02
1.570004805683038532e-02
1.417455539794358968e-02
1.266494182711263954e-02
1.141212375795875103e-02
9.517930161959300972e-03
9.327498510861875411e-03
7.507517215258952166e-03
7.209725010586793756e-03
7.055038830376398305e-03
6.386671947527077647e-03
5.907517480263207825e-03
5.627457573055897645e-03
5.334958140362801998e-03
5.002003011606854892e-03
4.636477092270755232e-03
3.958909662885165201e-03
3.923686274844250671e-03
3.650384343156101198e-03
3.329969088461249074e-03
3.112759106948547339e-03
2.902453275074017101e-03
2.533382551951067138e-03
2.427023172121040451e-03
2.360187974762511728e-03
2.176381268629461359e-03
2.079991505793334083e-03
1.910545525891077468e-03
1.852145088688071347e-03
1.611611688550602809e-03
1.524632995432870187e-03
1.380724621317901916e-03
1.351949392063234818e-03
1.315109039168832093e-03
1.245733665615338624e-03
1.123876356507555463e-03
1.047049751634031691e-03
1.023611604239074583e-03
9.992565465323712415e-04
9.494076818635413095e-04
8.778133550195616744e-04
7.670346638466552609e-04
7.355858718016770447e-04
7.069013070696168180e-04
6.761542857378520987e-04
6.615989711314380732e-04
6.213304388789718091e-04
6.102253004351043588e-04
5.836319398515270448e-04
5.302536121356192728e-04
5.020788836251863533e-04
4.636327244783671180e-04
4.382438757823980437e-04
4.180260855569149585e-04
3.990954915924126915e-04
3.942680805804118366e-04
3.774073495461360275e-04
3.693329843236512269e-04
3.421913272217039334e-04
3.226588388466233208e-04
3.055707959021866757e-04
2.992661896680381831e-04
2.914111048308941744e-04
2.702500793361393657e-04
2.605974922369590371e-04
2.410359493305089913e-04
2.312399778654815677e-04
2.206568734455390229e-04
2.162086731563843812e-04
2.048299192944747047e-04
1.899487929271010994e-04
1.779375396417849262e-04
1.721245810606095747e-04
1.686093435530120594e-04
1.612566778630256418e-04
1.581279179953762608e-04
1.532821818050674476e-04
1.495280712401332677e-04
1.406757804726741911e-04
1.363860354464243652e-04
1.302188202407652076e-04
1.251037874099002742e-04
1.175453255091753597e-04
1.127131811517165960e-04
1.096114345594079262e-04
1.079077138705400012e-04
1.031120349856068575e-04
1.013645795456465944e-04
9.559007003735992913e-05
9.167078667473638805e-05
8.613384332157085716e-05
8.420021236608920526e-05
8.362827003789621155e-05
7.870046783882581412e-05
7.839309486674719547e-05
7.521685790556483192e-05
7.258361733417837108e-05
7.099335383313964357e-05
6.959034498277622189e-05
6.830056807180062521e-05
6.649142070424135249e-05
6.118152602580751646e-05
5.783606716412515250e-05
5.625973706119388236e-05
5.541352187914743376e-05
5.344979205432952253e-05
5.266366497912372058e-05
5.114344395720248396e-05
4.845972898014398126e-05
4.677152521649360439e-05
4.560527558767303108e-05
4.482226560502456557e-05
4.293247231587833147e-05
4.225776227736504151e-05
4.131982761172805937e-05
3.891037691408814826e-05
3.755248004519058533e-05
3.635854197260567631e-05
3.519840619863569210e-05
3.394174884294924414e-05
3.309743886251987054e-05
3.112969290909622960e-05
3.050649720158207974e-05
2.983331073981901181e-05
2.898875707447713207e-05
2.878027849692315696e-05
2.703503306738574486e-05
2.679619920550530742e-05
2.525264083943864181e-05
2.484911331118212853e-05
2.444631704426865221e-05
2.250361176519954508e-05
2.173370082924398647e-05
2.144459868546105935e-05
2.080660695721079316e-05
2.058980136050790177e-05
2.000692920515939190e-05
1.936111030061900035e-05
1.913120263350126014e-05
1.824539548361435857e-05
1.799599379022688187e-05
1.733590176671172722e-05
1.667396197561642459e-05
1.615343492122384470e-05
1.609458670995359900e-05
1.547722746148373480e-05
1.472185799887075826e-05
1.409791738841471932e-05
1.382642258540947474e-05
1.345090848823400950e-05
1.276367904939116066e-05
1.271291591113223930e-05
1.260477328190896457e-05
1.221292642893196424e-05
1.194365424627600138e-05
1.144827057530289541e-05
1.109853425621998068e-05
1.048060654207645519e-05
1.017573650456675917e-05
9.865369513429523071e-06
9.523139623083640040e-06
9.374863836064007227e-06
9.231307956299680771e-06
9.140722413832717548e-06
8.945198816181017156e-06
8.762776935128777873e-06
8.499728663563612776e-06
8.273296868547468861e-06
8.106517267160697686e-06
7.857972845176315464e-06
7.569568303637821126e-06
7.435024816586789050e-06
6.874337118935861875e-06
6.718449378048865428e-06
6.568576884561952672e-06
6.407354848646381385e-06
6.022980457987584004e-06
5.924997794724458242e-06
5.813905547759992946e-06
5.681312239551687976e-06
5.631522403405238614e-06
5.338497329614075757e-06
5.265606040095142897e-06
4.941038773983526101e-06
4.846164162029755092e-06
4.685556140599213352e-06
4.521273900447339274e-06
4.388705698329058887e-06
4.320678127307588947e-06
4.183917162425950080e-06
4.009695750075460425e-06
3.919439622290045318e-06
3.754552999865324081e-06
3.689097547108569787e-06
3.574491348065997625e-06
3.540496603174055409e-06
3.428797701333983526e-06
3.353454149335157984e-06
3.227348238824081178e-06
3.051285617392321240e-06
2.896164278168521144e-06
2.754503966695606580e-06
2.662180944320203881e-06
2.651741205743985702e-06
2.601411737035798895e-06
2.492169281823041474e-06
2.393066763888167234e-06
2.260376018328489147e-06
2.207284704798586071e-06
2.096351482620576496e-06
2.067992346778657818e-06
1.959388129402850842e-06
1.925307002744122895e-06
1.909427976483462831e-06
1.841819861734351555e-06
1.734772377686689354e-06
1.629604064322728823e-06
1.537004766191395978e-06
1.526177950879020247e-06
1.425221990675045732e-06
1.388674015704550371e-06
1.352113015127531220e-06
1.325292928456119842e-06
1.302734654308671896e-06
1.220672619301583443e-06
1.202763192968785718e-06
1.128161094708824444e-06
1.102111490316854027e-06
1.050388474002244685e-06
9.965480405818335991e-07
9.299103705611264113e-07
9.209973476952664143e-07
8.886643837706128230e-07
8.698270309162216957e-07
8.266063778612835368e-07
7.302043956945432687e-07
7.236573509928870761e-07
6.834846665465748643e-07
6.434579889298821132e-07
6.244951898194594096e-07
5.254079345913979415e-07
4.982751710909056851e-07
4.635473696672912623e-07
4.502626489273735262e-07
4.151831373955212805e-07
3.933123391786700930e-07
3.563419681863159796e-07
3.319508638909488643e-07
3.108753586214560936e-07
3.042860732808013507e-07
2.543034911150235854e-07
2.473657602885277934e-07
2.270092430247919656e-07
2.038194533999643874e-07
1.794623961629680303e-07
1.648749556452093427e-07
1.353500303203219540e-07
1.209554400108754743e-07
1.140245210140248669e-07
9.648736916868623841e-08
6.711471475284601748e-08
5.729572521211687654e-08
3.838744482627958206e-09
2.803650360858081891e-09
1.668068671874506742e-09
9.757079258808676273e-10
4.692306040710776697e-10
3.072687041235900285e-10
