2.947970628738403320e+00
8.703258633613586426e-01
8.543785214424133301e-01
5.546315312385559082e-01
4.108931422233581543e-01
2.901885509490966797e-01
2.873227596282958984e-01
1.601384133100509644e-01
1.467542350292205811e-01
1.159319058060646057e-01
6.319982558488845825e-02
5.877030268311500549e-02
4.642282798886299133e-02
3.625010326504707336e-02
3.400555253028869629e-02
2.211482450366020203e-02
2.092398703098297119e-02
1.677892729640007019e-02
1.585018821060657501e-02
1.234620809555053711e-02
1.105740666389465332e-02
1.044536568224430084e-02
9.541690349578857422e-03
7.668149191886186600e-03
7.326937746256589890e-03
6.225626915693283081e-03
5.808327812701463699e-03
5.138169974088668823e-03
4.995742812752723694e-03
4.620337393134832382e-03
4.099891986697912216e-03
3.762397449463605881e-03
3.575578331947326660e-03
3.259014803916215897e-03
3.194166114553809166e-03
2.813061699271202087e-03
2.587857190519571304e-03
2.502528019249439240e-03
2.371205948293209076e-03
2.046267967671155930e-03
1.980172004550695419e-03
1.839663134887814522e-03
1.688430667854845524e-03
1.642203191295266151e-03
1.464157598093152046e-03
1.417926978319883347e-03
1.289872336201369762e-03
1.223256927914917469e-03
1.180607941932976246e-03
1.071884064003825188e-03
1.016783877275884151e-03
9.037439012899994850e-04
8.966405293904244900e-04
8.482086705043911934e-04
7.338232826441526413e-04
7.102405652403831482e-04
6.593294092454016209e-04
6.505411583930253983e-04
5.794409080408513546e-04
5.686395452357828617e-04
5.458644591271877289e-04
4.928613197989761829e-04
4.861175548285245895e-04
4.645059525500983000e-04
4.535276093520224094e-04
4.175826034042984247e-04
4.131106543354690075e-04
3.712926118168979883e-04
3.517752629704773426e-04
3.273549664299935102e-04
3.169419069308787584e-04
3.126485389657318592e-04
3.050593077205121517e-04
2.985419414471834898e-04
2.677734591998159885e-04
2.525835006963461637e-04
2.493379288353025913e-04
2.474437933415174484e-04
2.218545123469084501e-04
2.075299271382391453e-04
2.027068840106949210e-04
1.912079897010698915e-04
1.798988232621923089e-04
1.714564132271334529e-04
1.641811104491353035e-04
1.543285325169563293e-04
1.459321501897647977e-04
1.392304402543231845e-04
1.352448452962562442e-04
1.299826544709503651e-04
1.199947364511899650e-04
1.090830774046480656e-04
1.072011000360362232e-04
1.012534557958133519e-04
9.749124001245945692e-05
8.830845035845413804e-05
8.334077574545517564e-05
8.180541044566780329e-05
7.763721805531531572e-05
7.219209510367363691e-05
6.867830961709842086e-05
6.678599311271682382e-05
6.472322274930775166e-05
6.180703348945826292e-05
6.002263762638904154e-05
5.612907625618390739e-05
5.490283729159273207e-05
5.308840991347096860e-05
5.205032721278257668e-05
4.893009099760092795e-05
4.586985232890583575e-05
4.439954136614687741e-05
4.435582741280086339e-05
4.265842289896681905e-05
4.023775181849487126e-05
3.915631168638356030e-05
3.733636549441143870e-05
3.573699359549209476e-05
3.393042788957245648e-05
3.366290184203535318e-05
3.321714757476001978e-05
3.221301813027821481e-05
3.052047759410925210e-05
3.021330667252186686e-05
2.866806426027324051e-05
2.730497908487450331e-05
2.632398900459520519e-05
2.481136107235215604e-05
2.422558827674947679e-05
2.276022678415756673e-05
2.261679765069857240e-05
2.177170244976878166e-05
2.160078656743280590e-05
1.991761746467091143e-05
1.954802610271144658e-05
1.894315028039272875e-05
1.820982470235321671e-05
1.726183472783304751e-05
1.681328649283386767e-05
1.645706652197986841e-05
1.534359034849330783e-05
1.530457302578724921e-05
1.487973713665269315e-05
1.438113395124673843e-05
1.316417183261364698e-05
1.297849485126789659e-05
1.269609674636740237e-05
1.259065629710676149e-05
1.234509454661747441e-05
1.172256452264264226e-05
1.133921432483475655e-05
1.101696398109197617e-05
1.063895524566760287e-05
1.052231800713343546e-05
9.641622455092146993e-06
9.575292096997145563e-06
9.182058420265093446e-06
9.016136573336552829e-06
8.908629752113483846e-06
8.518101822119206190e-06
8.187925232050474733e-06
7.715483661741018295e-06
7.516537607443751767e-06
7.238407761178677902e-06
7.107584679033607244e-06
6.946419034647988155e-06
6.624925390497082844e-06
6.359545750456163660e-06
6.254641448322217911e-06
6.081359060772228986e-06
6.004119313729461282e-06
5.712193797080544755e-06
5.619701369141694158e-06
5.461088221636600792e-06
5.347424576029879972e-06
5.107523975311778486e-06
4.981949132343288511e-06
4.690540663432329893e-06
4.581040229822974652e-06
4.474399702303344384e-06
4.305064521759049967e-06
4.118791366636287421e-06
4.078848178323823959e-06
3.990667210018727928e-06
3.915794422937324271e-06
3.708774329425068572e-06
3.557264790288172662e-06
3.443168225203407928e-06
3.337841008033137769e-06
3.231428081562626176e-06
3.170220679749036208e-06
3.052360170840984210e-06
2.995252316395635717e-06
2.885914909711573273e-06
2.844939672286272980e-06
2.754138449745369144e-06
2.580423824838362634e-06
2.504007397874374874e-06
2.469844730512704700e-06
2.387504764556069858e-06
2.291134933329885826e-06
2.213921789007144980e-06
2.072174993372755125e-06
2.011861852224683389e-06
1.954123035829979926e-06
1.902327994685037993e-06
1.835024136198626366e-06
1.791866907296935096e-06
1.751052423060173169e-06
1.670564529376861174e-06
1.645402676331286784e-06
1.519413672212976962e-06
1.517218379376572557e-06
1.476598981753340922e-06
1.412992105542798527e-06
1.343799567621317692e-06
1.315193912887480110e-06
1.289621422984055243e-06
1.266033564206736628e-06
1.192336526401049923e-06
1.143546683124441188e-06
1.099959376915649045e-06
1.080258243746357039e-06
1.057552367456082720e-06
1.011651647786493413e-06
9.857536724666715600e-07
9.440005896976799704e-07
9.214285228154039942e-07
8.990451760837459005e-07
8.645118896311032586e-07
8.196972771656874102e-07
7.825265697647409979e-07
7.367744387920538429e-07
7.105855956979212351e-07
6.968288630559982266e-07
6.896631248309859075e-07
6.593769512619473971e-07
6.328142490019672550e-07
6.087371957619325258e-07
5.869174515282793436e-07
5.475946522892627399e-07
5.393047786128590815e-07
5.210671929489762988e-07
4.973015279574610759e-07
4.787564762409601826e-07
4.660577133108745329e-07
4.483642328523274045e-07
4.176996526439324953e-07
4.009202143606671598e-07
4.004173206340055913e-07
3.769908971662516706e-07
3.570278011011396302e-07
3.314236209916998632e-07
3.082038233515049797e-07
3.012575859884236706e-07
2.907771659010904841e-07
2.571474624346592464e-07
2.425355205559753813e-07
2.367676472658786224e-07
2.302883501670294208e-07
2.256395674749001046e-07
2.182169112074916484e-07
1.899351786960323807e-07
1.850632287414555321e-07
1.605959738526507863e-07
1.445291388790792553e-07
1.420451667399902362e-07
1.232293129760364536e-07
1.145644432654080447e-07
1.027693130595253024e-07
9.484894292199896881e-08
8.795956318863318302e-08
8.440856191782586393e-08
7.527140155616507400e-08
6.306267152922373498e-08
5.496801236404280644e-08
4.938250697250623489e-08
3.428453254628038849e-08
3.038398332932956691e-08
1.878161803858802159e-08
1.538563765279832296e-08
1.341935540466465682e-08
6.646541539367945006e-09
5.137767544738380820e-09
2.876961557873869424e-09
