1.256370692083751128e-01
3.126555185515197954e-02
1.933111679412676670e-02
7.862136322788782286e-03
4.360246284282024050e-03
3.940403251357790793e-03
3.322879338239775101e-03
2.536071599149249730e-03
1.920908526492611694e-03
1.315068014149950709e-03
1.166490105601254582e-03
9.366238115380567334e-04
6.735237050188474291e-04
6.000215183826322369e-04
5.026333021594460611e-04
4.249540485154152205e-04
3.725280982727459606e-04
3.540269407928245187e-04
3.066191678178994962e-04
2.793252512399578471e-04
2.781241433473070424e-04
2.406281505817101877e-04
2.313100471398312700e-04
2.168669268217147462e-04
1.945464663512979145e-04
1.820617651943615860e-04
1.741828814993935735e-04
1.629880771813653083e-04
1.526803068743052454e-04
1.411066152855661496e-04
1.334500171500984712e-04
1.267298947276006152e-04
1.244488883613799942e-04
1.168599081160375143e-04
1.086161834288567983e-04
1.027952051785456701e-04
9.923497154118736310e-05
9.820211269545221940e-05
9.231988406898018100e-05
8.771621491618052644e-05
8.606370377899746069e-05
8.386784960759054066e-05
7.891794052189471701e-05
7.788881289109583653e-05
7.342444680743820959e-05
7.211084581147551777e-05
6.916047549718888664e-05
6.557072617058449040e-05
6.424989795949154116e-05
6.250835888369343904e-05
5.944416133158566612e-05
5.845257069561998845e-05
5.645139618914754814e-05
5.350987616506486976e-05
5.104589448862023457e-05
5.033723069192611558e-05
4.826066296326961128e-05
4.593123860169181469e-05
4.389161597086620230e-05
4.296417640380949867e-05
4.100047135456294566e-05
3.956521757688581399e-05
3.921056836322678882e-05
3.727109473536837687e-05
3.613203035179859485e-05
3.581981016286133498e-05
3.409867390566233047e-05
3.356643112612651519e-05
3.310635381192720948e-05
3.271195209912685286e-05
3.252988915095530309e-05
3.179826004506577204e-05
3.072456934138530872e-05
2.857738955459940137e-05
2.835562877291575168e-05
2.729622753506221044e-05
2.654611786373641970e-05
2.596312780936849157e-05
2.490683828134193319e-05
2.410916909397442070e-05
2.382507898951379227e-05
2.292736326452757511e-05
2.208972499679325320e-05
2.101808246393095867e-05
2.050665863402228732e-05
1.949240539136955084e-05
1.888698628566012230e-05
1.849315990812387271e-05
1.827903951732511064e-05
1.768806725131842679e-05
1.682006210669541879e-05
1.666516645769525385e-05
1.575781759986824871e-05
1.545447759373848095e-05
1.497139347668435347e-05
1.443437226059190576e-05
1.408433220508833603e-05
1.395153512697058192e-05
1.337083315612151572e-05
1.292728260896912968e-05
1.235260197996063847e-05
1.216078739790120962e-05
1.199432706329538591e-05
1.174006232659652504e-05
1.160296631386276383e-05
1.118502780499297515e-05
1.108491795645381979e-05
1.074062802528986954e-05
1.023634221083392612e-05
9.912606718616013803e-06
9.765888900787085813e-06
9.406854953667877065e-06
9.354025213197844467e-06
9.003132940093380184e-06
8.790263498496533125e-06
8.656033603330147007e-06
8.605309518285523390e-06
8.293351562854701481e-06
8.023973024988828104e-06
7.642398373774949395e-06
7.508500558073932312e-06
7.345665525017492942e-06
7.255071197449866632e-06
7.075134359753168193e-06
6.923937807681290972e-06
6.873831481111080221e-06
6.695180523272978013e-06
6.454992870654536876e-06
6.230998209530997224e-06
6.151275185339448413e-06
5.991484108086651993e-06
5.791554087423173166e-06
5.739602124247838180e-06
5.673448231591345794e-06
5.415307561116723956e-06
5.292114363406488805e-06
5.194640036478987985e-06
5.116567316125669071e-06
5.039658134675928234e-06
4.943624712530652853e-06
4.796596124341402425e-06
4.779886953831244432e-06
4.662163767116223487e-06
4.569261939110462123e-06
4.513897699669378280e-06
4.455066210855000091e-06
4.275161108368197715e-06
4.246463488063125583e-06
4.139229749022590716e-06
3.971568520832839599e-06
3.849663206399379746e-06
3.687832932695898239e-06
3.601191089053599505e-06
3.542316429340052959e-06
3.495307214474753002e-06
3.436535648580401563e-06
3.398897655341823791e-06
3.318782908931735961e-06
3.264040201507890311e-06
3.207498817402039151e-06
3.145921054952028776e-06
3.116190950166517266e-06
2.999893862898991892e-06
2.928002611915867512e-06
2.847079481695013216e-06
2.809278930655045257e-06
2.778893068974706682e-06
2.700171239877078012e-06
2.631726393882671501e-06
2.599887128126551150e-06
2.553742904699960494e-06
2.457683475742578195e-06
2.397279902772631319e-06
2.341988214665699289e-06
2.267996348945065596e-06
2.226380402688307269e-06
2.178841013210348578e-06
2.141967068483999669e-06
2.117606437810149546e-06
2.043006695568835144e-06
2.023870056159781352e-06
1.960870139531834130e-06
1.928967251734939546e-06
1.835686406806164965e-06
1.825816977687678541e-06
1.801626929337181791e-06
1.763234778013333213e-06
1.743457166913627908e-06
1.722310650697264920e-06
1.610680463215085229e-06
1.599343696636690513e-06
1.574786587452701724e-06
1.530045435980548345e-06
1.502720488836159184e-06
1.456228240747580141e-06
1.412386256019048005e-06
1.388603823073651981e-06
1.350840073055966688e-06
1.334779054845161800e-06
1.256372371325678442e-06
1.237486133807640622e-06
1.181256643400625173e-06
1.174123938209482814e-06
1.137614065916723227e-06
1.111300876925742273e-06
1.079277581689088699e-06
1.063882887980490994e-06
1.056175225988456071e-06
1.001485035301823772e-06
9.839308551347508995e-07
9.391340084842805524e-07
9.092619220186809554e-07
8.653898467690510899e-07
8.433951851174048533e-07
8.314776765563451283e-07
8.093416611569784554e-07
7.879579921317445315e-07
7.738265023493529205e-07
7.526397599124655220e-07
7.210243742639144676e-07
7.148334366578712989e-07
7.022345728695536182e-07
6.829487961098645516e-07
6.615143269930005682e-07
6.298213320939762661e-07
5.956562517668844473e-07
5.773810749965369400e-07
5.635731105987212836e-07
5.494779319944305302e-07
5.429271247403192382e-07
5.245996077024880218e-07
5.176878876658125083e-07
4.992133684501142839e-07
4.617029666937343015e-07
4.481313780260059753e-07
4.321901627402257052e-07
4.237904820516610819e-07
4.080008274359809699e-07
4.050227578615617379e-07
3.791134462426178884e-07
3.623038770619948080e-07
3.449173100223764171e-07
3.353924769750903754e-07
3.168696838961615127e-07
3.084095544617954975e-07
2.976492909637427985e-07
2.896137265091377143e-07
2.769920650024724037e-07
2.702137909245633215e-07
2.466698179127738171e-07
2.394675602625130890e-07
2.289819911179193202e-07
2.070589823732713682e-07
2.053159257996368245e-07
1.916480994814322042e-07
1.811211948269605825e-07
1.745337910566889796e-07
1.576514730943998452e-07
1.543824145842284339e-07
1.482066934096937128e-07
1.392307598893550647e-07
1.282357966933804415e-07
1.232270957814004896e-07
1.217799097718909175e-07
1.041431859758890430e-07
1.013788741962898306e-07
9.464426089962607047e-08
8.412578023480035637e-08
7.745729491504336442e-08
6.863692898096476256e-08
6.265652104956114117e-08
5.688124383607177807e-08
5.528174850970719531e-08
5.115088900779041373e-08
4.077059118223395077e-08
3.742450357294702485e-08
3.544558241333326916e-08
2.790232261801391345e-08
1.838272156606258983e-08
3.096672016477926702e-09
2.121721122804207226e-09
1.955779182413598990e-09
8.700980606659997821e-10
6.993967569672142749e-10
4.371501220844264380e-10
