2.754496634006500244e-01
7.056255638599395752e-02
3.743763267993927002e-02
1.724260859191417694e-02
7.012498565018177032e-03
5.879162810742855072e-03
4.100976977497339249e-03
2.950782887637615204e-03
2.302695764228701591e-03
1.521586440503597260e-03
1.132138189859688282e-03
8.548301411792635918e-04
8.213400724343955517e-04
6.282932008616626263e-04
5.020453245379030704e-04
4.803584015462547541e-04
4.072424198966473341e-04
3.793127834796905518e-04
3.509737434796988964e-04
3.167243266943842173e-04
2.848225121852010489e-04
2.441857068333774805e-04
2.196272253058850765e-04
2.051606134045869112e-04
1.898129121400415897e-04
1.775482523953542113e-04
1.653693179832771420e-04
1.550853339722380042e-04
1.357392466161400080e-04
1.317381102126091719e-04
1.266355975531041622e-04
1.227760512847453356e-04
1.159123567049391568e-04
1.025416640914045274e-04
1.007658138405531645e-04
9.620381024433299899e-05
9.055329428520053625e-05
8.552511280868202448e-05
7.793346594553440809e-05
7.414689025608822703e-05
7.079439092194661498e-05
6.936454155948013067e-05
6.656217738054692745e-05
6.477315037045627832e-05
6.251620652619749308e-05
5.894919377169571817e-05
5.746958413510583341e-05
5.094127482152543962e-05
4.946467015543021262e-05
4.877533865510486066e-05
4.570990859065204859e-05
4.518212153925560415e-05
4.009711847174912691e-05
3.866604311042465270e-05
3.789461698033846915e-05
3.567581734387204051e-05
3.452142846072092652e-05
3.374513835296966136e-05
3.227503839298151433e-05
3.117719825240783393e-05
3.043095603061374277e-05
2.875767677323892713e-05
2.763779048109427094e-05
2.694399154279381037e-05
2.553651029302272946e-05
2.509250225557480007e-05
2.315035635547246784e-05
2.225643947895150632e-05
2.209868398495018482e-05
2.161865268135443330e-05
2.136810144293121994e-05
2.001288703468162566e-05
1.951791637111455202e-05
1.846172926889266819e-05
1.796932338038459420e-05
1.754742515913676471e-05
1.693132799118757248e-05
1.667721153353340924e-05
1.635955050005577505e-05
1.621840601728763431e-05
1.494902971899136901e-05
1.475852786825271323e-05
1.366478954878402874e-05
1.337199228146346286e-05
1.284667087020352483e-05
1.266533308807993308e-05
1.241463542100973427e-05
1.212898951052920893e-05
1.181226161861559376e-05
1.131946464738575742e-05
1.102292662835679948e-05
1.067229186446638778e-05
1.016260102915111929e-05
1.002482258627424017e-05
9.758430678630247712e-06
9.462622074352111667e-06
8.767443432589061558e-06
8.665847417432814837e-06
8.320389497384894639e-06
8.141792932292446494e-06
7.607791758346138522e-06
7.418212135235080495e-06
7.249599548231344670e-06
7.045864549581892788e-06
6.809465958212967962e-06
6.705590749334078282e-06
6.473429039033362642e-06
6.218343060027109459e-06
5.955298092885641381e-06
5.857667929376475513e-06
5.706075171474367380e-06
5.582395260717021301e-06
5.560164026974234730e-06
5.268019322102190927e-06
5.158434760232921690e-06
5.129325018060626462e-06
4.907074526272481307e-06
4.746197646454675123e-06
4.658350917452480644e-06
4.525626081886002794e-06
4.388459728943416849e-06
4.257701220922172070e-06
4.224767053528921679e-06
4.118900506000500172e-06
3.934599135391181335e-06
3.901839590980671346e-06
3.705810286191990599e-06
3.584977775972220115e-06
3.452526470937300473e-06
3.419053200559574179e-06
3.409445980651071295e-06
3.366893906786572188e-06
3.340370312798768282e-06
3.033712118849507533e-06
2.997112233060761355e-06
2.952456497951061465e-06
2.875821337511297315e-06
2.768919785012258217e-06
2.727357468756963499e-06
2.609818920973339118e-06
2.579795363999437541e-06
2.504285021132091060e-06
2.477200041539617814e-06
2.446405460432288237e-06
2.312350943611818366e-06
2.272618530696490780e-06
2.205408463851199485e-06
2.171577079934650101e-06
2.130952452716883272e-06
2.075691554637160152e-06
2.050978991974261589e-06
2.027830532824737020e-06
1.962727310456102714e-06
1.902936560327361804e-06
1.835591888266208116e-06
1.795132220649975352e-06
1.744004748616134748e-06
1.723641616990789771e-06
1.704760848042496946e-06
1.634960426599718630e-06
1.606250975783041213e-06
1.592372996128688101e-06
1.567280605740961619e-06
1.540408106848190073e-06
1.508763830315729138e-06
1.472391772949777078e-06
1.428311747986299451e-06
1.348579417026485316e-06
1.316373527515679598e-06
1.301722363677981775e-06
1.282351604459108785e-06
1.260929479940386955e-06
1.209450715577986557e-06
1.189477529806026723e-06
1.157564724962867331e-06
1.149478521256241947e-06
1.119043190556112677e-06
1.090808382286923006e-06
1.061516286426922306e-06
1.049636694006039761e-06
1.025849655889032874e-06
1.001644818643399049e-06
9.701989256427623332e-07
9.673070735516375862e-07
9.277067647417425178e-07
9.079567462322302163e-07
8.911104032449657097e-07
8.766507448854099493e-07
8.208498911699280143e-07
7.995131454663351178e-07
7.758122819723212160e-07
7.567542752440203913e-07
7.521272209487506188e-07
7.385498292933334596e-07
7.216667654574848711e-07
7.164903763623442501e-07
6.888832331242156215e-07
6.691190037599881180e-07
6.525077083097130526e-07
6.427613925552577712e-07
6.263232421588327270e-07
6.150929152681783307e-07
5.982672064419602975e-07
5.806707576994085684e-07
5.605693331744987518e-07
5.355730081646470353e-07
5.220477419243252371e-07
5.189031639929453377e-07
5.098488031762826722e-07
4.923347205476602539e-07
4.827622319680813234e-07
4.623501297373877605e-07
4.487866362978820689e-07
4.349799382907804102e-07
4.282240411157545168e-07
3.976400648753042333e-07
3.945841342556377640e-07
3.834974506844446296e-07
3.721173413850920042e-07
3.566891564332763664e-07
3.543331388300430262e-07
3.411390707697137259e-07
3.303216260519548086e-07
3.254044713685289025e-07
3.161026143061462790e-07
3.060351616568368627e-07
2.918208963365032105e-07
2.843311222022748552e-07
2.757774666406476172e-07
2.720281599977170117e-07
2.596588899450580357e-07
2.490662609488936141e-07
2.450220790706225671e-07
2.370225899994693464e-07
2.344035721080217627e-07
2.150245990151233855e-07
2.087812589479653980e-07
2.038347872712620301e-07
1.996567675632832106e-07
1.971740886119732750e-07
1.897138446338431095e-07
1.774474611693221959e-07
1.696102742698712973e-07
1.645671545702498406e-07
1.587026332572349929e-07
1.533314701873678132e-07
1.415794486092636362e-07
1.355513319367673830e-07
1.322910634371510241e-07
1.292699920441009453e-07
1.216432536921274732e-07
1.155240951788982784e-07
1.096701467417915410e-07
1.086268213157381979e-07
9.939393663671580725e-08
9.249188082094406127e-08
9.113931298543320736e-08
8.297946152424628963e-08
8.009256191598979058e-08
7.475912866539147217e-08
7.193685291895235423e-08
6.828176424278353807e-08
6.677029062984729535e-08
6.511410788334615063e-08
5.749565090695796243e-08
5.243364142870632350e-08
4.499192485241110262e-08
4.459648650367853406e-08
4.224178340450635005e-08
3.554119842874570168e-08
3.422125516294727277e-08
3.149528282619940001e-08
2.816959288054476929e-08
2.761651884952698310e-08
2.488915917808753875e-08
2.379512054062615789e-08
2.080335548271250445e-08
1.765138257781018183e-08
1.358563217479513696e-08
1.063094412501186525e-08
8.344976265561854234e-09
7.166436777339413311e-09
6.646954098243895714e-09
5.740094177753007898e-09
5.162479776998907255e-09
