3.907581993358113029e-03 1.683410873624325427e-02
6.322966717418628153e-03 8.151278980263881868e-03
7.173512923651899700e-03 1.099770238951352890e-02
4.352448012457638300e-03 1.985271936097105991e-02
4.592673848228487690e-03 1.680615556812445691e-02
6.662634928856883514e-03 1.359456700985055971e-02
8.227317625705578980e-03 1.462641054566383991e-02
5.802993335669875789e-03 1.788750120111136030e-02
7.189261598861128831e-03 1.821612191564458277e-02
2.863486830049923482e-03 1.829621854857604868e-02
4.555585699952770240e-03 1.947902705215359340e-02
2.663992831157648792e-03 1.945189213840479645e-02
5.163593404889328838e-03 1.555646717328556389e-02
3.759942411946500733e-04 1.863052713733441210e-02
4.720188036430202766e-03 2.133923474435243939e-02
0.000000000000000000e+00 1.949961671010448302e-02
3.208092506951780963e-03 1.328456480945093207e-02
3.947044206637644742e-03 1.185066281384295275e-02
3.668594135084811240e-03 2.085618810370951787e-02
5.856344166734036606e-03 1.693046942503889651e-02
4.527570216426620407e-03 2.329005415353216368e-02
5.649931234371431514e-03 6.107009300082802405e-03
0.000000000000000000e+00 1.536489520675160189e-02
2.955802626975152780e-03 2.060517241765585233e-02
3.234424761291257965e-03 2.051898758945601073e-02
3.441939263945125067e-03 1.853935992929180848e-02
4.555585699952770240e-03 1.687127406967395271e-02
4.489944326835879594e-03 9.839905921758889187e-03
2.066258555028515839e-03 1.636776304347817984e-02
5.047293812327517323e-03 1.632703220096145408e-02
3.823327165853493761e-03 1.822672661345985101e-02
3.362994729838757798e-04 1.777728687257764881e-02
1.953723387307322590e-03 2.071620732441286500e-02
2.377996378563606303e-04 2.156919762439856586e-02
5.160854824264509387e-03 1.142799351213675402e-02
5.959241844075388247e-03 1.324386750166510821e-02
1.396756613687317409e-03 2.052316629057997915e-02
5.875624364295103930e-03 1.453601746030554198e-02
2.126944621086619604e-03 2.063719549386509172e-02
5.644924648333339220e-03 1.360123462977445505e-02
4.105058220519613825e-03 1.138968387810933638e-02
7.346815866845052799e-03 1.382701586291246523e-02
5.776133133950740392e-03 2.293939928575550180e-02
4.410526239693852123e-03 1.711038909309457387e-02
5.443482516611854345e-03 1.437699116747105654e-02
4.407319749819122411e-03 2.164952580512695748e-02
5.947368467378449063e-03 1.878629998771190815e-02
2.488388860332219760e-03 1.947423634025531244e-02
4.280393481414492864e-03 1.077669337806230233e-02
3.812218201455208448e-03 1.219059753995942186e-02
7.203013443971587222e-03 7.203013443971587222e-03
4.867637187935664606e-03 6.451002053610222983e-03
2.813683259900851257e-03 1.372627251030339446e-02
6.967569969216174178e-03 1.680271744271556733e-02
3.718353031712921981e-03 2.171933843522501698e-02
6.813696224131948406e-03 1.670180664100400642e-02
1.324012349150529731e-03 1.924939967666590077e-02
5.005103377526283134e-03 2.284871920580747867e-02
3.303618149630938201e-03 2.102976320895501294e-02
1.779529543114839957e-03 2.311092752965704378e-02
4.847264327040363106e-03 1.675763473214655214e-02
6.479767419840591972e-03 1.567828605343192516e-02
1.723022071141967152e-03 1.939605054508524926e-02
3.950624292821843832e-03 1.874753394807751605e-02
2.377996378563606303e-04 1.972669932779979457e-02
4.696166567339828644e-03 1.324731417184507598e-02
9.209940371518396136e-04 2.025923183423030544e-02
4.687126777307545379e-03 1.609578064751430657e-02
4.993792394983573996e-03 4.993792394983573996e-03
5.304051490407743659e-03 1.935502079703910541e-02
6.338598302997269611e-03 1.833635337502526053e-02
2.093447336752888611e-03 1.946842697798097793e-02
4.391252179929336190e-03 1.714037131201504374e-02
7.705588955611836601e-04 1.659760882367827470e-02
3.932691271079202799e-03 1.751491039205956696e-02
0.000000000000000000e+00 1.828312262845219541e-02
1.280590240933403290e-03 2.035778248468205626e-02
1.739354399024813655e-03 1.940055749293948667e-02
1.803205034505348881e-03 1.419499518942142838e-02
4.990960644035722336e-03 1.570064208779300280e-02
1.456219434416774388e-03 1.846664847203446924e-02
5.978190196642917641e-03 1.186722912108792785e-02
4.101612933953341887e-03 1.996821406891723452e-02
2.448297119029739944e-03 1.935400769135419211e-02
2.868419627556551953e-03 2.074128251009607626e-02
0.000000000000000000e+00 1.949961671010448302e-02
0.000000000000000000e+00 1.332600106675778731e-02
5.365004370192971370e-03 2.241836587316087953e-02
2.955802626975152780e-03 1.925113248599387428e-02
0.000000000000000000e+00 1.828312262845219541e-02
1.550263971069505481e-03 2.047903609804000574e-02
5.061279136480340175e-03 1.581961908358792829e-02
5.271970239512824459e-03 1.903753469746476829e-02
3.371391733496401696e-03 2.046146665140809173e-02
3.932691271079202799e-03 1.188900125252031863e-02
4.270473668586278679e-03 1.682972804161984859e-02
5.253165699759788053e-03 1.530888314540849310e-02
5.952120660280005998e-03 1.664227668862918591e-02
5.861170161921968637e-03 1.459363434600835854e-02
8.326383769645713182e-03 8.326383769645713182e-03
