4.986729572645314662e-02
2.919533166246029640e-02
7.869440908662293094e-03
6.341576124584713883e-03
3.410071949002540809e-03
1.798047319274815887e-03
1.427178621524378271e-03
1.018722554998276620e-03
6.965754350564597750e-04
4.745373835970506356e-04
3.993057183637750132e-04
3.674417963498498676e-04
3.155772498927950868e-04
1.859635358736983152e-04
1.353470858978710002e-04
1.310988441953765107e-04
1.008261334292767555e-04
9.439199524880816929e-05
7.495710192085884517e-05
7.124394039710812098e-05
6.329315563467835450e-05
5.417230255274730293e-05
5.310886371226095342e-05
4.557756851269721969e-05
4.256704251899235617e-05
4.039455098900131150e-05
3.644459839637790514e-05
2.939378653595690717e-05
2.843060249119882488e-05
2.821243006901998828e-05
2.574092095036285651e-05
2.336564154854302340e-05
2.256798720164005813e-05
2.102011312682562091e-05
2.063434942802619629e-05
1.951519314776306802e-05
1.804469230759100066e-05
1.763180267854191398e-05
1.547836518348626755e-05
1.406446148340385167e-05
1.380537365627370021e-05
1.377636309481495337e-05
1.225058402565465825e-05
1.221525686323688004e-05
1.157111567615791210e-05
1.046065161551266499e-05
1.028580451944397977e-05
9.333344552189149978e-06
8.444621834858088221e-06
8.171183279323035304e-06
8.040025914753598309e-06
7.848319156119924961e-06
7.633621239893562718e-06
7.067525963666329417e-06
6.798229952959176509e-06
6.560475288396850447e-06
6.291268908083730573e-06
6.064593448460704057e-06
5.947623715208027242e-06
5.729346508412811751e-06
5.486778011191643420e-06
5.349273870694333287e-06
5.063720733385342434e-06
4.926427159814685513e-06
4.746255155005989203e-06
4.527238065411444508e-06
4.337521508296575950e-06
4.198816786723181532e-06
4.016181150293270120e-06
3.975866179603989279e-06
3.818342669355153316e-06
3.681050954246593701e-06
3.524339967650694632e-06
3.485703858715808224e-06
3.371749063501856052e-06
3.309384100356549150e-06
3.255650316840712593e-06
3.056030216357499115e-06
3.006613168010436774e-06
2.965963428417314881e-06
2.870610164414023471e-06
2.801743900468567833e-06
2.740356440409059751e-06
2.706038667791958215e-06
2.662850728315064856e-06
2.586289879157872903e-06
2.483455557298356405e-06
2.427176318989721250e-06
2.400677644607669858e-06
2.314319657421863132e-06
2.306764251529289401e-06
2.271190472752340291e-06
2.152279061231834064e-06
2.122756444627015083e-06
2.067665929217904402e-06
2.011947256467700742e-06
1.996086154322695625e-06
1.962675387648917067e-06
1.933783435210223164e-06
1.905143517571511100e-06
1.813379006414785202e-06
1.764801140311816895e-06
1.734160886987953445e-06
1.705312135918775874e-06
1.676621537461688494e-06
1.591272263220117378e-06
1.576328276966406492e-06
1.563166636494572811e-06
1.538123350651596970e-06
1.493124229227542332e-06
1.432341898458694999e-06
1.409671975644500713e-06
1.399124903568027807e-06
1.374195261125034740e-06
1.353786225551703018e-06
1.320507998087828953e-06
1.269624491254088174e-06
1.267815632944228195e-06
1.254324550078058863e-06
1.211695816036457192e-06
1.173214353965686298e-06
1.124590117924210607e-06
1.113477181907078828e-06
1.097329015780806161e-06
1.072913060090759447e-06
1.069308133578703327e-06
1.043218394565986401e-06
1.019885988160131540e-06
1.006909075949641924e-06
9.932158828431479116e-07
9.689954436556850757e-07
9.576504061132477155e-07
9.289841008714849300e-07
9.098554687511940219e-07
8.883581420661859157e-07
8.686483499770171205e-07
8.611597843539106153e-07
8.397492270947855681e-07
8.314303363062559081e-07
8.119054331327096536e-07
7.921076201103860874e-07
7.834014404165351449e-07
7.720931953841554579e-07
7.499765902176710706e-07
7.351335113770233346e-07
7.173497703680905691e-07
7.089200093582585713e-07
7.054708437298609383e-07
6.867441444483366214e-07
6.584205108099154203e-07
6.517990591780360828e-07
6.299269852868590880e-07
6.284337529593787665e-07
6.216546755126176984e-07
6.200669351687962149e-07
6.018597769114619778e-07
5.841918124435762261e-07
5.795569568297420985e-07
5.739130058359541570e-07
5.547237001482701082e-07
5.450790676700031257e-07
5.404919494585864637e-07
5.370023721074409738e-07
5.258087958433998553e-07
5.090454381609351917e-07
5.003841580885677038e-07
4.913219183807573546e-07
4.791256238317555242e-07
4.694111330048117822e-07
4.562141685981109930e-07
4.543158535021707878e-07
4.495926693557870160e-07
4.333472687846955462e-07
4.261497289752615134e-07
4.231556249127023992e-07
4.001701345653643422e-07
3.941970532620101866e-07
3.862807113935131641e-07
3.748312223529427616e-07
3.687795777176528451e-07
3.643403294488288036e-07
3.569357364756874655e-07
3.463061417091814712e-07
3.405347977923269834e-07
3.338936669579587853e-07
3.180401457640096408e-07
3.147884412875313006e-07
3.067786367008284697e-07
3.036538429779928268e-07
2.954035887751464824e-07
2.914507849014872836e-07
2.824491643153784535e-07
2.736420576847542504e-07
2.697009078679690549e-07
2.650524894766872037e-07
2.599698986603995259e-07
2.541319359557743401e-07
2.495426006861099269e-07
2.404598048472881698e-07
2.383939908578266622e-07
2.338773136485112886e-07
2.287727337355165243e-07
2.240044508637785138e-07
2.158465181180283360e-07
2.123353058087278639e-07
2.116143178283990860e-07
2.058023406651655450e-07
1.978030922137017844e-07
1.950121547672766978e-07
1.918277925424665036e-07
1.810184601460696549e-07
1.800927057926075453e-07
1.754095741112286578e-07
1.713127878407849031e-07
1.679216842890083083e-07
1.619836150852166061e-07
1.581257881382048284e-07
1.558327392527383221e-07
1.516568154855989164e-07
1.460864341886151143e-07
1.420712682880277517e-07
1.373484415472322051e-07
1.331551035948860420e-07
1.304008631050522655e-07
1.286075208070658450e-07
1.254824643803047972e-07
1.235374273376601720e-07
1.190334792873640751e-07
1.142186486322444159e-07
1.117914327015977644e-07
1.082995356943494792e-07
1.036521775162818949e-07
1.021351953443472690e-07
9.577244476066609453e-08
9.482386318570547067e-08
9.255063913696911212e-08
8.994837255716786210e-08
8.860269803683936113e-08
8.578888355268727808e-08
8.248549930287781672e-08
8.082674014208740413e-08
7.721145621148112678e-08
7.235424822626112192e-08
6.723321221839801426e-08
6.660594871642221805e-08
6.354990111647729539e-08
6.146845278625579556e-08
5.891827322273625654e-08
5.757122929182363244e-08
5.517038375291942422e-08
5.428978171054190404e-08
5.174473715212585671e-08
5.035738659248551382e-08
4.728799163466853273e-08
4.488319830179453291e-08
4.211232890599708007e-08
4.101916142478411131e-08
3.866733884674648465e-08
3.774828752564905655e-08
3.552752728887511106e-08
3.424354937375537639e-08
3.257524712866857445e-08
3.034874546293000598e-08
2.820930775105785416e-08
2.799253029642179741e-08
2.601605941829527496e-08
2.568365148853062132e-08
2.318739845306209679e-08
2.203012475068430200e-08
1.975501756814234923e-08
1.864976938242710460e-08
1.730223128797989206e-08
1.595606348149559197e-08
1.471696380310817788e-08
1.388525243591200922e-08
1.300787715666879574e-08
1.128408578562487933e-08
1.059354462108144818e-08
9.897212864744752569e-09
9.413155611787454045e-09
8.730133433999464687e-09
8.132273553971117079e-09
7.605064221891885704e-09
6.367086220807606104e-09
5.348362192304305943e-09
4.694981095134551547e-09
3.979982879581612615e-09
3.610482967079094481e-09
3.186750949432847620e-09
2.337394114386555991e-09
2.162285898911326421e-09
1.611325453171526537e-09
1.162081687034746994e-09
6.162330778164712991e-10
5.414285218250904603e-10
2.474142041736817678e-10
2.074876663824674377e-10
