1.008307635784149170e-01
5.282216146588325500e-02
1.203733589500188828e-02
6.660871673375368118e-03
4.651960451155900955e-03
2.848795149475336075e-03
2.148301340639591217e-03
1.188110793009400368e-03
8.627918432466685772e-04
6.576380692422389984e-04
4.466280806809663773e-04
4.128193832002580166e-04
3.083421906922012568e-04
2.399220102233812213e-04
1.705779868643730879e-04
1.442337816115468740e-04
1.024340090225450695e-04
9.709101868793368340e-05
8.429034642176702619e-05
7.410619582515209913e-05
6.707589636789634824e-05
6.131482950877398252e-05
5.725680603063665330e-05
5.133478407515212893e-05
4.745832848129794002e-05
4.143023761571384966e-05
3.423684393055737019e-05
3.216873665223829448e-05
3.039494004042353481e-05
2.608003524073865265e-05
2.561498695285990834e-05
2.257299820485059172e-05
2.171990854549221694e-05
2.040773870248813182e-05
1.780565435183234513e-05
1.603065538802184165e-05
1.522396905784262344e-05
1.452649576094700024e-05
1.430470274499384686e-05
1.389357385050971061e-05
1.305049227084964514e-05
1.271149812964722514e-05
1.120063643611501902e-05
1.052828429237706587e-05
1.022363267111359164e-05
9.511681128060445189e-06
8.040835382416844368e-06
7.849711437302175909e-06
7.354477929766289890e-06
7.063186785671859980e-06
6.099117854319047183e-06
5.853142738487804309e-06
5.734108526667114347e-06
5.434246304503176361e-06
5.269107987260213122e-06
4.905069999949773774e-06
4.729946340376045555e-06
4.634781362256035209e-06
4.288247509975917637e-06
4.224270924169104546e-06
3.855340764857828617e-06
3.784056389122270048e-06
3.662585868369205855e-06
3.415675564610864967e-06
3.310311740278848447e-06
3.054063881791080348e-06
2.966889724120846950e-06
2.810430260069551878e-06
2.729991365413297899e-06
2.679144245121278800e-06
2.521053147575003095e-06
2.380247451583272777e-06
2.306105443494743668e-06
2.263637725263834000e-06
2.214228743468993343e-06
2.137846422556322068e-06
2.018391569436062127e-06
1.980823526537278667e-06
1.926516915773390792e-06
1.893465196189936250e-06
1.833300302678253502e-06
1.814959432522300631e-06
1.780850539034872781e-06
1.680778268564608879e-06
1.579715217303601094e-06
1.557301743559946772e-06
1.497042717346630525e-06
1.480090872973960359e-06
1.427673169018817134e-06
1.400943006046873052e-06
1.316816451435443014e-06
1.292280671805201564e-06
1.244939426214841660e-06
1.222710579895647243e-06
1.186493477689509746e-06
1.118227714869135525e-06
1.111667756958922837e-06
1.068095457412709948e-06
1.041710675053764135e-06
1.013515316117263865e-06
9.876564490696182474e-07
9.637445828047930263e-07
9.374350042890000623e-07
9.203100148624798749e-07
8.895216296878061257e-07
8.769958412813139148e-07
8.743398893784615211e-07
8.376546247745864093e-07
8.217043614422436804e-07
7.742572165625460912e-07
7.613408570250612684e-07
7.526277272518200334e-07
7.368257683992851526e-07
7.232598591144778766e-07
6.999342190283641685e-07
6.837437354079156648e-07
6.726696710757096298e-07
6.670014158771664370e-07
6.561329541909799445e-07
6.284982418947038241e-07
6.152782816570834257e-07
5.989099349790194537e-07
5.891534442525880877e-07
5.822676598654652480e-07
5.675616421285667457e-07
5.582690505434584338e-07
5.374175202632613946e-07
5.332118462320067920e-07
5.181231585993373301e-07
5.042262500865035690e-07
4.860950184593093581e-07
4.816458840650739148e-07
4.721779021110705798e-07
4.616176454419473885e-07
4.522502763393276837e-07
4.467050871426181402e-07
4.334262371230579447e-07
4.188628679457906401e-07
4.108341897790523944e-07
4.019511550268362043e-07
3.962509254051838070e-07
3.785356170737941284e-07
3.775766970193217276e-07
3.748738208741997369e-07
3.642708463758026483e-07
3.570891635717998724e-07
3.468047395926987519e-07
3.351263728745834669e-07
3.312109413400321500e-07
3.240380692659527995e-07
3.209294732187117916e-07
3.191090627296944149e-07
3.056967159409396118e-07
2.998345962623716332e-07
2.969232753002870595e-07
2.942199728295236127e-07
2.891268024995952146e-07
2.881837986024038401e-07
2.824688181135570630e-07
2.779147223463951377e-07
2.752426553342957050e-07
2.650634769452153705e-07
2.614023060232284479e-07
2.581887486030609580e-07
2.529230584968900075e-07
2.463107477979065152e-07
2.387565984918182949e-07
2.323238561530160950e-07
2.303333133113483200e-07
2.273284422926735715e-07
2.199348756448671338e-07
2.162440182473801542e-07
2.110195111981738592e-07
2.069696876105808769e-07
2.031389811918415944e-07
1.970039988918870222e-07
1.949692745029096841e-07
1.902418489407864399e-07
1.854386937338858843e-07
1.852190649742624373e-07
1.825969917490510852e-07
1.793175954389880644e-07
1.743872530823864508e-07
1.739397248456953093e-07
1.699686578149339766e-07
1.657802357613036293e-07
1.595074792248851736e-07
1.590042018051462946e-07
1.570546572793318774e-07
1.525659030221504509e-07
1.502060342772892909e-07
1.433431151554032112e-07
1.412511636544877547e-07
1.345657096862851176e-07
1.334365009597604512e-07
1.309178685460210545e-07
1.276015524354079389e-07
1.238076521303810296e-07
1.221448115984458127e-07
1.194945156157700694e-07
1.185109965717856539e-07
1.165192813346038747e-07
1.128174673681314744e-07
1.101314452967017132e-07
1.093101360538639710e-07
1.079758504829442245e-07
1.043563031544181285e-07
1.034283059198060073e-07
9.954369062370460597e-08
9.568811520921371994e-08
9.315252924579908722e-08
9.042301485351345036e-08
8.858593503191514174e-08
8.622596681107097538e-08
8.521493555235792883e-08
8.439345577926360420e-08
8.334038881230299012e-08
8.192297684672666946e-08
7.684663927420842811e-08
7.617560981998394709e-08
7.394530854298864142e-08
7.275358626657180139e-08
7.116407374496702687e-08
6.982203615280013764e-08
6.845871070026987582e-08
6.649050021678704070e-08
6.427762144767257269e-08
6.355801218660417362e-08
6.092749060826463392e-08
5.905069855316469329e-08
5.719771323242639482e-08
5.604818653637266834e-08
5.464364960516832070e-08
5.346864284661023703e-08
5.000574532232349156e-08
4.915591844678601774e-08
4.800319075570769201e-08
4.758567939688873594e-08
4.517780993751330243e-08
4.435761979948438238e-08
4.382389207080450433e-08
4.202613368420315965e-08
4.045407919761601079e-08
3.948510851614628336e-08
3.786889735124532308e-08
3.747604537807092129e-08
3.452953833971150743e-08
3.397061121290789742e-08
3.300834805486374535e-08
3.132275594452949008e-08
3.027212969186621194e-08
2.846714330928534764e-08
2.796088516276995506e-08
2.758178041517567181e-08
2.646021002306042647e-08
2.542245702841228194e-08
2.481229266493301111e-08
2.316317981865267939e-08
2.258001963184597116e-08
2.153993072795401531e-08
2.078330751942303323e-08
1.950079386858760699e-08
1.877364397273595387e-08
1.784804837257070176e-08
1.634812996087475767e-08
1.589433118454053329e-08
1.527366144671304937e-08
1.447424136102881675e-08
1.393784376801932012e-08
1.349428035979371998e-08
1.267259008841392642e-08
1.173385655306447006e-08
1.129704063629333177e-08
9.957529023552069702e-09
8.930241435223251756e-09
8.307830867693155596e-09
7.674351820696756477e-09
7.286407477380407727e-09
6.531553964350678143e-09
6.385745265902187384e-09
6.038811228847862367e-09
5.368064659450055842e-09
5.192244856289107702e-09
4.432374911544911811e-09
4.254613994447709047e-09
4.009389709125343870e-09
3.297372375143936551e-09
3.132299086772150076e-09
2.847253099957924860e-09
2.364520357289734420e-09
1.823148187973799850e-09
1.525302217864066279e-09
1.308911645736543505e-09
1.202920985043931523e-09
1.064488719393352767e-09
5.725802054712403333e-10
4.952090404408693303e-10
