2.302311622770503163e-05
1.224793413712177426e-05
8.957950740295927972e-06
4.993129095964832231e-06
4.191681000520475209e-06
2.494072759873233736e-06
2.025894445978337899e-06
1.807902890504919924e-06
1.613305585124180652e-06
1.447301087864616420e-06
1.235189870385511313e-06
1.134639433075790294e-06
1.090671162273793016e-06
1.057727217812498566e-06
9.997555707741412334e-07
9.805634135773289017e-07
9.356415375805227086e-07
8.927465273700363468e-07
8.802580282463168260e-07
8.585316777498519514e-07
8.352812983503099531e-07
8.274341780634131283e-07
8.128276931529399008e-07
7.854791874706279486e-07
7.701771096435550135e-07
7.605567589052952826e-07
7.449638133039115928e-07
7.416076641675317660e-07
7.266185662047064397e-07
7.134940460673533380e-07
6.974782422730640974e-07
6.876303473291045520e-07
6.833283237028808799e-07
6.685268658657150809e-07
6.620691124226141255e-07
6.517990982501942199e-07
6.436044373003824148e-07
6.328109520836733282e-07
6.166898174342350103e-07
6.128256018200772814e-07
6.033392310200724751e-07
5.925945743001648225e-07
5.898524477743194439e-07
5.838576271344209090e-07
5.652520371768332552e-07
5.604800890068872832e-07
5.487506200552161317e-07
5.436698984340182506e-07
5.419814783635956701e-07
5.364559569898119662e-07
5.255202495391131379e-07
5.198531880523660220e-07
5.166942287360143382e-07
5.110175038680608850e-07
5.033556931266502943e-07
4.954889050168276299e-07
4.929624992655590177e-07
4.840975975639594253e-07
4.810725044990249444e-07
4.702002911471936386e-07
4.659866306155890925e-07
4.615620241565920878e-07
4.507223820837680250e-07
4.489167793053638889e-07
4.395098471832170617e-07
4.334310403919516830e-07
4.317303421430551680e-07
4.286680450604762882e-07
4.267546387382026296e-07
4.186708792985882610e-07
4.152026633619243512e-07
4.069310648446844425e-07
4.025800990348216146e-07
3.987562990914739203e-07
3.921688858099514619e-07
3.871471392358216690e-07
3.858778256926598260e-07
3.797165959440462757e-07
3.691572771913342876e-07
3.664509620193712180e-07
3.640429042661708081e-07
3.571962281512242043e-07
3.513064541493804427e-07
3.479908059489389416e-07
3.431500203987525310e-07
3.410677891224622726e-07
3.355594344611745328e-07
3.309227167846984230e-07
3.269305466346850153e-07
3.236224301872425713e-07
3.164423958423867589e-07
3.159140646857849788e-07
3.104980805801460519e-07
3.062599489567219280e-07
3.040424303435429465e-07
2.999333332809328567e-07
2.983598506034468301e-07
2.905923395246645669e-07
2.897986064454016741e-07
2.875696338833222399e-07
2.822109479438950075e-07
2.789178381590318168e-07
2.778018028948281426e-07
2.719679343954339856e-07
2.656941546774760354e-07
2.652719217621779535e-07
2.627650985687068896e-07
2.609170053347042995e-07
2.578412363618554082e-07
2.517672612611931982e-07
2.493457031960133463e-07
2.469862465659389272e-07
2.414878963463706896e-07
2.390384565842396114e-07
2.381717791877235868e-07
2.333613053906447021e-07
2.280496147477606428e-07
2.226494046908555902e-07
2.202966271624973160e-07
2.178840929900616175e-07
2.164525483294710284e-07
2.127736280499448185e-07
2.076192657796127605e-07
2.052163523558192537e-07
2.022793523792643100e-07
1.991559059888459160e-07
1.971635157360651647e-07
1.956484680931680487e-07
1.932958610950663569e-07
1.907256148570013465e-07
1.887284213353268569e-07
1.863323291217966471e-07
1.836540661770413863e-07
1.818849995061100344e-07
1.788662586932332488e-07
1.769999045109216240e-07
1.734420891352783656e-07
1.730226699692138936e-07
1.700844904917175882e-07
1.680391932268321398e-07
1.670362053118878976e-07
1.645087905899345060e-07
1.608015338661061833e-07
1.591163396597039537e-07
1.578743109575952985e-07
1.526122446193767246e-07
1.513718785872697481e-07
1.498555946000124095e-07
1.471377260031658807e-07
1.465389090071766987e-07
1.446516790792884422e-07
1.415035484342297423e-07
1.388715560324271792e-07
1.367517938888340723e-07
1.356226562165829819e-07
1.327818495155952405e-07
1.303589414192174445e-07
1.292782769723999081e-07
1.277180672332178801e-07
1.260943491843136144e-07
1.213490605778133613e-07
1.199084493919144734e-07
1.186882414572210109e-07
1.175778123752024840e-07
1.159592173394230485e-07
1.147544779200870835e-07
1.134143303715973161e-07
1.092793695534055587e-07
1.076314859460580919e-07
1.068204724674615136e-07
1.027738463221794518e-07
1.018634847582688963e-07
9.947219581363242469e-08
9.833446767970599467e-08
9.769708242401975440e-08
9.548497814648726489e-08
9.409605894461492426e-08
9.279510493342968402e-08
9.123529309817968169e-08
8.818642527330666780e-08
8.771052506517662550e-08
8.567405984649667516e-08
8.538593476714595454e-08
8.248427718626771821e-08
8.127912565214501228e-08
8.067758017205051146e-08
7.936008472597677610e-08
7.656582567960867891e-08
7.516049294054027996e-08
7.447256678005942376e-08
7.314103811495442642e-08
7.267885848705191165e-08
6.984343059457387426e-08
6.834460464233416133e-08
6.703048427425528644e-08
6.655306350467071752e-08
6.526946805252009653e-08
6.332486179871921195e-08
6.201910451864023344e-08
6.126823848262574757e-08
6.076375314023607643e-08
5.992690432776726084e-08
5.679286374515868374e-08
5.634047539615494316e-08
5.563606464420445263e-08
5.445308914886481944e-08
5.284606530153723725e-08
5.201083297379227588e-08
5.104053002469299827e-08
5.043398587645242515e-08
4.921282936720672296e-08
4.896348926308746741e-08
4.813488629906714777e-08
4.682875953676557401e-08
4.459719704641429416e-08
4.367505468394483614e-08
4.320587976280876319e-08
4.156856903136940673e-08
4.109189788437106472e-08
3.933745773565533455e-08
3.819054583686920523e-08
3.720110441918222932e-08
3.674552218058124708e-08
3.628060696314605593e-08
3.471749110417476913e-08
3.357796529712686606e-08
3.320656460914506170e-08
3.273456883334802114e-08
3.195036768488535017e-08
3.077784782590242685e-08
2.938891086046169221e-08
2.922344854994207708e-08
2.823724898348700663e-08
2.766476647764193331e-08
2.706596546886430588e-08
2.646058838706721872e-08
2.586448566432864027e-08
2.479270477806494455e-08
2.464132364821125520e-08
2.422117084677211096e-08
2.132635756879608380e-08
2.106177099392425589e-08
2.044096980569065636e-08
1.993855036630520772e-08
1.967544704939427902e-08
1.877635114055919985e-08
1.845197949990051711e-08
1.790125736533809686e-08
1.661464210656049545e-08
1.616929878878181626e-08
1.553746464821870177e-08
1.492691836801895988e-08
1.430605856000966014e-08
1.406226424194301217e-08
1.362287793682526171e-08
1.346918310218825354e-08
1.316157227648773187e-08
1.239680358366967994e-08
1.156672713165107780e-08
1.103390001588877567e-08
1.082956746500940426e-08
1.014012518396611995e-08
9.719489213466658839e-09
9.516868182402049570e-09
8.896411607395293686e-09
8.402348150582383823e-09
8.113605787229971611e-09
7.904595200614039641e-09
7.757005704434050131e-09
7.008844615796760991e-09
6.282705022897516756e-09
5.886278575673031810e-09
5.663248092702133363e-09
5.224563004446736159e-09
4.971812739285041971e-09
4.828106359155981409e-09
4.531429453891178127e-09
4.234341322018053688e-09
3.848259932937025951e-09
3.769326628599856122e-09
3.392657044187785687e-09
3.064738018920820650e-09
2.905764295846324785e-09
2.611394656071297504e-09
2.214209260387178801e-09
2.162590106991046923e-09
2.035026591684641062e-09
1.914343572551047146e-09
1.606653698971172162e-09
1.366247004419562927e-09
1.268833704770599979e-09
1.211584943483501320e-09
8.159978248656329924e-10
5.837139660513912531e-10
4.317173840640009530e-10
3.344760579615524421e-10
2.557730138796898700e-10
