3.810297757434508159e-03 1.724257945204815679e-02
5.032511210956202956e-03 1.559754219771364303e-02
6.559133055162097090e-03 1.533217471379317957e-02
3.196747174094728434e-03 2.065312041693201373e-02
4.685588278570092420e-03 1.663544827783810381e-02
5.105304026473654611e-03 1.865032491683919422e-02
8.048384864329485161e-03 1.595200347153479664e-02
6.679799869731911643e-03 1.722137178772967930e-02
7.198890648765447070e-03 1.817923393533427828e-02
2.955850455109669019e-03 1.825936744590258079e-02
5.671409192124453151e-03 1.761156213940926960e-02
3.295649043443468328e-03 2.061559088686659713e-02
4.841632161968235058e-03 1.632266528492141294e-02
5.921640725410360620e-04 2.002522923373357272e-02
5.107380439436624148e-03 2.085781572484011678e-02
4.809934895525991771e-04 1.993672686073107159e-02
2.726360143913490221e-03 1.380152296330457509e-02
4.076512847519039341e-03 1.147863775389354468e-02
4.456792826199159653e-03 2.020769235939262262e-02
6.173637669425650377e-03 1.589125064205341303e-02
3.288907404192861674e-03 2.228615179085679382e-02
5.186758448427933321e-03 1.598889705318526713e-02
4.993962248979131593e-04 1.873205291929887217e-02
2.951255419723108550e-03 2.060624701837415751e-02
2.330800401610289355e-03 2.197909735119772667e-02
3.520960726000337600e-03 1.848313037404111792e-02
3.680520800513675805e-03 1.799589642651941088e-02
4.380679843654427738e-03 1.036264264399710047e-02
2.293379948631922485e-03 1.633676414513452954e-02
4.951916956705694484e-03 1.653981503170487422e-02
3.653495625082757783e-03 1.837900169217671076e-02
6.411997262808544250e-04 1.801893870399263672e-02
1.907888294426156360e-03 1.944003494388767475e-02
1.568270132052018327e-04 1.954432074538095185e-02
4.508577032502359902e-03 1.377577140979499917e-02
6.108951897932943763e-03 1.348053145430729363e-02
1.503394060745201965e-03 2.056997152632198886e-02
5.707439011133382326e-03 1.435455391631738735e-02
2.000345902843867971e-03 2.061459409050617198e-02
5.349434860084200175e-03 1.469330010272970957e-02
4.128033222677391853e-03 1.131608537713214846e-02
7.321178507637383752e-03 1.401233930024171730e-02
5.978426671008494654e-03 2.262196904866664929e-02
5.347055864846559682e-03 2.049834919380173412e-02
5.330373168768903595e-03 1.475438740111333080e-02
4.437878998920605222e-03 2.162206914654577969e-02
5.540272273330410988e-03 1.775717465754772864e-02
2.852753322904865579e-03 2.074413407323848907e-02
4.232065311139242107e-03 1.095826063675480952e-02
3.861664042379523397e-03 1.207102023720031322e-02
7.223983530336715309e-03 7.223983530336715309e-03
4.892434985915170877e-03 5.740188506728325334e-03
3.091395292132688519e-03 1.343389128560769884e-02
6.778124012244279330e-03 1.754713932523834646e-02
3.505065022963441395e-03 1.910937815188256186e-02
6.830481559831388938e-03 1.663264829556911420e-02
1.292873570947404094e-03 1.923504789051217606e-02
4.919694633809441192e-03 2.293796475512674057e-02
2.338611640023812149e-03 2.116540138320599507e-02
1.527166233458580966e-03 2.300260838282597309e-02
4.313819141779118814e-03 1.765423584779822475e-02
6.478021792810035977e-03 1.623639764367630287e-02
1.303729872839827757e-03 1.924009867247621422e-02
4.660023540173154587e-03 1.641999464064268846e-02
1.157903553136084736e-03 1.916806120329833316e-02
4.488905159156800218e-03 1.382639588571555472e-02
6.583228613287093415e-04 1.885365857675947235e-02
4.442241083786349805e-03 1.394319993791083567e-02
4.424958638997342555e-03 1.016106073063888920e-02
4.662904675430984414e-03 2.030412676970385494e-02
6.877714779278180229e-03 1.643272375433768584e-02
2.530918872867502292e-03 1.947027145515777685e-02
4.793181901347819823e-03 1.642346120510819463e-02
1.439218338503234912e-03 1.846033541075716225e-02
3.488772742621107630e-03 1.815464084263842051e-02
2.779103640257283713e-04 1.854541939499889172e-02
6.580221493792338863e-04 1.996753375151774992e-02
1.343210154578934352e-03 1.925804077261244682e-02
1.811496395354040634e-03 1.419434774970015738e-02
4.902624653184386311e-03 1.590966807534417715e-02
2.497518928411954740e-03 1.858893908615337140e-02
6.105016537541776284e-03 1.093795519240391492e-02
4.369143682764431609e-03 1.826950314714827911e-02
2.442110817672951857e-03 1.891639895609097122e-02
2.081663856342455803e-03 1.946710141069463856e-02
3.759453587657303193e-04 1.984876543308161309e-02
1.827192749772980150e-05 1.334418043309841539e-02
5.611769157593244836e-03 2.206784913551379512e-02
3.278661159484879285e-03 1.911105626942374847e-02
5.640665556276258348e-04 1.989553478459530830e-02
1.509784263813144633e-03 2.046271792390517985e-02
5.211149966875147643e-03 1.542712593180500108e-02
4.976550465351612870e-03 1.953202904893661107e-02
2.045215136495098611e-03 2.073551674068612946e-02
3.656628569180020265e-03 1.253265623137326396e-02
2.680393299404864715e-03 1.620789645806013785e-02
4.752870612090138308e-03 1.650475568462033554e-02
4.692221334380393925e-03 1.929949524112486645e-02
4.762705859112079110e-03 1.750969449764917113e-02
7.937486893844122524e-03 7.937486893844122524e-03
