1.376392807170810606e+01
8.232444409317146494e+00
3.658740422983409957e+00
2.676721649779904233e+00
6.349955454555059609e-01
2.616579389393485222e-01
2.129560760805062625e-01
1.410608940347333473e-01
1.049710955073519664e-01
1.019500168572786969e-01
7.165197909519979702e-02
4.960782092158461803e-02
3.919455530828618028e-02
3.691876329822729730e-02
2.452875727740440326e-02
2.213692897731255396e-02
1.732600405356104351e-02
1.626608119589928111e-02
1.515540663271212028e-02
1.288315913186745612e-02
1.049382184185215783e-02
7.762519288186688765e-03
7.077177679587350403e-03
5.992572915631347481e-03
5.548152763264688203e-03
5.184170956493966594e-03
4.728195081433436524e-03
4.033878490792933494e-03
3.318386480298519264e-03
3.041037637600716922e-03
2.927826531005906039e-03
2.174780972350278709e-03
2.066383217822145065e-03
1.932216217346824187e-03
1.668176454460827858e-03
1.513996595381258492e-03
1.454440722451487292e-03
1.376053956070525611e-03
1.233654726697960315e-03
1.193390236486689725e-03
9.952720360555265735e-04
9.845413541260514181e-04
9.572106478398341922e-04
8.836408200448644685e-04
8.460331910620761493e-04
7.597315595819088396e-04
7.391655850414224948e-04
6.862083478710245214e-04
6.474473531566418390e-04
6.350278881765070898e-04
5.748267651794383270e-04
5.441043838117211274e-04
4.968348173388052865e-04
4.814158397036018559e-04
4.521225551773549404e-04
4.395796468953520105e-04
4.100561660803710867e-04
3.840130676569805473e-04
3.702384079976635961e-04
3.628394471323744745e-04
3.394146931074955645e-04
3.252270354434932281e-04
2.974398857625616416e-04
2.919390205038932453e-04
2.819356748030652903e-04
2.681776676127934755e-04
2.590432994818580746e-04
2.446836309874730886e-04
2.401937886533131016e-04
2.228764181216666830e-04
2.136687829132298804e-04
2.032740387614162558e-04
1.981708414411711700e-04
1.866891333402895215e-04
1.723252829106915651e-04
1.673621063238427164e-04
1.624382531543818082e-04
1.524935290694258482e-04
1.509373401146465381e-04
1.428560983748119746e-04
1.388152351462385047e-04
1.313093682179606518e-04
1.270655975047777148e-04
1.242545162318673053e-04
1.209342263014176054e-04
1.158963611132995172e-04
1.120051945522512987e-04
1.092914207041692769e-04
1.024499147175943610e-04
1.003028787618500469e-04
9.845181865891861951e-05
9.406291197581799176e-05
9.100004276857351631e-05
8.551760553245066668e-05
8.439906650405728248e-05
7.900718616552461688e-05
7.700542258413971752e-05
7.421153055565786342e-05
7.285827365991687026e-05
7.197419939604765939e-05
7.126690866321092315e-05
6.756433517879485392e-05
6.571545609655646801e-05
6.385294869212701074e-05
6.180536548679959306e-05
6.024443721514950256e-05
5.971823205815079164e-05
5.692521850402397808e-05
5.585581172802501961e-05
5.528932903651573809e-05
5.432578329741908637e-05
5.139243198207170773e-05
5.043989670841060515e-05
4.948681869531928144e-05
4.819801904935913769e-05
4.663790100603969614e-05
4.573275566059088591e-05
4.466680224487109538e-05
4.386260105108263788e-05
4.270325015808019851e-05
4.200446150743646014e-05
4.102119792091042704e-05
3.945774442976805827e-05
3.897239496772648558e-05
3.828515021271146113e-05
3.756223334141435056e-05
3.649563253678368198e-05
3.615969690916398738e-05
3.451415093672086033e-05
3.424557600952581781e-05
3.364981724162584243e-05
3.287653086670664759e-05
3.195266838443705921e-05
3.136807183299735661e-05
3.104242461381075845e-05
3.004243546243658854e-05
2.961329417155900194e-05
2.913179077184733533e-05
2.860614676527624596e-05
2.720174457937985784e-05
2.700658712592458443e-05
2.620566226708162275e-05
2.567604343044121236e-05
2.518421916892217522e-05
2.464000065983793194e-05
2.399162290749949804e-05
2.347266477354347558e-05
2.329114251046467626e-05
2.260783866393869287e-05
2.234560119134480145e-05
2.194969181950796752e-05
2.145585059926543461e-05
2.109723212519694084e-05
2.065884859851264784e-05
1.997849065440870144e-05
1.968872505810389040e-05
1.923776161363918911e-05
1.882859586905280295e-05
1.833177889518936159e-05
1.763581301813460983e-05
1.755218348291531764e-05
1.735679355938264928e-05
1.687259585243660887e-05
1.659456412086030911e-05
1.614519558326962730e-05
1.562745616853849454e-05
1.529624046273259520e-05
1.487601342593736166e-05
1.448817237034350233e-05
1.419823148810834033e-05
1.370466017850907825e-05
1.365758675307479557e-05
1.317585717095503959e-05
1.307595713889974634e-05
1.282340046247352286e-05
1.254512241544983470e-05
1.244271960729314876e-05
1.197963146344028173e-05
1.181314222062093092e-05
1.162934639213970996e-05
1.138676462757537305e-05
1.101899008258407252e-05
1.075402964592614131e-05
1.052953627509286544e-05
1.041273300241728943e-05
1.027482393387443422e-05
9.950686378973271990e-06
9.919799687029965177e-06
9.757136406682920596e-06
9.512458754302450975e-06
9.282143454842829873e-06
9.036911757111067210e-06
9.000992967164657584e-06
8.864149751579150437e-06
8.660649607356896262e-06
8.544840895131111091e-06
8.358876146156722482e-06
8.243439442546269611e-06
7.908550619579847934e-06
7.689676981399763632e-06
7.407858508274842381e-06
7.300537692961006904e-06
7.224246271038783984e-06
7.049555569890950225e-06
6.906280667553228257e-06
6.707015762722966880e-06
6.565163895836979778e-06
6.434640559818004747e-06
6.261485699217093700e-06
5.963939144699504681e-06
5.916000815566651357e-06
5.778532741104272191e-06
5.628977902368679041e-06
5.523224007023952674e-06
5.320918607370959356e-06
5.207602702725308145e-06
5.109217193971602842e-06
4.932581984021577190e-06
4.817134070728136769e-06
4.551176218297178610e-06
4.478834730737970458e-06
4.385624075605320420e-06
4.310870460280924918e-06
4.173621292637697961e-06
4.009795541907333167e-06
3.946921708580991582e-06
3.855668910985889889e-06
3.772467593493110773e-06
3.527085583920078506e-06
3.453438613557388374e-06
3.377000895710520871e-06
3.203396268870419652e-06
3.136004648258820283e-06
3.027289404485453541e-06
2.899713457282322815e-06
2.812933780770021483e-06
2.746538292034048898e-06
2.678306059639480127e-06
2.655722250852518620e-06
2.549335371612411147e-06
2.485844274624864539e-06
2.379785374682898031e-06
2.302435844323233465e-06
2.275436045296985473e-06
2.209562934348954277e-06
2.148075473138156677e-06
2.119753916130170041e-06
2.000232018521031380e-06
1.954489572806634938e-06
1.929135777741378672e-06
1.866207450019644330e-06
1.730034978789124686e-06
1.721057882041367634e-06
1.617065622760715169e-06
1.611524902872681596e-06
1.574386061657621196e-06
1.494356045237397443e-06
1.432886959532223301e-06
1.402832027390934256e-06
1.326719009133888132e-06
1.265296910515810873e-06
1.160545792712770425e-06
1.156907559771848490e-06
1.083363816014337204e-06
1.058340211027354886e-06
9.991807529301306439e-07
9.547153715055837013e-07
9.214214971674811039e-07
8.813013076936005654e-07
8.593042037287547206e-07
8.231220518806975869e-07
7.887835416465591813e-07
7.760457802326766772e-07
6.863118342581437114e-07
6.553663873485100596e-07
6.293494868389499193e-07
5.731176433233364171e-07
5.520422282998564867e-07
5.382241891215251536e-07
5.232554787941776640e-07
4.770979357355409427e-07
4.592121910705280933e-07
3.788493741586714923e-07
3.325202173122682338e-07
2.896409516270637321e-07
2.586178402329611345e-07
2.492004913104124974e-07
2.474553176811407238e-07
2.216316924357741290e-07
2.047807726149159883e-07
1.723477576575287486e-07
1.613202898042966484e-07
1.088570737808117461e-07
6.443208644705322807e-08
5.492428189402392931e-08
3.183394642583985360e-08
1.872109746592251358e-08
