5.454541778564453125e+01
3.490979003906250000e+01
1.567471408843994141e+01
1.093758296966552734e+01
2.747290372848510742e+00
1.739447712898254395e+00
8.376363515853881836e-01
5.276716351509094238e-01
3.072788119316101074e-01
2.795612812042236328e-01
2.065535038709640503e-01
1.925020515918731689e-01
1.413503736257553101e-01
1.131157055497169495e-01
7.222279161214828491e-02
5.009732395410537720e-02
2.710490114986896515e-02
2.350305952131748199e-02
2.241253852844238281e-02
2.039176411926746368e-02
1.532649993896484375e-02
9.990267455577850342e-03
9.778754785656929016e-03
7.943182252347469330e-03
5.522526800632476807e-03
4.527149256318807602e-03
3.950655460357666016e-03
3.494432196021080017e-03
2.748091239482164383e-03
2.329002832993865013e-03
2.157797105610370636e-03
1.918131718412041664e-03
1.736361882649362087e-03
1.572134904563426971e-03
1.465200213715434074e-03
1.334189670160412788e-03
1.216328935697674751e-03
1.107731950469315052e-03
1.065577962435781956e-03
9.488225332461297512e-04
8.688257075846195221e-04
8.038004161790013313e-04
7.299352437257766724e-04
7.130542071536183357e-04
6.670953589491546154e-04
6.268215365707874298e-04
5.767116090282797813e-04
5.520450067706406116e-04
5.318418261595070362e-04
5.214819102548062801e-04
4.985891864635050297e-04
4.785103374160826206e-04
4.298723069950938225e-04
4.190026374999433756e-04
4.044873639941215515e-04
3.807800821959972382e-04
3.765833098441362381e-04
3.515860298648476601e-04
3.400577115826308727e-04
3.203003434464335442e-04
3.027832717634737492e-04
2.965704770758748055e-04
2.780966460704803467e-04
2.624705375637859106e-04
2.534926170483231544e-04
2.301629720022901893e-04
2.260124601889401674e-04
2.212593826698139310e-04
2.071286144200712442e-04
1.973069011000916362e-04
1.846945815486833453e-04
1.834361173678189516e-04
1.676012761890888214e-04
1.640101691009476781e-04
1.543746620882302523e-04
1.514553296146914363e-04
1.433529250789433718e-04
1.357253786409273744e-04
1.326614292338490486e-04
1.247547479579225183e-04
1.200459300889633596e-04
1.149786403402686119e-04
1.128961521317251027e-04
1.116188432206399739e-04
1.053304004017263651e-04
9.648031846154481173e-05
9.477097046328708529e-05
9.068707004189491272e-05
8.513640204910188913e-05
8.258054731413722038e-05
7.926586113171651959e-05
7.534254837082698941e-05
7.045159873086959124e-05
6.997015589149668813e-05
6.815043161623179913e-05
6.590802513528615236e-05
6.097064397181384265e-05
5.880907337996177375e-05
5.576054900302551687e-05
5.394448089646175504e-05
5.268613313091918826e-05
5.078895992483012378e-05
4.904022716800682247e-05
4.790910679730586708e-05
4.559143417282029986e-05
4.376343713374808431e-05
4.318267747294157743e-05
4.186067963019013405e-05
4.086811895831488073e-05
3.950882819481194019e-05
3.744134664884768426e-05
3.584009755286388099e-05
3.456158447079360485e-05
3.398971603019163013e-05
3.273392576375044882e-05
3.159267726005055010e-05
3.102258051512762904e-05
2.974993367388378829e-05
2.961828613479156047e-05
2.847127689165063202e-05
2.790863618429284543e-05
2.677126212802249938e-05
2.624346234370023012e-05
2.539707202231511474e-05
2.497649620636366308e-05
2.421224417048506439e-05
2.321305873920209706e-05
2.224198942712973803e-05
2.127405969076789916e-05
2.070161644951440394e-05
2.006986687774769962e-05
1.979864646273199469e-05
1.910699575091712177e-05
1.863430588855408132e-05
1.816719122871290892e-05
1.693832018645480275e-05
1.664940646151080728e-05
1.638377580093219876e-05
1.602063821337651461e-05
1.583624725753907114e-05
1.540604898764286190e-05
1.503272869740612805e-05
1.455130313843255863e-05
1.406667706760345027e-05
1.379495097353355959e-05
1.337061803496908396e-05
1.294279081776039675e-05
1.272060217161197215e-05
1.236882235389202833e-05
1.175052784674335271e-05
1.160899500973755494e-05
1.138405150413746014e-05
1.122195772040868178e-05
1.104411967389751226e-05
1.056886321748606861e-05
1.032819636748172343e-05
9.985169526771642268e-06
9.773352758202236146e-06
9.590939953341148794e-06
9.485745977144688368e-06
9.150952791969757527e-06
9.000891623145435005e-06
8.616982086095958948e-06
8.580809662817046046e-06
8.326400347868911922e-06
8.016101674002129585e-06
7.907845429144799709e-06
7.660692062927410007e-06
7.565861324110301211e-06
7.334608653764007613e-06
7.140137768146814778e-06
7.030660981399705634e-06
6.918283361301291734e-06
6.672528797935228795e-06
6.459295946115162224e-06
6.386740096786525100e-06
6.254888376133749261e-06
6.218231192178791389e-06
6.005657724017510191e-06
5.891526598134078085e-06
5.645637884299503639e-06
5.596782102657016367e-06
5.491018328029895201e-06
5.355387656891252846e-06
5.338491973816417158e-06
5.131615125719690695e-06
5.064753622718853876e-06
4.864681159233441576e-06
4.767558493767865002e-06
4.672255272453185171e-06
4.649614766094600782e-06
4.540737336355959997e-06
4.332205207902006805e-06
4.208648988424101844e-06
4.147407707932870835e-06
4.058169906784314662e-06
3.978308996011037380e-06
3.833512892015278339e-06
3.648684241852606647e-06
3.536270241966121830e-06
3.493223175610182807e-06
3.405178858884028159e-06
3.348418658788432367e-06
3.325858415337279439e-06
3.201656454621115699e-06
3.112938884441973642e-06
3.073800371566903777e-06
2.944705784102552570e-06
2.874204938052571379e-06
2.806621296258526854e-06
2.728081881286925636e-06
2.662701945155276917e-06
2.597305183371645398e-06
2.554764932938269340e-06
2.537959517212584615e-06
2.471164634698652662e-06
2.375067651883000508e-06
2.304802819708129391e-06
2.251010528198094107e-06
2.200147264375118539e-06
2.193200771216652356e-06
2.045835572062060237e-06
2.002227574848802760e-06
1.964712737390073016e-06
1.891025931399781257e-06
1.859550707195012365e-06
1.677263753663282841e-06
1.650887270443490706e-06
1.615099904483940918e-06
1.593349679751554504e-06
1.550632873659196775e-06
1.515949179520248435e-06
1.434355226592742838e-06
1.408417688253393862e-06
1.343497729067166802e-06
1.277561409551708493e-06
1.249742240361229051e-06
1.221131242346018553e-06
1.193236585095291957e-06
1.153190169134177268e-06
1.103572571992117446e-06
1.084778318727330770e-06
1.054134713740495499e-06
1.024753714773396496e-06
9.929157158694579266e-07
9.588402463123202324e-07
9.469690098740102258e-07
8.984471264739113394e-07
8.425125201938499231e-07
8.285703643196029589e-07
8.095189514278899878e-07
7.553728096354461741e-07
7.149916996240790468e-07
7.090199005688191392e-07
6.740012281625240576e-07
6.671015739811991807e-07
-6.591850478798733093e-07
6.078146270738216117e-07
5.800370104225294199e-07
5.631231942970771343e-07
-5.630442387882794719e-07
4.951725713908672333e-07
-4.898113274975912645e-07
4.892488618679635692e-07
4.681976690790179418e-07
4.591875892856478458e-07
4.438010705598571803e-07
-3.842854141566931503e-07
3.829734396276762709e-07
3.655397051716136048e-07
3.443778950895648450e-07
-3.404565802611614345e-07
3.258249421378422994e-07
-2.973705193198838970e-07
2.717331710755388485e-07
-2.662303586475900374e-07
2.660449922586849425e-07
2.432416863484831993e-07
2.323400138948272797e-07
-2.176629863015477895e-07
-1.870387933422534843e-07
1.847246267061564140e-07
1.737646613264587359e-07
1.505541717961023096e-07
1.350200449223848409e-07
1.178009370050858706e-07
-1.128260649352341716e-07
-1.076451354720120435e-07
9.287760605047878926e-08
8.595276312917121686e-08
-6.750450864956292207e-08
5.731410723797125684e-08
-5.240726608235490858e-08
3.082601196524592524e-08
-2.452638803163154080e-08
-1.336289834341641836e-08
8.618315838759826875e-09
