1.534931941817664125e+00
4.304886848569707269e-01
3.288924247319544025e-01
1.999909333170526438e-01
1.722543442226345534e-01
1.257929755398818350e-01
8.338237305403108091e-02
7.660414701772175206e-02
7.129595995464582669e-02
5.054372008429145607e-02
4.564172526629033111e-02
3.995487927169268788e-02
2.898923471986922240e-02
2.624528894155685188e-02
2.103975558824084172e-02
1.780112380020078613e-02
1.625617574272823773e-02
1.428640832938429632e-02
1.337592104032813735e-02
1.220830299475554777e-02
1.106375832341739175e-02
9.602015258073602622e-03
8.220393478881924884e-03
6.772913312745641214e-03
6.594591619411818186e-03
5.701677437391845446e-03
5.368015365750167418e-03
5.184331061461017187e-03
4.583258819298823873e-03
4.284989110958476247e-03
4.131569724430838100e-03
3.760657742989025488e-03
3.309210898133385301e-03
3.209137305777092809e-03
3.153441304245202265e-03
2.901046011287263231e-03
2.830007995041273604e-03
2.537567372910721087e-03
2.273262160208032890e-03
2.036360558342705483e-03
2.005843725140087075e-03
1.855496293877688775e-03
1.718369890504695564e-03
1.643886949309076879e-03
1.632469810705980537e-03
1.373135501461532175e-03
1.236306824580965091e-03
1.133343200533449635e-03
1.090817615646175968e-03
1.073250536110263156e-03
1.049426892525440929e-03
1.005500139935467828e-03
9.255702183728271078e-04
8.938840257192236889e-04
8.437549913324022882e-04
8.268473877159305619e-04
7.712210367551713833e-04
7.115146939853899928e-04
6.487328685935294130e-04
6.352651589919757098e-04
5.576849241751292421e-04
5.410744065223621092e-04
5.025883988580847912e-04
4.836861850113391924e-04
4.477655458458956977e-04
4.176616787697177307e-04
3.979104676559096741e-04
3.919467457201853138e-04
3.729149261337222441e-04
3.480200026339885051e-04
3.294899028624228752e-04
3.209864073580851363e-04
3.061520921201885581e-04
3.004955567844393161e-04
2.960343876316574364e-04
2.942803133488314823e-04
2.716948458474554499e-04
2.533017033327660981e-04
2.372944903335293490e-04
2.317761551605783941e-04
2.282434512374339097e-04
2.098179483998714138e-04
1.992122688797296956e-04
1.875682870037926567e-04
1.845136526665535335e-04
1.764798783336063155e-04
1.726507109638435384e-04
1.573822566779204736e-04
1.546727805641319789e-04
1.482595328989950913e-04
1.436354267337643217e-04
1.352861770075002696e-04
1.274733392138026539e-04
1.214882840381352426e-04
1.189513740710230653e-04
1.154099647323899544e-04
1.109166914104887919e-04
1.055461454954403710e-04
1.036360294739065597e-04
9.922016601826883658e-05
9.756270868802044351e-05
8.944698868485915838e-05
8.592085110633352642e-05
8.331753999820105028e-05
7.979413783911997577e-05
7.901771043609858705e-05
7.690322083739248641e-05
7.278828253622161349e-05
7.218975383196730349e-05
6.888192092516413705e-05
6.262002812949440044e-05
6.195222514667045105e-05
6.036702371864945376e-05
5.809410414656065492e-05
5.527338791236183663e-05
5.338356113284322129e-05
5.268702791200061087e-05
5.147498067712163078e-05
4.976657067503652759e-05
4.845777742370826818e-05
4.737714815701583447e-05
4.486969464035637140e-05
4.352256034470247659e-05
4.286164154747931369e-05
4.170190280376382102e-05
3.971608464913023857e-05
3.844614660799331428e-05
3.657867918334166228e-05
3.619434433323247225e-05
3.407564737044337940e-05
3.349482694775346664e-05
3.316940767533217287e-05
3.109587603078863379e-05
3.021119199451357903e-05
2.913949984639361868e-05
2.831362743783084250e-05
2.738269517811227981e-05
2.621720228619022955e-05
2.584082071579099564e-05
2.525284044830304896e-05
2.415426570413941847e-05
2.326157393438982730e-05
2.318506382191702254e-05
2.276163767722442062e-05
2.191212056884627812e-05
2.151013075518683172e-05
2.089734072414335073e-05
2.044968559635759265e-05
1.974204701510357690e-05
1.897995714367080143e-05
1.787821156888980199e-05
1.761862370096147236e-05
1.683204760780865342e-05
1.664295174520039224e-05
1.603669781442201980e-05
1.551023518438119522e-05
1.517374721295111025e-05
1.504439313338607156e-05
1.469768468537132160e-05
1.429005154930723250e-05
1.401405262076581083e-05
1.371402214954701228e-05
1.309010395187401674e-05
1.294079801230517394e-05
1.251117572685353731e-05
1.215962776248845608e-05
1.181076003823259159e-05
1.144921378854532324e-05
1.133831842278140362e-05
1.116090436012701586e-05
1.077843636244482569e-05
1.056104510450823195e-05
1.004059056376639268e-05
9.747469614024452519e-06
9.658396027497414827e-06
9.481619107683526737e-06
9.035579883582391393e-06
8.888878508477156634e-06
8.659211515382272305e-06
8.386956861730972092e-06
7.860646096328196568e-06
7.717399661337411704e-06
7.599102598132644631e-06
7.480627702894266799e-06
7.122070233218223513e-06
7.016293913722285644e-06
6.750205946157557813e-06
6.537812347418319404e-06
6.483008411385871505e-06
6.381810314272167326e-06
6.074768052606058421e-06
5.909269472558027547e-06
5.836248702305655203e-06
5.595908361226897484e-06
5.431854622829395566e-06
5.417113913487842855e-06
5.106496548030930167e-06
5.079892640296376659e-06
4.825859972138200936e-06
4.596467274104348989e-06
4.539889700431896859e-06
4.426811491298965342e-06
4.363768123017805618e-06
4.301138069314919355e-06
4.019202073777888582e-06
3.996284315863184308e-06
3.801631734563239084e-06
3.742353206934831121e-06
3.713186249983395793e-06
3.569071639822180987e-06
3.406694920917895857e-06
3.314887928935991372e-06
3.239589729258407077e-06
3.079291417076525607e-06
3.073943228411004545e-06
2.996726082948660803e-06
2.925646959389387163e-06
2.847110012719894704e-06
2.717118444649451277e-06
2.640237674588187106e-06
2.580197906004758747e-06
2.440827142317229914e-06
2.412743165239491350e-06
2.359505350526791975e-06
2.242760463914867355e-06
2.155371277437611138e-06
2.109461111876694292e-06
2.054564800013037522e-06
2.023210394958160040e-06
1.872729843682339277e-06
1.804424198101830448e-06
1.768929425763156175e-06
1.710037439368582052e-06
1.632241237927167767e-06
1.579295780319135973e-06
1.511771874911496508e-06
1.456933075392570120e-06
1.430446926002272027e-06
1.340846360732767750e-06
1.320382857723181123e-06
1.294957268075518585e-06
1.291561071377255107e-06
1.175551253369127754e-06
1.155002612560292288e-06
1.126612344237063592e-06
1.086990040567399638e-06
1.026144696214963135e-06
9.959145402134528124e-07
9.056614432896160939e-07
8.889093670557138737e-07
8.706643344173994010e-07
7.756053438817097773e-07
7.650349808044644873e-07
7.412520929563622049e-07
6.955304890364044260e-07
6.620460857704030033e-07
6.317386869032188287e-07
6.042465293944549681e-07
5.823551374063178102e-07
5.508672875268429664e-07
5.325337102438141750e-07
4.995759409612540897e-07
4.690403123843268963e-07
4.582573414133205442e-07
4.266106805543639113e-07
3.818054827952444245e-07
3.693100260318312910e-07
3.635993214693691980e-07
3.464592353654394721e-07
3.154847487350753432e-07
3.078755189770263744e-07
2.758827298072063638e-07
2.532396979700024600e-07
2.492995732795076660e-07
2.320009766246955134e-07
2.068709981341129163e-07
1.909587684924975018e-07
1.816709010747001508e-07
1.643082451332118724e-07
1.478705993541943069e-07
1.386152189744333439e-07
1.238493506751555480e-07
1.208330218529385975e-07
1.077799728361407064e-07
9.628446988279962589e-08
6.859607660586732663e-08
6.297631915422179012e-08
5.325929540766164348e-08
4.881365526503229008e-08
3.975278667780047928e-08
2.477493843974454816e-08
6.270518228158001278e-09
2.489856473009171104e-09
1.405202139748112013e-09
5.150244368680951345e-10
3.091056422937173961e-10
2.985518661809488386e-12
