2.614897489547729492e+00
7.103500962257385254e-01
5.125996470451354980e-01
3.211534917354583740e-01
2.702536880970001221e-01
1.644797772169113159e-01
1.248303204774856567e-01
1.128268837928771973e-01
8.840145915746688843e-02
7.431414723396301270e-02
5.544718727469444275e-02
4.878269135951995850e-02
3.346976637840270996e-02
2.648756839334964752e-02
2.290286496281623840e-02
2.107137627899646759e-02
1.934770494699478149e-02
1.724693737924098969e-02
1.493285410106182098e-02
1.484030857682228088e-02
1.273534260690212250e-02
1.043835375458002090e-02
8.199782110750675201e-03
7.801312021911144257e-03
6.264552008360624313e-03
5.707758944481611252e-03
4.893387667834758759e-03
4.113720264285802841e-03
3.931538667529821396e-03
3.377566579729318619e-03
3.163118381053209305e-03
3.075536340475082397e-03
2.739130984991788864e-03
2.604588866233825684e-03
2.337234327569603920e-03
2.196516841650009155e-03
2.044804859906435013e-03
1.964512281119823456e-03
1.859483774751424789e-03
1.754008932039141655e-03
1.592927961610257626e-03
1.339943846687674522e-03
1.301590469665825367e-03
1.218369230628013611e-03
1.168198650702834129e-03
1.069172634743154049e-03
1.023014425300061703e-03
1.001128461211919785e-03
8.570061181671917439e-04
8.365521207451820374e-04
7.797023863531649113e-04
7.308413041755557060e-04
6.737239891663193703e-04
6.452429806813597679e-04
6.322461995296180248e-04
5.936194211244583130e-04
5.796909681521356106e-04
5.319854244589805603e-04
4.925380344502627850e-04
4.728147177956998348e-04
4.167314327787607908e-04
3.978041349910199642e-04
3.891832893714308739e-04
3.645840915851294994e-04
3.368156903889030218e-04
3.125365765299648046e-04
3.046880592592060566e-04
2.848985313903540373e-04
2.706641389522701502e-04
2.499422989785671234e-04
2.349526330363005400e-04
2.335558237973600626e-04
2.233243285445496440e-04
2.161300071747973561e-04
2.070692426059395075e-04
2.042616688413545489e-04
1.890714920591562986e-04
1.807473599910736084e-04
1.749380317050963640e-04
1.641226990614086390e-04
1.571138272993266582e-04
1.530373410787433386e-04
1.440178457414731383e-04
1.345138298347592354e-04
1.262124715140089393e-04
1.182726482511498034e-04
1.180557374027557671e-04
1.091585509129799902e-04
1.041492723743431270e-04
1.004158693831413984e-04
9.873528324533253908e-05
9.306339779868721962e-05
9.191680146614089608e-05
8.569045894546434283e-05
7.882458885433152318e-05
7.816402649041265249e-05
7.433367863995954394e-05
7.337995339184999466e-05
7.045998790999874473e-05
6.815362576162442565e-05
6.713045149808749557e-05
5.976481406833045185e-05
5.750958735006861389e-05
5.709625838790088892e-05
5.543868974200449884e-05
5.310440610628575087e-05
4.920537321595475078e-05
4.878532490693032742e-05
4.674096635426394641e-05
4.592946061166003346e-05
4.406640437082387507e-05
4.282042937120422721e-05
4.151945904595777392e-05
3.739980093087069690e-05
3.684634430101141334e-05
3.504060805425979197e-05
3.384219598956406116e-05
3.317254959256388247e-05
3.226012631785124540e-05
3.141303750453516841e-05
3.101617767242714763e-05
2.985436367453075945e-05
2.716467133723199368e-05
2.708955798880197108e-05
2.593752105894964188e-05
2.528179720684420317e-05
2.388011125731281936e-05
2.325281457160599530e-05
2.221838622062932700e-05
2.113672417181078345e-05
1.959352084668353200e-05
1.948613862623460591e-05
1.873639666882809252e-05
1.782492836355231702e-05
1.763642103469464928e-05
1.735488513077143580e-05
1.668176082603167742e-05
1.609050013939850032e-05
1.578265255375299603e-05
1.488615453126840293e-05
1.396425886923680082e-05
1.353188872599275783e-05
1.343081112281652167e-05
1.297229300689650699e-05
1.268351297767367214e-05
1.201364011649275199e-05
1.168657490779878572e-05
1.078117838915204629e-05
1.059815895132487640e-05
1.051757953973719850e-05
9.952073014574125409e-06
9.705109732749406248e-06
9.610325832909438759e-06
9.225793291989248246e-06
8.874400919012259692e-06
8.748846994421910495e-06
8.575084393669385463e-06
8.414357580477371812e-06
7.738154636172112077e-06
7.567888587800553069e-06
7.273136816365877166e-06
6.865850991744082421e-06
6.795479748689103872e-06
6.681731520075118169e-06
6.585901246580760926e-06
6.542720257129985839e-06
6.383285835909191519e-06
6.354222932714037597e-06
6.068412858439842239e-06
5.815233180328505114e-06
5.696297648682957515e-06
5.334906745702028275e-06
5.317647264746483415e-06
5.096645054436521605e-06
5.038502877141581848e-06
4.804135642189066857e-06
4.674488081946037710e-06
4.566689767671050504e-06
4.356717454356839880e-06
4.337299742473987862e-06
4.293681286071659997e-06
3.872346042044227943e-06
3.764613666135119274e-06
3.671232434498961084e-06
3.491070856398437172e-06
3.450542408245382831e-06
3.407501480978680775e-06
3.221869519620668143e-06
3.164567488056491129e-06
3.012316938111325726e-06
2.952598606498213485e-06
2.924651198554784060e-06
2.863185272872215137e-06
2.774853328446624801e-06
2.754927209025481716e-06
2.623304908411228098e-06
2.521826672818860970e-06
2.493020019755931571e-06
2.358916390221565962e-06
2.344003405596595258e-06
2.270948925797711127e-06
2.182801608796580695e-06
2.138359604941797443e-06
2.096255457217921503e-06
2.056958237517392263e-06
1.999170081035117619e-06
1.940813717737910338e-06
1.896911271614953876e-06
1.859476128629466984e-06
1.779716171768086497e-06
1.709247499093180522e-06
1.643101199988450389e-06
1.585385120961291250e-06
1.530328063381602988e-06
1.495893002356751822e-06
1.449101887374126818e-06
1.383025505674595479e-06
1.341117240372113883e-06
1.302218947785149794e-06
1.287409645556181204e-06
1.240105916622269433e-06
1.196289531435468234e-06
1.161266027338569984e-06
1.119836838370247278e-06
1.064823663909919560e-06
1.031507622428762261e-06
9.950609864972648211e-07
9.571305099598248489e-07
9.261406717087083962e-07
8.790165111349779181e-07
8.548221899218333419e-07
8.395105055569729302e-07
8.060263780862442218e-07
7.575785616609209683e-07
7.379422868325491436e-07
7.213259323179954663e-07
7.025266199889301788e-07
6.845891675766324624e-07
6.631846076743386220e-07
6.270801691243832465e-07
6.234840839169919491e-07
6.016239808559475932e-07
5.727671350541641004e-07
5.434935701487120241e-07
5.283533255351358093e-07
5.058066108176717535e-07
4.756175542297569336e-07
4.438980454324337188e-07
4.293991651138640009e-07
4.061084553086402593e-07
3.963479286994697759e-07
3.789074867199815344e-07
3.633310825534863397e-07
3.554328031896147877e-07
3.510809563067596173e-07
3.204809786439000163e-07
3.162768678066640859e-07
2.882144656268792460e-07
2.813092123687965795e-07
2.727324215356929926e-07
2.613584797472867649e-07
2.521661599530489184e-07
2.436707688957540086e-07
2.263124372348102042e-07
2.174459297066277941e-07
1.990525504425022518e-07
1.949098447084907093e-07
1.877723008192333509e-07
1.723964402344790869e-07
1.528694326680124504e-07
1.505228937048741500e-07
1.388909396382587147e-07
1.285513491211531800e-07
1.184852678193237807e-07
1.147815567037469009e-07
1.078346585359213350e-07
1.005283252197841648e-07
8.382105676218998269e-08
8.056098721453963662e-08
7.997649476010337821e-08
6.355521975365263643e-08
5.998306562560173916e-08
5.456465501652019157e-08
5.142745607145116082e-08
4.874551251532466267e-08
3.871642562103261298e-08
3.387312119684793288e-08
3.168296203170939407e-08
2.719414560203858855e-08
2.212321170702580275e-08
1.883750577746923227e-08
1.718409237128071254e-08
1.070045918538653495e-08
6.676580621700622942e-09
5.803355573874569018e-09
3.426402717110477170e-09
-3.941820481134783449e-11
