3.833344465719228187e-03 1.719082249326582892e-02
4.963579713441502138e-03 1.576687869474194953e-02
6.616430393344865761e-03 1.506557747345622575e-02
3.342248319652850116e-03 2.059608258167561212e-02
4.725037515210662835e-03 1.655956453151083071e-02
5.424490692343206764e-03 1.801945905064513548e-02
8.110850303387824589e-03 1.552763736397208376e-02
6.644361889891001703e-03 1.735014109943466484e-02
7.332948123188490382e-03 1.763699228138482233e-02
2.737021147546642944e-03 1.833838850005038712e-02
5.502120435594564860e-03 1.801387588257653133e-02
3.309475595315623710e-03 2.060992566757445868e-02
4.871614478875866718e-03 1.625854742332397823e-02
6.004852870812705341e-04 2.003166359704083507e-02
5.017628709077870744e-03 2.097979998966389981e-02
4.672475458172490985e-04 1.992545592417255956e-02
2.771972758858943283e-03 1.376315594808808287e-02
4.056523089563834027e-03 1.153935311495914162e-02
4.431822285999763994e-03 2.023469736986554732e-02
6.178902252122191185e-03 1.587175967715575078e-02
3.246422331525946128e-03 2.229758744559995343e-02
5.205178233521094364e-03 1.594164914400576089e-02
5.263033029962933037e-04 1.875336677943948913e-02
3.114676018201370782e-03 2.056099312501638923e-02
2.436431078153165116e-03 2.198981189683609297e-02
3.660145097776373868e-03 1.837344472484830904e-02
4.024332951489883667e-03 1.763889247275807898e-02
4.411680005533677972e-03 1.022286634672729330e-02
2.258220285758919151e-03 1.634364285370955294e-02
4.964149316697120083e-03 1.651331004205233363e-02
3.574833342706430859e-03 1.844231185570605405e-02
6.251462572240699869e-04 1.800720671376938517e-02
1.876132144868410210e-03 1.943358291826888587e-02
1.383505540585441363e-04 1.952688355330937583e-02
4.451174757823893498e-03 1.392118811269054193e-02
6.113578490460650980e-03 1.345676202620640569e-02
1.503516301283234569e-03 2.057002254354441464e-02
5.761920065794580090e-03 1.413780546784273139e-02
2.079421525478031881e-03 2.062952811022162464e-02
5.475075230718121945e-03 1.426477081392762275e-02
4.124058687776498838e-03 1.132894879038186774e-02
7.342388740280435949e-03 1.385955904746032086e-02
6.001555959305248517e-03 2.258347633563650980e-02
5.301678795979754971e-03 2.057034404415714751e-02
5.406216693228447882e-03 1.450540005969512894e-02
4.396560969512417275e-03 2.165905073355026134e-02
5.544098516752491400e-03 1.774816846608755563e-02
2.847048653848419444e-03 2.074514250669448612e-02
4.232198928583506478e-03 1.095777301144116103e-02
3.896613919563791592e-03 1.198302121197380478e-02
7.257565472619026924e-03 7.257565472619026924e-03
4.912016166348361253e-03 4.912016166348361253e-03
3.080813389504793824e-03 1.344661434275405340e-02
6.778332579532426148e-03 1.754637784205270029e-02
3.449816316521959764e-03 1.914484151219067107e-02
6.868047118057261403e-03 1.647430144515027450e-02
1.327414107658781914e-03 1.925094236654791707e-02
4.925524559649916388e-03 2.293202199356810314e-02
2.332316251201209216e-03 2.116487553576129957e-02
1.535935324746540848e-03 2.300675601634049119e-02
4.361306298879402688e-03 1.758714269102959124e-02
6.486745230364067590e-03 1.620220805074233314e-02
1.417772529131895070e-03 1.929009769809379368e-02
4.693576940997299697e-03 1.635453334724309982e-02
1.098430994537087516e-03 1.913609477351629895e-02
4.577164316121267069e-03 1.359250052354035385e-02
6.807884260170666635e-04 1.887001464749647056e-02
4.336209724525986672e-03 1.419247054383311786e-02
4.595351101567700554e-03 9.237113324739198994e-03
4.660417905979317640e-03 2.030711542641654155e-02
6.848877273739777116e-03 1.655573472234944665e-02
2.507010506299938660e-03 1.947261296046825033e-02
4.789316586113563125e-03 1.643135602740817061e-02
1.497930101250458720e-03 1.848157579712477946e-02
3.462864095344445840e-03 1.817403365485088448e-02
2.658361715520311873e-04 1.853467295728772335e-02
5.497750714627520170e-04 1.988428530702930630e-02
1.452807884746094066e-03 1.930433099150518500e-02
1.798180419974802898e-03 1.419536446606744357e-02
4.879530362882445425e-03 1.596214190344293765e-02
2.523086655983435879e-03 1.858500759548957493e-02
6.095282989439693849e-03 1.101816441660296436e-02
4.328345368661952464e-03 1.832269936353871781e-02
2.504528093631624378e-03 1.890942856137524039e-02
2.103955729718227918e-03 1.946955395651046514e-02
4.133098631979898081e-04 1.988053405446687724e-02
1.491432238103717570e-05 1.334085372018260600e-02
5.596886143938358329e-03 2.209037571870173938e-02
3.196437593902135259e-03 1.915258704360532291e-02
5.646677458389039086e-04 1.989600628715546687e-02
1.611695707560099064e-03 2.050251706011792588e-02
5.228186065681152475e-03 1.537964191512626588e-02
5.007080172460056343e-03 1.948498731873977291e-02
2.131326929762683304e-03 2.075040067417601927e-02
3.744117351105380812e-03 1.234641883723595207e-02
2.925370512628820089e-03 1.607246448475322526e-02
4.851025185144500554e-03 1.630272366253600336e-02
4.771780229861848077e-03 1.918735867295619929e-02
4.876516303167055706e-03 1.730147543608187219e-02
7.941048221595928269e-03 7.941048221595928269e-03
