1.555757176450325119e+01
6.016650630511905185e+00
4.821454144801085917e+00
3.811780059882412530e+00
3.544572030300338628e-01
2.340217766707135272e-01
1.896909759577535270e-01
1.044971152241533086e-01
8.559864326124362599e-02
7.817664252909298228e-02
4.595650553042787689e-02
3.114414509108150500e-02
2.312804430431807112e-02
1.975497217133516739e-02
1.614402106495370012e-02
1.161672722879139238e-02
1.051759846576295898e-02
8.700805472651708394e-03
7.950749214909914528e-03
5.539440271122113117e-03
4.872054411231530394e-03
3.078873757781143590e-03
2.857445012618366979e-03
2.580947309582692917e-03
2.224771152073832647e-03
2.051294248583361308e-03
1.700728656338827997e-03
1.425219936905985224e-03
1.400805497515226908e-03
1.257227198861787798e-03
1.198780964490081102e-03
1.064169949446511004e-03
9.242089335705673536e-04
8.792180236047860645e-04
8.420818996334986139e-04
7.815400168172443761e-04
7.429200707630215228e-04
6.978990800085233329e-04
6.670620879525841849e-04
6.512780041891222827e-04
6.176961256136627443e-04
6.051162423243620176e-04
5.435084077443373728e-04
5.016473354342814014e-04
4.483773800727279763e-04
4.258170607410373550e-04
4.156886977476283878e-04
3.993051938601203119e-04
3.859472448335052319e-04
3.664378528135271013e-04
3.566099589580047202e-04
3.271436348481050835e-04
3.126686058539484940e-04
2.953100154859383407e-04
2.807386726913889690e-04
2.662686377195864541e-04
2.652191017972732167e-04
2.450798443122669001e-04
2.393022823943350146e-04
2.207412045656835856e-04
2.194573558567205519e-04
2.068735963236921092e-04
2.025694235281324509e-04
1.890681735168135474e-04
1.804775660309119339e-04
1.755076833394156907e-04
1.694800871633587080e-04
1.603557809900043490e-04
1.545770926936236177e-04
1.424983144974328333e-04
1.379761710761343192e-04
1.316253480135828641e-04
1.273395371869081509e-04
1.230129940402894335e-04
1.214276452914076171e-04
1.197219143639377970e-04
1.166133212800459461e-04
1.129608443326777920e-04
1.098313391054154728e-04
1.055397140623054399e-04
1.020685125363489463e-04
9.617716365939659275e-05
9.415869780074276817e-05
9.193165366768158537e-05
9.044789872768802398e-05
8.335238839651183565e-05
8.111413161035025906e-05
8.015526770128511070e-05
7.709688023678512190e-05
7.478657905569485818e-05
7.413668054544933614e-05
6.996401752449870769e-05
6.816661241215928480e-05
6.616574674968213766e-05
6.498072411730252838e-05
6.313568638767226972e-05
6.206159090022800025e-05
6.100963420884426640e-05
5.868571455557369197e-05
5.691116477069792440e-05
5.620353952906561326e-05
5.495018791313093859e-05
5.415692050749147370e-05
5.315692280858337680e-05
5.126772828730676593e-05
4.871382542464713667e-05
4.816731409848906128e-05
4.711297968694120312e-05
4.497445724826105068e-05
4.387609769253118666e-05
4.291424228243605990e-05
4.189426702584895130e-05
4.119379773159390702e-05
4.012923903660859656e-05
3.935191106827940231e-05
3.864429227136962730e-05
3.819068652126659158e-05
3.703876145572242997e-05
3.571996390180520351e-05
3.525906738609615619e-05
3.451606659587697876e-05
3.343411035332819262e-05
3.293673447082700993e-05
3.248014084089524185e-05
3.182850276762795279e-05
3.129644004948202847e-05
3.039737232367829402e-05
2.973080764655075778e-05
2.957904255583896532e-05
2.775899434128050450e-05
2.723985035958713602e-05
2.692320215759633331e-05
2.668541868733047165e-05
2.606413749853581812e-05
2.566420965747720105e-05
2.528112411984880241e-05
2.420161705586364772e-05
2.391812537905349057e-05
2.325106657474107941e-05
2.272876372167643541e-05
2.260942217975533061e-05
2.190837067886013898e-05
2.151423488359124954e-05
2.074584104785904133e-05
2.070412772714288514e-05
2.011731023824481343e-05
1.987197233156597065e-05
1.925466119672037687e-05
1.907851180902947623e-05
1.854776045806798374e-05
1.824036385986143861e-05
1.807223967123791289e-05
1.786165538089196883e-05
1.685635110892832797e-05
1.679512234376548377e-05
1.665544187839955507e-05
1.633586044082675182e-05
1.610489882657725755e-05
1.570189296130830448e-05
1.513127420066056784e-05
1.484637011015384496e-05
1.447493418484255767e-05
1.415169771356738420e-05
1.405251384071793744e-05
1.369305165835141195e-05
1.342046304816935268e-05
1.330898607265965428e-05
1.298016338901379129e-05
1.288365494663079542e-05
1.264586690611624208e-05
1.237657405797725032e-05
1.202026327642675056e-05
1.190513320736327848e-05
1.151042653657818433e-05
1.095329144109040424e-05
1.088370996924346070e-05
1.055419283837739146e-05
1.047390608135774620e-05
1.045156685657562587e-05
1.013305718260548405e-05
1.002501749731868597e-05
9.764125649579952034e-06
9.602873681223063294e-06
9.460884852006925364e-06
9.292719767583869348e-06
8.929769044794369073e-06
8.701589424396078120e-06
8.658243019477092841e-06
8.456775059178014479e-06
8.365076355624529732e-06
8.140141961475615205e-06
7.946766958551900917e-06
7.602752530595091296e-06
7.419758185788360592e-06
7.340135921692879305e-06
7.183021214873178066e-06
7.104515534873491860e-06
6.834865777388829877e-06
6.764113179370133719e-06
6.595446873059736662e-06
6.470305944508131761e-06
6.286983690709397747e-06
6.201357788048536908e-06
6.043978363398873358e-06
5.719017280957340150e-06
5.574328108562917807e-06
5.466245334849613628e-06
5.405761857195147921e-06
5.251476933172933320e-06
5.122108843696980687e-06
4.937017713820188464e-06
4.807689679812795114e-06
4.748278910759285279e-06
4.667341334643293986e-06
4.528365119121731253e-06
4.497679083987920553e-06
4.381698004886270769e-06
4.296051592233111927e-06
4.105032965794829163e-06
3.933571042156262020e-06
3.866082450599594930e-06
3.696406135962612081e-06
3.570677022990198713e-06
3.531876960526760766e-06
3.431466151315867290e-06
3.392292653792210049e-06
3.164786112623755257e-06
3.099312339299696871e-06
3.081416183804100862e-06
3.004517015312831487e-06
2.954179975143381836e-06
2.883544491170521427e-06
2.763946869982961825e-06
2.716833888386429220e-06
2.658291568118278767e-06
2.580174456419199113e-06
2.566394323543806963e-06
2.470469640095900524e-06
2.415956801249325980e-06
2.407261390524090344e-06
2.316969713509489622e-06
2.193637272594743070e-06
2.151887765016363485e-06
2.025858870976267345e-06
1.943362052738329277e-06
1.879075095346709336e-06
1.862982346140721088e-06
1.826467191804042740e-06
1.736662998275590280e-06
1.722378035152803752e-06
1.628345894628345744e-06
1.562014201700039261e-06
1.519169016113394254e-06
1.488470137362296328e-06
1.384815316820142547e-06
1.342443183963490979e-06
1.320410706177246061e-06
1.291286031498590347e-06
1.269110227013263255e-06
1.202232920874877558e-06
1.126009821114436740e-06
1.100994433979771429e-06
1.036371586391273944e-06
9.968501562059511570e-07
9.322793757516792622e-07
9.159964937909131834e-07
8.849627341269052515e-07
8.600110383741985522e-07
8.471250254440762347e-07
8.103235556201261591e-07
7.649826451566572855e-07
7.421617954683228981e-07
6.654059789224666268e-07
6.553638523215876625e-07
6.518264503426710641e-07
5.999533573731676411e-07
5.814218406446428736e-07
5.455061500212159281e-07
4.996775826037424814e-07
4.776014976199417391e-07
4.366600491458750740e-07
4.250745054425257631e-07
3.800608704319885064e-07
3.600781497750326995e-07
3.364468635233506101e-07
2.920226102042498541e-07
2.643853393635924199e-07
2.472089850707063653e-07
2.349363357898809917e-07
2.071610855452194929e-07
1.604933059262886301e-07
1.466136279472010407e-07
1.219384867595007006e-07
1.191926430044688558e-07
1.045336329951777558e-07
7.504845528021256188e-08
8.703540810268281560e-09
