6.151308822631835938e+01
2.724049949645996094e+01
2.001125907897949219e+01
1.551147365570068359e+01
1.480735182762145996e+00
1.286687612533569336e+00
8.360853195190429688e-01
5.062166452407836914e-01
2.539614737033843994e-01
2.150698006153106689e-01
1.695137023925781250e-01
1.199355050921440125e-01
1.124479323625564575e-01
6.253939867019653320e-02
3.291817381978034973e-02
2.318176254630088806e-02
1.629965007305145264e-02
1.392290089279413223e-02
1.196810323745012283e-02
7.773318793624639511e-03
7.048149127513170242e-03
4.029521252959966660e-03
2.944744192063808441e-03
2.498779213055968285e-03
2.069095615297555923e-03
1.502636238001286983e-03
1.365798874758183956e-03
1.237271237187087536e-03
1.120175351388752460e-03
1.008983585052192211e-03
9.534632554277777672e-04
8.563961600884795189e-04
8.314859005622565746e-04
7.714896346442401409e-04
7.066834950819611549e-04
6.850454956293106079e-04
6.523755146190524101e-04
6.070797098800539970e-04
5.663480842486023903e-04
5.443245754577219486e-04
4.879313637502491474e-04
4.841234185732901096e-04
4.456865135580301285e-04
4.301968147046864033e-04
4.045091918669641018e-04
3.755418874789029360e-04
3.696821513585746288e-04
3.522591723594814539e-04
3.256700001657009125e-04
3.215255856048315763e-04
3.103205526713281870e-04
2.884257992263883352e-04
2.773897140286862850e-04
2.571361546870321035e-04
2.402167156105861068e-04
2.360264625167474151e-04
2.320795611012727022e-04
2.284274232806637883e-04
2.210145612480118871e-04
2.141850418411195278e-04
2.000668173423036933e-04
1.850996632128953934e-04
1.790243404684588313e-04
1.732963137328624725e-04
1.672728685662150383e-04
1.622417039470747113e-04
1.541468809591606259e-04
1.437845785403624177e-04
1.329279621131718159e-04
1.303978933719918132e-04
1.236518000951036811e-04
1.208596731885336339e-04
1.164018176496028900e-04
1.114115875679999590e-04
1.071535953087732196e-04
1.062196461134590209e-04
9.966607467504218221e-05
9.548006346449255943e-05
9.363908611703664064e-05
8.970660564955323935e-05
8.643072942504659295e-05
8.475030335830524564e-05
8.142735896399244666e-05
7.700447895331308246e-05
7.536072371294721961e-05
7.303482561837881804e-05
7.052245200611650944e-05
6.697877688566222787e-05
6.516445137094706297e-05
6.098313679103739560e-05
5.980327114230021834e-05
5.783099913969635963e-05
5.460844113258644938e-05
5.287116800900548697e-05
5.051453626947477460e-05
4.829957833862863481e-05
4.586915747495368123e-05
4.472453292692080140e-05
4.322524546296335757e-05
4.248216646374203265e-05
4.018628533231094480e-05
3.943513002013787627e-05
3.749383176909759641e-05
3.706901043187826872e-05
3.605193342082202435e-05
3.552537600626237690e-05
3.274763730587437749e-05
3.147350071230903268e-05
3.104546703980304301e-05
2.974834751512389630e-05
2.927042623923625797e-05
2.747419057413935661e-05
2.675196265045087785e-05
2.627029243740253150e-05
2.605905319796875119e-05
2.505711381672881544e-05
2.486173980287276208e-05
2.335136559850070626e-05
2.251301884825807065e-05
2.171764572267420590e-05
2.072642928396817297e-05
2.038537422777153552e-05
2.013685843849088997e-05
1.910426180984359235e-05
1.842558776843361557e-05
1.801972939574625343e-05
1.764177795848809183e-05
1.710580727376509458e-05
1.652004721108824015e-05
1.626025004952680320e-05
1.576055001351051033e-05
1.557690848130732775e-05
1.529348810436204076e-05
1.473910833738045767e-05
1.444761983293574303e-05
1.404220165568403900e-05
1.372631595586426556e-05
1.330955001321854070e-05
1.309596063947537914e-05
1.283260007767239586e-05
1.253172831638948992e-05
1.202353087137453258e-05
1.160599185823230073e-05
1.138460811489494517e-05
1.120841716328868642e-05
1.077549404726596549e-05
1.070727194019127637e-05
1.054449239745736122e-05
1.030189287121174857e-05
1.004359273792942986e-05
9.753913218446541578e-06
9.484188922215253115e-06
9.073892215383239090e-06
8.867058568284846842e-06
8.793619599600788206e-06
8.681279723532497883e-06
8.490048458043020219e-06
8.350465577677823603e-06
8.075378900684881955e-06
7.867615750001277775e-06
7.689266567467711866e-06
7.576687039545504376e-06
7.403927611449034885e-06
7.319818450923776254e-06
7.186155926319770515e-06
7.024902970442781225e-06
6.809681508457288146e-06
6.531288818223401904e-06
6.430245775845833123e-06
6.276776275626616552e-06
6.214645964064402506e-06
6.032323199178790674e-06
5.931891791988164186e-06
5.743056590290507302e-06
5.717600743082584813e-06
5.544348823605105281e-06
5.384716587286675349e-06
5.090865670354105532e-06
5.012369001633487642e-06
4.924580935039557517e-06
4.847223863180261105e-06
4.745403657580027357e-06
4.656322289520176128e-06
4.630718649423215538e-06
4.460244326764950529e-06
4.425286078912904486e-06
4.223285031912382692e-06
4.164243819104740396e-06
4.073925992997828871e-06
4.065137545694597065e-06
3.899898729287087917e-06
3.803840172622585669e-06
3.757383638003375381e-06
3.579465101211098954e-06
3.450840267760213464e-06
3.340973762533394620e-06
3.320566293041338213e-06
3.254160219512414187e-06
3.179094846927910112e-06
3.062564928768551908e-06
3.008169869644916616e-06
2.892388010877766646e-06
2.784404159683617763e-06
2.775142093014437705e-06
2.741420757956802845e-06
2.662627366589731537e-06
2.625046590765123256e-06
2.570324113548849709e-06
2.461246367602143437e-06
2.419950760668143630e-06
2.413397623968194239e-06
2.276051873195683584e-06
2.233288341813022271e-06
2.128849246219033375e-06
2.067515197268221527e-06
2.037849071712116711e-06
1.981731656996998936e-06
1.943435336215770803e-06
1.890529802039964125e-06
1.858344830907299183e-06
1.796876631487975828e-06
1.771948973328107968e-06
1.708140871414798312e-06
1.653210460972331930e-06
1.631127588552772067e-06
1.548144837215659209e-06
1.452475430596678052e-06
1.418401780028943904e-06
1.396409970766399056e-06
1.362893385703500826e-06
1.341667370979848783e-06
1.309099388890899718e-06
1.275171030101773795e-06
1.219971409227582626e-06
1.181648030978976749e-06
1.169026177194609772e-06
1.096389951271703467e-06
1.071666133611870464e-06
1.047746081894729286e-06
1.038938307829084806e-06
1.026775635182275437e-06
9.800642146728932858e-07
-9.689990747574483976e-07
9.337929327557503711e-07
8.813152589937089942e-07
8.646832725389685947e-07
8.190713742806110531e-07
8.116153935588954482e-07
7.789842584315920249e-07
-7.385809226434503216e-07
7.355532147812482435e-07
7.236895385176467244e-07
6.993021770540508442e-07
6.661935003648977727e-07
6.332165298772451933e-07
-6.048021532478742301e-07
5.979064781058696099e-07
5.748131002292211633e-07
5.520217882803990506e-07
-5.447155331239628140e-07
5.179696245249942876e-07
4.948491891809680965e-07
4.625751728326576995e-07
4.474399304399412358e-07
-4.419258061716391239e-07
4.262259949427971151e-07
4.017561536784342024e-07
-3.784018929309240775e-07
3.676950086628494319e-07
3.582485135211754823e-07
-3.465163729288178729e-07
3.349345547576376703e-07
2.949047370748303365e-07
2.861530958853109041e-07
-2.750343242041708436e-07
2.631639688388531795e-07
-2.595996022591862129e-07
2.446709856940287864e-07
-2.333858617475925712e-07
2.330480413093027892e-07
-1.914902867383716512e-07
1.877808699646266177e-07
1.784403877991280751e-07
-1.623018732743730652e-07
1.524461197277560132e-07
1.442461439182807226e-07
1.273935765766509576e-07
-1.051574116672782111e-07
1.033621543911067420e-07
-1.000730094347090926e-07
7.380327815553755499e-08
6.563086429878239869e-08
-5.052055485066375695e-08
4.998467773020820459e-08
-4.664749653215949365e-08
-3.229720491049192788e-08
3.963885664148847354e-09
