1.039674680413390324e-04
4.262490984965513466e-05
1.960648540358112465e-05
1.012690743684105613e-05
6.823923507990659075e-06
4.290470707496834356e-06
3.277345517350731984e-06
2.186743240778253772e-06
1.985086026873500801e-06
1.799386993219437880e-06
1.612489291229124137e-06
1.418592486441984245e-06
1.339242886925938467e-06
1.250229240887001138e-06
1.097076886277086349e-06
1.086504107872546285e-06
1.041509488579392356e-06
1.005112155834543513e-06
8.959343953520889490e-07
8.602182300215065844e-07
8.179785747719303856e-07
7.921687277589304763e-07
7.508826553447292346e-07
7.061082338405723197e-07
6.862914825027306928e-07
6.688428155503495391e-07
6.567018402163579451e-07
6.382968089816009191e-07
6.232147657688869650e-07
5.811892754890199622e-07
5.670468442595808950e-07
5.623022294947782406e-07
5.532901439465907539e-07
5.293798886342346171e-07
5.198564417080267456e-07
5.153142679658094595e-07
5.032977391735500273e-07
4.912878935116745848e-07
4.802890295004218701e-07
4.596148900076438648e-07
4.454122170021659804e-07
4.353133526803690321e-07
4.255261435402885523e-07
4.167170546115588426e-07
4.139451990047928027e-07
4.087122341367053629e-07
3.998599101718456469e-07
3.884883758206959282e-07
3.805073016048871525e-07
3.685936850103899382e-07
3.670266032843853670e-07
3.625881973868726014e-07
3.598617344281910743e-07
3.467131699871943677e-07
3.462368934670361937e-07
3.304015686285332984e-07
3.230033399029906530e-07
3.217343508804577805e-07
3.183302444606611488e-07
3.097891975081384222e-07
2.985019376866226598e-07
2.913901734814822299e-07
2.827203695450259389e-07
2.808570559213312885e-07
2.737821277389306256e-07
2.723632554484107061e-07
2.682092060785750337e-07
2.645603027188532165e-07
2.625617519612350004e-07
2.586274913317494913e-07
2.551436391681310759e-07
2.513402177732191270e-07
2.464194615194205706e-07
2.411011310048535863e-07
2.358026227480610542e-07
2.314018520332489174e-07
2.290910335010376804e-07
2.252668432502354109e-07
2.198225177947614231e-07
2.150927045474634309e-07
2.102610724298651732e-07
2.095439087479235782e-07
2.079107852976020902e-07
2.044092084763178880e-07
1.984004295670152874e-07
1.958181689351178233e-07
1.901893295479592841e-07
1.839984906892457787e-07
1.824657610956217553e-07
1.799881401497207646e-07
1.766919112239063300e-07
1.750245158522899330e-07
1.706716808762452460e-07
1.692809328415155702e-07
1.654078632702056813e-07
1.609960871798160345e-07
1.605978455274074602e-07
1.585676190638803812e-07
1.558573979907979185e-07
1.529770562347449361e-07
1.522893484674741085e-07
1.502593427654013568e-07
1.466036173402009571e-07
1.462742900307130936e-07
1.391321106434923131e-07
1.373315442661482493e-07
1.363237960650495345e-07
1.342326657613675132e-07
1.318241093577437049e-07
1.296195668140500196e-07
1.284670382692502941e-07
1.271320024252103911e-07
1.235508564482045983e-07
1.208887188794780422e-07
1.195459300225281794e-07
1.184184933488016134e-07
1.158971959413672462e-07
1.109078385876414661e-07
1.099960984488848582e-07
1.084448770509993969e-07
1.077716009446221132e-07
1.047990328378923711e-07
1.040566091009589036e-07
1.030993583562363329e-07
1.009138363625405043e-07
9.973569574911497827e-08
9.809117871094352381e-08
9.547158024974919443e-08
9.497797806800370083e-08
9.444019542207230552e-08
9.244140564433330474e-08
8.854346522327273006e-08
8.780072983848179512e-08
8.540768588629353486e-08
8.375765567864891900e-08
8.172819628966291286e-08
8.128297188372934078e-08
8.075895998599369071e-08
7.805340944053007555e-08
7.604678272921657627e-08
7.461094482364571995e-08
7.372713174794025130e-08
7.275474801187196522e-08
7.092166422633108479e-08
6.984071909612870669e-08
6.940510326475615677e-08
6.770959266758959090e-08
6.652415092748291450e-08
6.445837853102341923e-08
6.414922344486951497e-08
6.255780745340375135e-08
6.191390028896751568e-08
6.022252052134281195e-08
5.935532605181533056e-08
5.813283793513788607e-08
5.736846349746318440e-08
5.668448132543161114e-08
5.479694716328392817e-08
5.447474528060724979e-08
5.305687154114317649e-08
5.253150398543939532e-08
5.072660566192552814e-08
5.069544827901139107e-08
4.874157231035325885e-08
4.860980052016488402e-08
4.725470300020909463e-08
4.681470192106513559e-08
4.503500879367473060e-08
4.340480130218131010e-08
4.239014607374157463e-08
4.183264375359210084e-08
4.163737585816852013e-08
4.057264291012487175e-08
4.025519524228548102e-08
3.927609337330659752e-08
3.855845432465371892e-08
3.834012033012378858e-08
3.666643707766892688e-08
3.606434002755894525e-08
3.476585071738779190e-08
3.334818513698466100e-08
3.286945472052575806e-08
3.170502273125228376e-08
3.113767307482163858e-08
3.056512117858379927e-08
2.946012402441424264e-08
2.894371611092029763e-08
2.842831490442318717e-08
2.826117297819572052e-08
2.763571215139212197e-08
2.668034419245354050e-08
2.633436792884238762e-08
2.590821992965105179e-08
2.509423269669358304e-08
2.464288552805843880e-08
2.438757641554929189e-08
2.329306258474630871e-08
2.294975559501286047e-08
2.201105425251771208e-08
2.129761462834000131e-08
2.082780115511146492e-08
2.075299903958606192e-08
1.956073828496224016e-08
1.918359115391597836e-08
1.844187624004370183e-08
1.827264157271912925e-08
1.785191662448308354e-08
1.733763117251403997e-08
1.686618476806042206e-08
1.615492339759471111e-08
1.569217120862148595e-08
1.508839735223568650e-08
1.488328412130372522e-08
1.459552024487784840e-08
1.414059255009825981e-08
1.389570817435245657e-08
1.370282214400232752e-08
1.293531633418387204e-08
1.279123965329833437e-08
1.222128638798096580e-08
1.189088372795217963e-08
1.179721613863771469e-08
1.126543853681296951e-08
1.098534318478072606e-08
1.046480386787865454e-08
1.018345163048793280e-08
9.661577042825019585e-09
9.574504561956778063e-09
9.041985186878087602e-09
8.888348841351802982e-09
8.461164857977630161e-09
8.335914789265136518e-09
8.118933824215380087e-09
7.688556714961537877e-09
7.479800812086722585e-09
6.980869591806939383e-09
6.820016949296867164e-09
6.726394618961150359e-09
6.446845692477048133e-09
6.251133254196302451e-09
6.054642123120593480e-09
5.650196563210529255e-09
5.457116773857009353e-09
5.299669932905622097e-09
4.976744119758106406e-09
4.889189389941308351e-09
4.549301956318806434e-09
4.380471425964747687e-09
4.256238096524494768e-09
4.032171432916665832e-09
3.774795843458755136e-09
3.629758506887649675e-09
3.552665446087297660e-09
3.380427607756374313e-09
3.262304729417435692e-09
3.133253432333265048e-09
2.961392702783030848e-09
2.720812986770157201e-09
2.567637101606072430e-09
2.398682267964565159e-09
2.315635386954593145e-09
2.237519402591445353e-09
2.124085116907589859e-09
1.927033310974290728e-09
1.782891712042818475e-09
1.729008806981996258e-09
1.582831987082283112e-09
1.459655947325792965e-09
1.378703201763726074e-09
1.296613633157932772e-09
1.258271536569245738e-09
1.172715532175965191e-09
1.086261698333908169e-09
9.111770866865380259e-10
8.494872636983245447e-10
7.767863699401660182e-10
6.716738855782736484e-10
5.872062519484612860e-10
4.929924747641132496e-10
4.537181820257505028e-10
4.105208616010099885e-10
3.714636324369784298e-10
3.407515729983408659e-10
2.993782412685263145e-10
2.517516790928714736e-10
2.290656488103963024e-10
2.060642331935706205e-10
1.359477682206694379e-10
1.099958423972748912e-10
8.776890056514124189e-11
4.493416646667283957e-11
7.142463394200150621e-12
4.935437605235397398e-12
2.298127802728742500e-14
1.883998657769825229e-15
9.999999999999999452e-21
9.999999999999999452e-21
