1.247708430151458714e+00
8.392004221710808176e-01
4.174542970355407667e-01
2.237895868748872308e-01
2.127191673592900567e-01
1.563708427050157501e-01
1.118749516397232052e-01
9.892555061997508614e-02
8.939931676695320184e-02
8.041168963351123800e-02
7.133066555995284941e-02
5.973224704849704886e-02
5.229805481981656540e-02
5.030457469586220587e-02
4.763448708902137674e-02
4.284239166401468402e-02
3.992019001691388125e-02
3.643028488224282768e-02
3.396133399357974952e-02
3.168578790429146808e-02
3.139858500804864477e-02
2.970307249573441583e-02
2.826475999889476245e-02
2.693955346131123030e-02
2.423769591520127942e-02
2.323097978419386492e-02
2.158311528648084940e-02
2.043991937203150019e-02
1.979378654195653939e-02
1.962722907493638300e-02
1.850646912315829368e-02
1.614195685391994761e-02
1.529214864381506223e-02
1.496670972637520122e-02
1.446239493511439211e-02
1.380181762081907244e-02
1.322491680680203986e-02
1.285488463892613814e-02
1.199031814224327079e-02
1.160217193093748128e-02
1.151782589145219741e-02
1.109824112110921988e-02
1.084364899673917818e-02
1.013021294357473526e-02
9.819288296718362355e-03
9.673302509961531279e-03
9.376402876961295943e-03
9.173607309122514333e-03
8.897616337746657583e-03
8.283610466016113130e-03
7.855491717482836200e-03
7.665740612844668990e-03
7.302086444964583575e-03
7.017340091379857189e-03
6.830843979413966233e-03
6.748987739569847766e-03
6.339156729959170671e-03
5.952551278100020812e-03
5.814164676178604566e-03
5.628039247733920662e-03
5.463022592109146106e-03
5.243990874817164478e-03
5.134366666387703282e-03
5.034078993894988870e-03
4.859013991270178488e-03
4.779583255376766183e-03
4.649817284854511172e-03
4.596930103184169482e-03
4.462930324870221371e-03
4.373637567519461644e-03
4.164595898995125840e-03
4.103196310676013488e-03
4.045511798513072403e-03
3.963070996427358120e-03
3.888103755599211196e-03
3.681538491568979790e-03
3.514681854550665008e-03
3.491658254547057826e-03
3.408900309683635371e-03
3.292916423902097784e-03
3.254021646655246448e-03
3.223844240052301403e-03
3.058192231373031787e-03
3.051458487670502453e-03
2.950141441144010952e-03
2.924701563120046723e-03
2.766686715153635935e-03
2.753762106425503269e-03
2.651265542544506588e-03
2.594444819213320447e-03
2.507159848549270036e-03
2.487262184553034380e-03
2.354677903708322483e-03
2.337252594768533202e-03
2.257096948594350307e-03
2.192758612500474331e-03
2.144340637692556100e-03
2.116294057621411016e-03
2.048571384736209370e-03
2.006156171439012984e-03
1.952106069504188973e-03
1.878202396809746559e-03
1.805560184372958848e-03
1.780672941762846380e-03
1.737939307336489568e-03
1.664872158193912797e-03
1.658408238684063070e-03
1.604079380026544963e-03
1.540693992181743546e-03
1.488928293571517179e-03
1.477138703226670274e-03
1.467148593414987654e-03
1.357433172361221336e-03
1.334165518544438078e-03
1.309331986720359666e-03
1.295917202080236171e-03
1.264848547433807544e-03
1.201241999843104171e-03
1.193530631194548173e-03
1.162640045259820572e-03
1.138547428815553765e-03
1.101981658728012382e-03
1.066642831232454420e-03
1.037678476204391019e-03
1.005389438020611297e-03
9.933060708255758795e-04
9.586781064601808660e-04
9.435423245954489488e-04
9.234220043380681224e-04
8.771716152778198444e-04
8.489840190563571884e-04
8.401840299258175795e-04
8.161840231563442100e-04
7.838488869794307335e-04
7.747531499046642978e-04
7.438167517036808635e-04
7.226061279441323799e-04
7.000680039268242314e-04
6.656640315573278789e-04
6.606828443536397416e-04
6.292041715629004576e-04
6.192410000106966057e-04
5.976269600490177964e-04
5.717602781097696303e-04
5.611346150327014420e-04
5.453616723663912537e-04
5.271927222610467640e-04
5.128937160976609292e-04
4.921185196580452666e-04
4.700807955398314379e-04
4.555131379428321793e-04
4.456579773062913606e-04
4.310586171287151061e-04
4.219905173506050813e-04
4.107551058839288018e-04
3.966091240867802631e-04
3.793679438896322819e-04
3.689970475757660580e-04
3.597682458455736098e-04
3.505280343692390786e-04
3.442041839585315943e-04
3.287302498336221114e-04
3.225882916878811059e-04
3.110841986642594596e-04
2.956429418522127980e-04
2.887037071021775550e-04
2.787390545105424174e-04
2.450865977249264030e-04
2.339045483980907751e-04
2.300285079755613141e-04
2.132276806276042682e-04
2.064287954210433315e-04
1.967730084221944143e-04
1.894990459348116281e-04
1.782632929602620444e-04
1.698868273151022551e-04
1.662585988743150403e-04
1.585942234546596896e-04
1.525537216046957709e-04
1.426069371706669808e-04
1.379374387602729640e-04
1.362612810253442598e-04
1.190019439795907244e-04
1.081478921671065018e-04
1.025669447653582112e-04
1.021140393174769053e-04
8.329399291879647593e-05
8.052186571401586551e-05
6.945550698055502224e-05
6.847106315835265486e-05
3.270539914783713914e-08
3.191376153165901992e-08
3.084357961622403576e-08
2.924519066566895168e-08
2.595004154894099700e-08
2.497537915566200288e-08
2.356498963437831074e-08
2.283116000929642066e-08
2.181908503322383073e-08
2.077107002144131589e-08
2.049904144952190741e-08
1.966434979056089869e-08
1.941267061791464500e-08
1.873179507173188122e-08
1.835659535948287075e-08
1.668372293981787243e-08
1.648320107052039041e-08
1.629988127435091319e-08
1.580301992786489318e-08
1.539378311533745793e-08
1.520370287361362794e-08
1.494861927535542400e-08
1.427864641362168752e-08
1.328600345882461185e-08
1.315190159687764397e-08
1.275096141019032625e-08
1.255310931119585658e-08
1.235760545260043219e-08
1.195024578755221398e-08
1.139221652583174862e-08
1.134325255025977077e-08
1.070759366773369288e-08
1.031069989691943128e-08
9.927895930279968252e-09
9.825641300672060670e-09
9.405639618528788724e-09
9.347511839003374377e-09
8.986451855199413615e-09
8.877635688399302938e-09
8.284418672004523206e-09
7.841738732565807327e-09
7.787671716192700290e-09
7.459628264461140470e-09
7.381480266103146132e-09
7.099040337137688922e-09
7.094001887162472352e-09
6.738838909208088476e-09
6.731524659045241679e-09
6.268899726926727449e-09
6.263230969565212436e-09
6.061804521497017585e-09
5.964020898749485436e-09
5.635320557836867223e-09
5.335714694636925511e-09
5.084631266571055243e-09
4.821731073141582403e-09
4.750600202443282848e-09
4.734892752003319383e-09
4.228261734504412946e-09
4.195383868880218427e-09
3.950951535425155742e-09
3.934704775829357691e-09
3.751888054782267944e-09
3.714235543431583351e-09
3.528087229377691170e-09
3.513402517474092685e-09
3.380972906247510967e-09
3.191201526768909995e-09
3.170765659608869615e-09
3.069405246726437883e-09
2.975910815566666205e-09
2.959048846348616407e-09
2.469192112509177860e-09
2.407391122714898093e-09
2.225221696219143968e-09
2.145529841499780860e-09
2.055150184677933691e-09
1.940177618416779989e-09
1.826188889595083402e-09
1.538969173180047201e-09
1.537774430797731991e-09
1.226987798240708268e-09
1.124264351802444902e-09
1.107863235503986853e-09
1.070962285943813012e-09
9.511255022491320185e-10
7.961234344635728931e-10
6.516806543584700355e-10
5.252263408464104799e-10
4.910291615750356281e-10
3.017684947746392424e-10
2.022134799768876282e-10
1.254678954895748981e-10
6.536731962564796917e-11
1.685213321452088326e-11
