2.230804053094857409e+00
3.372578484775113350e-01
1.407127750177847858e-01
1.071376012768730790e-01
9.382169435826971660e-02
7.576518453319695812e-02
7.109387735576085110e-02
4.690507596764293546e-02
4.432179230083937299e-02
3.106616188487248270e-02
2.493873874401658641e-02
2.126482076383516898e-02
1.858296176301791475e-02
1.751624211947112875e-02
1.335463785514334929e-02
1.174693088158420759e-02
1.059449845178024943e-02
9.366184972738075473e-03
8.318676400043660199e-03
6.611249171485807791e-03
6.087309902864573852e-03
5.524724777847806086e-03
5.331168778495470190e-03
4.963285364674233091e-03
4.485295183991781266e-03
3.848231065230104872e-03
3.688733990805056519e-03
3.377645998989086198e-03
3.096635018428465277e-03
2.775296795219396855e-03
2.620822393552460234e-03
2.244534373108352659e-03
2.101389082897460979e-03
1.911026074860217982e-03
1.758755248028718307e-03
1.602946101031021498e-03
1.560986743628032082e-03
1.495803393960630154e-03
1.434990036164491460e-03
1.302773157848037284e-03
1.230081408034813242e-03
1.057197699095883568e-03
1.038377957285142915e-03
9.865419603140037318e-04
9.044386558771415818e-04
8.733310859318882098e-04
8.376651901829414680e-04
7.945912215207025881e-04
7.010942746996982975e-04
6.699470169469229786e-04
6.574127522792985474e-04
5.984853041846589609e-04
5.648885231526575229e-04
5.577772040237284363e-04
5.212961196974967917e-04
4.844385080285962004e-04
4.623857905653692437e-04
4.278332296384225030e-04
4.202591294700743938e-04
3.923940177545957105e-04
3.733262822949032157e-04
3.429178416893623963e-04
3.207666568914927505e-04
3.101415223874929607e-04
2.969995598291801315e-04
2.782769016160127964e-04
2.563938734290740172e-04
2.513670604548835113e-04
2.353698898161351108e-04
2.162931697255169499e-04
2.121923221125441748e-04
1.943374811025754413e-04
1.918209113173706772e-04
1.895731251662497428e-04
1.715914865468358788e-04
1.615912532683841212e-04
1.565427305421918374e-04
1.455761879555520996e-04
1.402192652497122978e-04
1.369717900585372557e-04
1.307863521449590847e-04
1.192612342223220613e-04
1.168905731390840175e-04
1.123973950916111892e-04
1.104157918742429417e-04
1.054378885476850284e-04
1.033907183399957472e-04
9.926266244447889606e-05
9.588433597929941392e-05
9.111517507788019661e-05
8.825644925430051223e-05
8.471470012721956180e-05
8.334000324391621520e-05
7.929259465073875107e-05
7.516002137484473005e-05
7.387845719361486212e-05
7.180038845164121166e-05
6.751044453454000630e-05
6.424237183951878320e-05
6.406001310149272998e-05
6.260322145667554484e-05
5.983320774727608895e-05
5.661431811399101770e-05
5.380795900673970394e-05
5.257352248761766470e-05
4.972092102192364303e-05
4.962010048297345278e-05
4.700886681933359105e-05
4.597295112279439457e-05
4.427286327082331438e-05
4.270883198772949547e-05
4.202094766990628746e-05
4.102063618643173151e-05
4.069444988039249480e-05
4.005617792061991867e-05
3.772809975876705171e-05
3.700932379491911757e-05
3.526851809086898861e-05
3.461209512148795680e-05
3.382295991939540469e-05
3.146205049594561864e-05
3.128620344988669664e-05
3.110330126087872121e-05
2.993175783008164551e-05
2.959522060909196883e-05
2.852744581374796131e-05
2.770857221111649860e-05
2.640257006145890634e-05
2.589170146791574948e-05
2.530727337184869737e-05
2.477482899498124986e-05
2.421429420834955243e-05
2.352045499755069558e-05
2.331232599912655133e-05
2.237893048732535499e-05
2.175787661889892914e-05
2.078542934754484369e-05
2.034146166662384870e-05
1.940567260639432552e-05
1.902068167653181882e-05
1.862432396117187709e-05
1.800804837149659469e-05
1.755574046725517275e-05
1.689318320499143592e-05
1.633165152545831605e-05
1.612836623193210177e-05
1.584679406330271497e-05
1.554808976882433966e-05
1.500496796791528333e-05
1.460760992462315083e-05
1.403325585663282586e-05
1.399602856608180135e-05
1.316234776116375867e-05
1.289719138560843005e-05
1.268840969499755170e-05
1.260050515795724958e-05
1.206743759891312617e-05
1.156818003940235225e-05
1.140890086084939817e-05
1.111579743164043912e-05
1.065463733100337841e-05
1.058503233760494264e-05
1.031353857372785591e-05
1.010145321466036434e-05
9.838959817158791126e-06
9.530710010467611915e-06
9.447394463384178878e-06
9.370934433842999592e-06
8.901245838085829900e-06
8.386690344911048537e-06
8.285941165835364940e-06
8.040596191691434677e-06
7.938792159431022193e-06
7.849564159861846169e-06
7.258075942991161734e-06
7.177676426424342906e-06
7.050957587767666288e-06
6.864498525535588814e-06
6.578398465353940580e-06
6.509592575400584925e-06
6.352231433421852823e-06
6.141220862268364006e-06
5.987996042516465562e-06
5.960186202462566224e-06
5.703912936691539777e-06
5.595266109050419863e-06
5.508117953946380645e-06
5.375343618769898374e-06
5.202937126720550578e-06
4.942894140656053337e-06
4.758624789736663375e-06
4.707887004441599922e-06
4.682072280596084040e-06
4.520667051884704516e-06
4.361128217694189055e-06
4.273957408145748693e-06
4.269211432000751845e-06
4.034596583394477090e-06
3.952016117822590479e-06
3.797530980637910889e-06
3.749534018657149974e-06
3.649986880276895117e-06
3.485205469761737934e-06
3.390217015895169993e-06
3.229177828836045630e-06
3.220502728988933480e-06
3.164160120598563764e-06
3.065527863057859211e-06
3.037029838860411753e-06
2.914604593663327645e-06
2.803268029237502829e-06
2.741671432012876243e-06
2.627169187342890532e-06
2.561671606658036700e-06
2.544841815560349917e-06
2.415259555005813521e-06
2.355581929791595842e-06
2.258417348608640273e-06
2.170750428032082005e-06
2.101850801009628103e-06
2.048012338614635685e-06
2.002162989814998551e-06
1.898168820971074004e-06
1.850114649833348883e-06
1.804466664972600109e-06
1.749432836728271973e-06
1.721161885754049743e-06
1.620777585475973343e-06
1.593598902912604008e-06
1.538876128702302555e-06
1.499552430070229227e-06
1.469616107918722812e-06
1.429080157599066298e-06
1.358381319322750349e-06
1.321145354954782238e-06
1.287714744631026084e-06
1.241578843407821075e-06
1.205101181305800130e-06
1.150248700034706185e-06
1.102055240358456351e-06
1.073530399909959895e-06
1.025790099343378016e-06
1.009676823312384628e-06
9.133704785807707533e-07
9.008653753890273013e-07
8.644969519513264162e-07
8.499955835325174174e-07
7.905334862710826426e-07
7.618467110802663143e-07
7.490827970752026718e-07
6.900382077093903690e-07
6.488525259683820546e-07
6.415871071891810541e-07
6.205867268125646974e-07
5.986607667727259906e-07
5.648358164101436073e-07
5.326694993179792393e-07
5.101390031622004803e-07
4.908510193602220643e-07
4.546372757154669872e-07
4.367953766660591721e-07
4.297159363892257616e-07
3.836534089598080773e-07
3.627354654076017217e-07
3.456326385543104234e-07
3.116783529144531697e-07
3.059086034979085507e-07
2.998746672646866125e-07
2.694168296851306708e-07
2.501289703995575111e-07
2.188897340376345320e-07
2.118049797757601404e-07
1.999571703297165245e-07
1.835530847599832021e-07
1.677275449426311156e-07
1.610864135073765007e-07
1.467814006300504406e-07
1.315084077849140220e-07
1.311460279617627598e-07
1.197517839748716392e-07
8.683180679378421171e-08
8.096096389449289574e-08
7.852343935218315598e-08
7.275799694360785290e-08
6.580620502152026461e-08
5.544347306754762585e-08
4.260355056798304915e-08
3.409711584445514587e-08
2.788173919640336315e-08
2.102397524378876008e-08
1.651197629595537130e-08
3.258759289058060450e-09
2.559019883614237063e-09
7.968356903166399222e-10
3.415783303703390776e-10
9.655502936087166268e-11
4.813620532317725002e-11
