3.991991281509399414e+00
6.026067733764648438e-01
2.078039646148681641e-01
1.578450649976730347e-01
1.421198993921279907e-01
1.368256807327270508e-01
1.010152846574783325e-01
6.489939987659454346e-02
5.104050785303115845e-02
4.349913820624351501e-02
3.551965206861495972e-02
2.612411230802536011e-02
2.498995326459407806e-02
2.235932648181915283e-02
1.703490689396858215e-02
1.497723627835512161e-02
1.157781109213829041e-02
9.902520105242729187e-03
8.880878798663616180e-03
8.019544184207916260e-03
6.623319815844297409e-03
5.512714385986328125e-03
5.239307414740324020e-03
4.336303099989891052e-03
3.761923639103770256e-03
3.392221871763467789e-03
3.069307887926697731e-03
2.811312908306717873e-03
2.538680797442793846e-03
2.302538137882947922e-03
2.061145380139350891e-03
1.911888597533106804e-03
1.767846290022134781e-03
1.750905415974557400e-03
1.617341069504618645e-03
1.495827804319560528e-03
1.234502997249364853e-03
1.107136486098170280e-03
1.084916410036385059e-03
9.951805695891380310e-04
9.008951019495725632e-04
8.445162093266844749e-04
7.891951245255768299e-04
7.486292743124067783e-04
7.171069737523794174e-04
6.637307815253734589e-04
6.317842635326087475e-04
5.957953981123864651e-04
5.642233882099390030e-04
5.495959776453673840e-04
5.207160720601677895e-04
4.948545247316360474e-04
4.488027188926935196e-04
4.406997759360820055e-04
4.096718330401927233e-04
4.038766492158174515e-04
3.862691810354590416e-04
3.534372372087091208e-04
3.196532197762280703e-04
3.077425353694707155e-04
2.889941388275474310e-04
2.682055346667766571e-04
2.624897460918873549e-04
2.542847068980336189e-04
2.352735173190012574e-04
2.184260811191052198e-04
2.065014268737286329e-04
1.947424607351422310e-04
1.881199132185429335e-04
1.736699196044355631e-04
1.687957701506093144e-04
1.555042836116626859e-04
1.486910332459956408e-04
1.399829488946124911e-04
1.333365362370386720e-04
1.302857417613267899e-04
1.232158101629465818e-04
1.170493342215195298e-04
1.092361417249776423e-04
1.011876811389811337e-04
9.794949437491595745e-05
9.656560723669826984e-05
9.428961493540555239e-05
8.946240996010601521e-05
8.768420957494527102e-05
8.119054837152361870e-05
8.015673665795475245e-05
7.187428127508610487e-05
6.885091715957969427e-05
6.552498234668746591e-05
6.116973236203193665e-05
6.057029895600862801e-05
5.753188088419847190e-05
5.574234455707482994e-05
5.185904228710569441e-05
5.057545786257833242e-05
4.904534944216720760e-05
4.730069849756546319e-05
4.314975376473739743e-05
4.276931213098578155e-05
4.128333239350467920e-05
4.039491614094004035e-05
3.896342605003155768e-05
3.613744411268271506e-05
3.354598084115423262e-05
3.275606286479160190e-05
3.114323408226482570e-05
2.935851443908177316e-05
2.873811536119319499e-05
2.847273208317346871e-05
2.769665297819301486e-05
2.702915116969961673e-05
2.605902409413829446e-05
2.522883733035996556e-05
2.386900450801476836e-05
2.356335244257934391e-05
2.240683352283667773e-05
2.176564157707616687e-05
2.117755138897337019e-05
2.027195478149224073e-05
1.953561695700045675e-05
1.834167051129043102e-05
1.811676338547840714e-05
1.780536331352777779e-05
1.707203773548826575e-05
1.673528458923101425e-05
1.619989234313834459e-05
1.567770959809422493e-05
1.527528002043254673e-05
1.464659180783201009e-05
1.429919666406931356e-05
1.376207637804327533e-05
1.351946502836653963e-05
1.323994183621834964e-05
1.292075648962054402e-05
1.250441528100054711e-05
1.200163660541875288e-05
1.179796890937723219e-05
1.156504640675848350e-05
1.086205884348601103e-05
1.056159271684009582e-05
1.020670333673479035e-05
9.860591489996295422e-06
9.712371138448361307e-06
9.362042874272447079e-06
9.013874660013243556e-06
8.721857739146798849e-06
8.301686648337636143e-06
8.129865818773396313e-06
7.857461241655983031e-06
7.556985565315699205e-06
7.532931249443208799e-06
7.270136393344728276e-06
6.883018613734748214e-06
6.667406523774843663e-06
6.562215730809839442e-06
6.495525212812935933e-06
6.204825695022009313e-06
5.894154583074850962e-06
5.772129497927380726e-06
5.699515440937830135e-06
5.528418114408850670e-06
5.401018825068604201e-06
5.319260253600077704e-06
5.133898412168491632e-06
4.970383088220842183e-06
4.782245468959445134e-06
4.658104899135651067e-06
4.487949354370357469e-06
4.363368134363554418e-06
4.234801053826231509e-06
4.092003109690267593e-06
3.997009116574190557e-06
3.783876991292345338e-06
3.737716951945913024e-06
3.641624516603769735e-06
3.522663064359221607e-06
3.431085360716679133e-06
3.386227035662159324e-06
3.119105713267344981e-06
3.034560904779937118e-06
2.945932465081568807e-06
2.903918812080519274e-06
2.898639195336727425e-06
2.786257709885830991e-06
2.735770749495713972e-06
2.717460802159621380e-06
2.630557673910516314e-06
2.514844027245999314e-06
2.395641786279156804e-06
2.358964593440759927e-06
2.321685087736113928e-06
2.256005018352880143e-06
2.191541625506943092e-06
2.062103476418997161e-06
2.006698196055367589e-06
1.931041651914711110e-06
1.891217607408179902e-06
1.833818487284588628e-06
1.796241122065111995e-06
1.743524194353085477e-06
1.682286779214337002e-06
1.620490934328699950e-06
1.605922079761512578e-06
1.565854063301230781e-06
1.532920805402682163e-06
1.453506456527975388e-06
1.442766802028927486e-06
1.414010853295621928e-06
1.360593842036905698e-06
1.327658992522628978e-06
1.304179590988496784e-06
1.264389879906957503e-06
1.226000563292473089e-06
1.210415007335541304e-06
1.144222210314183030e-06
1.109826939682534430e-06
1.076027956514735706e-06
1.044163013830257114e-06
1.031338001666881610e-06
9.661797548687900417e-07
9.308987500844523311e-07
9.017467732519435231e-07
8.886665909813018516e-07
8.469949079881189391e-07
8.242471949415630661e-07
8.042609920266841073e-07
7.860522828195826150e-07
7.616785069330944680e-07
7.147685892050503753e-07
7.004265967225364875e-07
6.927071467544010375e-07
6.506484169221948832e-07
6.117065822763834149e-07
6.029787300576572306e-07
5.829533051837643143e-07
5.722642981709213927e-07
5.585898747995088343e-07
5.242698080110130832e-07
4.972595775143417995e-07
4.790166485690861009e-07
4.624350253834563773e-07
4.367765598090045387e-07
4.340378154665813781e-07
4.265916402346192626e-07
4.019610742034274153e-07
3.791074618675338570e-07
3.747055927760811755e-07
3.518917992550996132e-07
3.319874508633802179e-07
3.139394380013982300e-07
3.049477470540296054e-07
2.924959972006035969e-07
2.794982094656006666e-07
2.724886485339084174e-07
2.691227791729033925e-07
2.472846745149581693e-07
2.239075200805018540e-07
2.187440344414426363e-07
2.002282855073644896e-07
1.945880967468838207e-07
1.865254830590856727e-07
1.782793930260595516e-07
1.604985300218686461e-07
1.567118772527464898e-07
1.488387226800114149e-07
1.414966135371287237e-07
1.344043170092845685e-07
1.212898297353603994e-07
1.197177681433458929e-07
1.038812484921436408e-07
9.635518694040001719e-08
9.510475251772732008e-08
8.653419314441634924e-08
7.741251550896777189e-08
7.461606799097353360e-08
6.798191520829277579e-08
6.005371488981836592e-08
5.662753466140202363e-08
5.217252407874184428e-08
4.036489542613708181e-08
3.672071358096218319e-08
3.496413469861181511e-08
3.285569505351304542e-08
3.187325958720066410e-08
2.791249542610785284e-08
2.042082414277501812e-08
1.858996867554196797e-08
1.610180433431196434e-08
1.304260344170415920e-08
1.290385398533544503e-08
9.423633429150868324e-09
8.538231455190725683e-09
4.427578748078531135e-09
2.612813077007558604e-09
9.548115631474729526e-10
4.830763011831606946e-10
