4.309240594370365329e+00
3.262862759776295807e+00
2.195452123331107952e+00
1.915012512744465045e+00
1.538645888341592549e+00
1.098673052649300930e+00
9.793656100667900155e-01
7.895594266134621231e-01
6.686256350499863998e-01
5.399886247650907967e-01
5.047004333504686580e-01
3.870739903933839710e-01
3.399441524028051220e-01
3.118857206678135041e-01
2.442333372610868414e-01
2.140751876271078102e-01
1.994742087743970882e-01
1.693801116318709998e-01
1.444887791566309698e-01
1.189165939304228370e-01
1.101317935491538669e-01
9.992817269586821982e-02
9.096448863556071129e-02
8.688528489788754916e-02
7.457054452924333221e-02
6.809699621634489330e-02
6.268559605840416660e-02
5.744124401711590139e-02
5.560610018185843662e-02
4.818914153792056704e-02
4.493717888205881611e-02
4.200066871170612254e-02
3.984632837569291458e-02
3.722642078193802440e-02
3.468102407673138987e-02
3.128384238426060171e-02
2.867667508797558037e-02
2.660658049537480488e-02
2.427860313451004476e-02
2.234970921166743243e-02
2.125879088124482674e-02
2.029222375541812548e-02
1.953453050415790079e-02
1.853384918688357613e-02
1.640489210133234260e-02
1.553764571418075544e-02
1.473894376012581733e-02
1.423965540961647826e-02
1.345763275231579015e-02
1.299159856431176749e-02
1.176063829947593398e-02
1.143517596714660120e-02
1.093571158971865138e-02
1.016567300860349299e-02
9.466438402751001582e-03
8.983416204111383321e-03
8.444251044193303371e-03
8.063455482671346222e-03
7.653879230112810468e-03
6.998038748333028185e-03
6.724383456227338469e-03
6.673273191666006382e-03
6.123591368072136415e-03
5.703284154268000589e-03
5.321628171862830513e-03
5.274833521628490007e-03
4.986386803202060188e-03
4.818762192584469077e-03
4.247604018585195325e-03
4.196651213591255820e-03
4.055890875309471968e-03
3.907145104768047425e-03
3.858739174261139292e-03
3.567442412861022809e-03
3.530557570608842434e-03
3.393461644749523262e-03
3.237640848614735736e-03
3.015916022249612739e-03
2.816792599553010357e-03
2.742058307864990788e-03
2.619874904611457691e-03
2.541591081288543767e-03
2.437982869629824311e-03
2.389008734669175512e-03
2.183286947205622091e-03
2.152710158932033286e-03
2.039775151821813549e-03
2.000472749815030912e-03
1.845126097163352118e-03
1.759559277169240633e-03
1.738425818954365950e-03
1.639116009189582179e-03
1.600474413963233217e-03
1.527576524388368122e-03
1.455259990352078753e-03
1.414101082809315251e-03
1.379591894934427019e-03
1.284909115605666627e-03
1.235216603821659691e-03
1.159785816569082950e-03
1.108747655743008275e-03
1.062193099305103541e-03
1.007290128857990779e-03
9.568467673996412489e-04
9.267661478703776009e-04
9.112183490112642139e-04
8.764413573765341206e-04
8.390242242435082655e-04
8.236362484659500577e-04
7.785866310067731484e-04
7.678971512129574356e-04
6.987284285312281035e-04
6.799009548222931633e-04
6.694725274286830339e-04
6.317767337521130143e-04
5.922122684048031042e-04
5.838543544791595374e-04
5.227234390898090029e-04
4.900545697768717013e-04
4.715813647701618265e-04
4.660301959261731620e-04
4.618017784128133929e-04
4.379126737887089000e-04
4.009363831865534085e-04
3.960217550148315609e-04
3.733292086762197396e-04
3.635823363873519364e-04
3.298478750957977205e-04
3.290153175840184840e-04
3.109958227556815637e-04
2.920824127328303208e-04
2.830726692795495765e-04
2.681136262732607893e-04
2.630868353626976842e-04
2.575747278930635292e-04
2.467004909258885162e-04
2.377053987553079362e-04
2.279784005862639398e-04
2.138699570511199354e-04
2.051177423974323696e-04
1.914226786508606715e-04
1.897557343572863809e-04
1.761591241612605696e-04
1.688381910762966429e-04
1.523600989917676756e-04
1.490079630130126140e-04
1.463994408077373092e-04
1.355575817089415310e-04
1.317344033680089936e-04
1.276292193940941808e-04
1.213864149600477478e-04
1.149005767546301264e-04
1.086900082955694091e-04
1.037537553286378190e-04
1.003139891838864673e-04
9.253705115220127475e-05
8.965776150121844543e-05
8.561338066291425733e-05
8.167696047404180738e-05
7.709368561775400584e-05
7.064411460976680968e-05
6.588265926698295516e-05
6.446367569851425372e-05
6.052986028716149115e-05
5.732228619736365734e-05
5.523262898324764972e-05
5.348697341643851469e-05
5.082466630828595065e-05
4.805771479396995567e-05
4.430521871221290161e-05
4.174430975434326760e-05
4.080007110641123457e-05
3.705024717850963391e-05
3.661296271954946681e-05
3.345215673155054636e-05
3.214052935076841300e-05
3.082059742030729562e-05
2.999367624140842337e-05
2.787725242983349653e-05
2.667486414382294781e-05
2.481335843969382078e-05
2.287676750736093519e-05
2.184195857796349599e-05
2.043443174044872832e-05
1.867508575704714420e-05
1.823610736135048837e-05
1.766330576902681114e-05
1.697766318679423840e-05
1.567738278093785587e-05
1.446320831401378139e-05
1.395008454382264687e-05
1.263271617894581584e-05
1.231194634188985394e-05
1.184728872712702903e-05
1.160496566703068454e-05
1.065121060502118685e-05
1.005153486522887336e-05
9.655220621193795691e-06
9.294327992784880211e-06
8.641792433618092619e-06
7.748646082133376243e-06
7.362877648883209377e-06
6.742808694232970945e-06
6.625687229618458658e-06
5.654269602226663336e-06
5.446038559301640121e-06
5.130610531543216452e-06
4.945001643669402740e-06
4.542569469772061668e-06
4.092442615461709282e-06
4.054707505204774369e-06
3.877773803163380273e-06
3.560204290769532736e-06
3.275569768665892464e-06
3.165073595778640989e-06
2.886518329204211718e-06
2.727391010528522437e-06
2.567374791897335595e-06
2.391040023280258300e-06
2.207431538187479819e-06
1.972875409004260407e-06
1.931958137403218985e-06
1.662347958513552539e-06
1.538309639183223261e-06
1.376244070863597776e-06
1.368196852814304122e-06
1.234883840426335674e-06
1.098005762998439718e-06
9.675702899149177318e-07
8.877303911676605480e-07
8.163110801994657593e-07
7.422609077078363556e-07
6.751804125539095731e-07
6.172310101219638900e-07
5.376507557019181371e-07
4.516579998211671053e-07
4.164098745989273891e-07
4.088862252085311157e-07
3.153754332818501726e-07
3.145376517786899468e-07
2.976292588690055715e-07
2.965327105896026469e-07
2.820641632142466999e-07
2.671920553980817044e-07
2.604259895399752638e-07
2.572916982950360959e-07
2.386327329307054268e-07
2.253711301412712075e-07
2.219800373323819308e-07
2.014284903707140803e-07
1.910172225940000990e-07
1.847381441280690415e-07
1.735251264583423598e-07
1.689461779550181235e-07
1.643541986011967162e-07
1.540655415826217666e-07
1.531252419762502491e-07
1.377195045916736026e-07
1.372147023773483133e-07
1.260344129734688550e-07
1.233683172100291863e-07
1.218175822286644372e-07
1.156607584163233389e-07
1.068908498280205075e-07
9.635017144049686116e-08
9.369067179145863847e-08
9.191922808980776404e-08
9.185920104910078281e-08
8.439171717162324624e-08
7.970023666034781355e-08
7.841892476264073651e-08
7.482931283991159197e-08
7.375418479566209866e-08
7.026933112136812342e-08
6.113967939279022488e-08
5.501311682458268468e-08
5.141036573922481288e-08
5.105203076584658869e-08
5.047240230627598253e-08
4.386630432044987665e-08
3.642161627810360467e-08
3.563428572240375021e-08
3.458555044666091929e-08
3.179726244773930734e-08
3.111149612889928924e-08
2.710568577722293043e-08
2.441456494343451200e-08
1.830049029368267695e-08
1.790815703141968566e-08
1.509878428283626448e-08
1.008848093751596953e-08
9.041950562297521241e-09
8.540125512473449543e-09
4.462754710153561337e-09
3.287482871749795606e-09
1.780583952068874546e-09
9.467013507792124755e-10
