8.909615516662597656e+00
6.811069488525390625e+00
4.900444507598876953e+00
3.983628749847412109e+00
3.310611724853515625e+00
2.197780847549438477e+00
1.838903784751892090e+00
1.659505486488342285e+00
1.371381163597106934e+00
1.163143515586853027e+00
8.262797594070434570e-01
8.103687763214111328e-01
7.059246301651000977e-01
5.075879096984863281e-01
4.456300139427185059e-01
3.582254946231842041e-01
3.020155429840087891e-01
2.841199040412902832e-01
2.327808439731597900e-01
2.267320752143859863e-01
1.755523979663848877e-01
1.625729054212570190e-01
1.344285309314727783e-01
1.218660101294517517e-01
9.922460466623306274e-02
9.813985228538513184e-02
9.127814322710037231e-02
8.001973479986190796e-02
6.830044090747833252e-02
5.817242339253425598e-02
5.277481675148010254e-02
4.768376797437667847e-02
4.501293599605560303e-02
4.141093790531158447e-02
3.749249130487442017e-02
3.583985194563865662e-02
3.007651306688785553e-02
2.688832767307758331e-02
2.377687022089958191e-02
2.078989334404468536e-02
1.891386508941650391e-02
1.725813187658786774e-02
1.655232347548007965e-02
1.541656255722045898e-02
1.366310659795999527e-02
1.267420407384634018e-02
1.213986147195100784e-02
1.174281816929578781e-02
1.057750545442104340e-02
1.001118123531341553e-02
9.492177516222000122e-03
9.225848130881786346e-03
7.900080643594264984e-03
7.312178611755371094e-03
6.984029430896043777e-03
6.392080336809158325e-03
5.772537551820278168e-03
5.646670702844858170e-03
5.062669049948453903e-03
4.806794226169586182e-03
4.673295654356479645e-03
4.242451861500740051e-03
4.092597868293523788e-03
3.772656898945569992e-03
3.615988884121179581e-03
3.357281908392906189e-03
3.321798285469412804e-03
3.045082092285156250e-03
3.011524444445967674e-03
2.900524297729134560e-03
2.568730618804693222e-03
2.400868572294712067e-03
2.371850889176130295e-03
2.358188387006521225e-03
2.210673876106739044e-03
2.174602821469306946e-03
2.070280024781823158e-03
1.945770927704870701e-03
1.881230273284018040e-03
1.793640083633363247e-03
1.756581361405551434e-03
1.558571122586727142e-03
1.538062468171119690e-03
1.489903312176465988e-03
1.418262021616101265e-03
1.357059227302670479e-03
1.301258103922009468e-03
1.274597248993813992e-03
1.154749654233455658e-03
1.086013275198638439e-03
1.021939562633633614e-03
9.936974383890628815e-04
9.496434358879923820e-04
9.080488816834986210e-04
8.739325567148625851e-04
8.687987574376165867e-04
8.182430756278336048e-04
7.538653444498777390e-04
7.250739145092666149e-04
6.903033354319632053e-04
6.718548829667270184e-04
6.489026127383112907e-04
6.241081864573061466e-04
6.128299864940345287e-04
5.767591646872460842e-04
5.689607933163642883e-04
5.189272924326360226e-04
5.099931149743497372e-04
4.955775802955031395e-04
4.660004633478820324e-04
4.591627512127161026e-04
4.409240791574120522e-04
4.045308160129934549e-04
3.936126304324716330e-04
3.792767820414155722e-04
3.632029984146356583e-04
3.488114161882549524e-04
3.269991429988294840e-04
3.100135654676705599e-04
3.020320727955549955e-04
2.871211909223347902e-04
2.786239492706954479e-04
2.606244815979152918e-04
2.470392209943383932e-04
2.331863797735422850e-04
2.278014726471155882e-04
2.137246920028701425e-04
2.054870274150744081e-04
1.879678311524912715e-04
1.795713760657235980e-04
1.765804336173459888e-04
1.734831457724794745e-04
1.558879157528281212e-04
1.522246311651542783e-04
1.472530275350436568e-04
1.457717735320329666e-04
1.359043380944058299e-04
1.276850089197978377e-04
1.209600159199908376e-04
1.136144273914396763e-04
1.068977799150161445e-04
1.038811533362604678e-04
9.884341125143691897e-05
9.738759399624541402e-05
8.570584031986072659e-05
8.369415445486083627e-05
8.018023072509095073e-05
7.429827383020892739e-05
7.238695252453908324e-05
6.865242175990715623e-05
6.428753840737044811e-05
6.264216062845662236e-05
5.951086859568022192e-05
5.893471825402230024e-05
5.457318184198811650e-05
5.341535143088549376e-05
5.102863724459894001e-05
4.626339796232059598e-05
4.445945887709967792e-05
4.083842941327020526e-05
4.005825758213177323e-05
3.855507748085074127e-05
3.633482629084028304e-05
3.390470374142751098e-05
3.352445492055267096e-05
3.129920514766126871e-05
2.940892591141164303e-05
2.729758307395968586e-05
2.458345079503487796e-05
2.328884875169023871e-05
2.276396480738185346e-05
2.196208151872269809e-05
2.134145324816927314e-05
1.958336906682234257e-05
1.783952757250517607e-05
1.771081770129967481e-05
1.598940070834942162e-05
1.549233638797886670e-05
1.427368260920047760e-05
1.387301745126023889e-05
1.345653618045616895e-05
1.221084130520466715e-05
1.106725267163710669e-05
1.096671985578723252e-05
1.045189856085926294e-05
9.331753062724601477e-06
8.563388291804585606e-06
8.483400051773060113e-06
8.293054634123109281e-06
7.270175046869553626e-06
7.065964382491074502e-06
6.788366135879186913e-06
6.368174581439234316e-06
5.922677246417151764e-06
5.723385584133211523e-06
5.415698524302570149e-06
5.250875801721122116e-06
4.711704150395235047e-06
4.325011104810982943e-06
4.118597644264809787e-06
3.718420884979423136e-06
3.553474016371183097e-06
3.514728632580954581e-06
3.196770194335840642e-06
2.987004563692607917e-06
2.827034450092469342e-06
2.524946467019617558e-06
2.373192955928971060e-06
2.230274276371346787e-06
2.021840373345185071e-06
1.813432504604861606e-06
1.808598767638613936e-06
1.709985554043669254e-06
1.625963591322943103e-06
1.424861807208799291e-06
1.290472027903888375e-06
1.224226593876664992e-06
1.163358433586836327e-06
1.072282543645997066e-06
1.052271045409725048e-06
9.291895821661455557e-07
9.154032909464149270e-07
7.291743600035260897e-07
7.182989634202385787e-07
6.398533969331765547e-07
5.553950472858559806e-07
5.372339160203409847e-07
5.102751856611575931e-07
4.468257941425690660e-07
4.303517755488428520e-07
3.878633094700489892e-07
3.405088193630945170e-07
3.018203926785645308e-07
2.712661455461784499e-07
2.387664039815717842e-07
2.296641099519547424e-07
1.907262685563182458e-07
-1.883338711650139885e-07
1.805593967674212763e-07
1.497861745747286477e-07
1.427033708978342474e-07
-1.373103799551245174e-07
1.324519445233818260e-07
-1.258913613355616690e-07
1.256063910659577232e-07
-1.180285522650592611e-07
1.124438853139508865e-07
-1.024995484044666227e-07
1.019891229248059972e-07
-9.674731415998394368e-08
9.221852081964243553e-08
-8.929801253998448374e-08
-8.733976386565700523e-08
8.569697484972493839e-08
8.373461213295740890e-08
-8.244280991220875876e-08
7.810465518787168548e-08
-7.731711804126462084e-08
7.115877309615825652e-08
-6.762583382169395918e-08
6.730147816824683105e-08
-6.454366996422322700e-08
6.202833446877775714e-08
5.865183538844576105e-08
-5.634607447291273274e-08
5.431105876141373301e-08
-5.392713831042783568e-08
-5.075950681998619984e-08
4.590249602642870741e-08
-4.589823277001414681e-08
4.368624217931937892e-08
-4.346530957377581217e-08
4.172900247567667975e-08
-3.748464649788729730e-08
3.623920363793331489e-08
-3.524860403558705002e-08
3.395117431637117988e-08
3.365260781151846459e-08
-3.238612222844494681e-08
-2.883007077514321281e-08
2.629925788255604857e-08
-2.594250325671509927e-08
-2.278935262722825428e-08
2.155588951779918716e-08
2.056501458014281525e-08
1.617069500525758485e-08
1.491470769110492256e-08
-1.390010595514468150e-08
-1.316441622378761167e-08
-1.201236798920035653e-08
8.777451654395918013e-09
7.784280775524621276e-09
-6.495818105634043604e-09
4.473911907609817717e-09
-3.655864277973819298e-09
-2.041455005041825643e-09
1.799981164118946708e-09
