4.625757626821195290e-01
1.126840322204167716e-01
3.788583085851716936e-02
2.393834463847943975e-02
1.833818174849232222e-02
1.024453355992397535e-02
6.496104066787838222e-03
4.785675079641252445e-03
3.824648047263382381e-03
3.466269747628055505e-03
2.455117633462389030e-03
2.226464302584099750e-03
1.900650950757232964e-03
1.707102656840570054e-03
1.419046709189191943e-03
1.187695398988877641e-03
1.078770303584936432e-03
1.057073158393328572e-03
9.398730463643079330e-04
8.121435044164568252e-04
7.627230208095411379e-04
6.345080350894903316e-04
6.100918998254096018e-04
5.638137048283403631e-04
5.351282626600184673e-04
4.747616386415006080e-04
4.329099548774527546e-04
3.776189439405377968e-04
3.714198844256540264e-04
3.442478000857104653e-04
3.061138590379964457e-04
3.024737372832424762e-04
2.891389731987727986e-04
2.587680877855616838e-04
2.431407607191223041e-04
2.129716966746951782e-04
2.085227599514557074e-04
2.022647072027000605e-04
1.852049785172954954e-04
1.750537484249988884e-04
1.702148215660531920e-04
1.573501921493024129e-04
1.503866810935819713e-04
1.412126966728365963e-04
1.350504534132675736e-04
1.326491070559955349e-04
1.192448586148372411e-04
1.141334955958539060e-04
1.102103582333208186e-04
1.067013317800540940e-04
1.038652373182160455e-04
1.000691299669518398e-04
9.521237173346088997e-05
9.028429276618806074e-05
8.803494442869164171e-05
8.230559261320397101e-05
8.166013080106363886e-05
8.095578728700426581e-05
7.446281523758590008e-05
7.247608583803938299e-05
7.016909997937788388e-05
6.760890371566342667e-05
6.446497435952799557e-05
6.163390960853050318e-05
6.153738054259926698e-05
5.977937893160729520e-05
5.603619184704047498e-05
5.309862706147892592e-05
5.179185826141095552e-05
4.967663925794122228e-05
4.870203249021845792e-05
4.714847581175420381e-05
4.597478309271722845e-05
4.409074653619836473e-05
4.247085308060715011e-05
4.080106332278828811e-05
3.983298681021771526e-05
3.923966722828409301e-05
3.788353581878534018e-05
3.746068541436084465e-05
3.692461062875531080e-05
3.556093466827008607e-05
3.325352764595062210e-05
3.240948712863146665e-05
3.132590046282812419e-05
3.019158085274233153e-05
2.900374662238780276e-05
2.771815280314781488e-05
2.713217622841410486e-05
2.668408036175342929e-05
2.593353712780183492e-05
2.483652763878814787e-05
2.457722430462942425e-05
2.366792000371872423e-05
2.330955220404883424e-05
2.310147968288815852e-05
2.200238476337176480e-05
2.176085748465174678e-05
2.073575414661082178e-05
1.937875879724199583e-05
1.916060799003913245e-05
1.855358795006266967e-05
1.806179512399058704e-05
1.748859915977089968e-05
1.680838414166333929e-05
1.643122632339086780e-05
1.585306126460997127e-05
1.571367114962822343e-05
1.516304623853448598e-05
1.470403662609495392e-05
1.446446306313621869e-05
1.409539385363901289e-05
1.371271336533358625e-05
1.339054200647024735e-05
1.327633662421677365e-05
1.266218809372587206e-05
1.237017683090470125e-05
1.191418811938908627e-05
1.153828220037027192e-05
1.134398833960759991e-05
1.114653180549303754e-05
1.084925200571648304e-05
1.052061080830340714e-05
1.027602355318064730e-05
1.018294002932254400e-05
9.932075920305062362e-06
9.814042015319039217e-06
9.430040071497858558e-06
9.116103117571350015e-06
8.711739630409917289e-06
8.589585378335980699e-06
8.299423133700908390e-06
8.171130451154310796e-06
7.863998875685289310e-06
7.674572629450668849e-06
7.581753285356183109e-06
7.310787282283179824e-06
7.151616937055586733e-06
7.046395287283572598e-06
6.947932792716309878e-06
6.778698344749495329e-06
6.616859318600125530e-06
6.473729562131638912e-06
6.343375837946159123e-06
6.215298425872805751e-06
6.167904960871560534e-06
6.074138330447313783e-06
5.844495547133596316e-06
5.686614490112218895e-06
5.425417673038949773e-06
5.203349030067705876e-06
5.171370384190649627e-06
5.051978721790470917e-06
4.965076235454475093e-06
4.780046273176201075e-06
4.765504864464913739e-06
4.632560351091786371e-06
4.508881970996083394e-06
4.476305199989751792e-06
4.375069931571179014e-06
4.296282250754636519e-06
4.064949978213175812e-06
4.000199757255286530e-06
3.922833531056288442e-06
3.824030501656237653e-06
3.821956960041234136e-06
3.686294596019835029e-06
3.615000629859389216e-06
3.569080892478494405e-06
3.503440880059418778e-06
3.422811078403485231e-06
3.336021694397208518e-06
3.322144882060156170e-06
3.203185618795430659e-06
3.116197417705251244e-06
3.045451525688432086e-06
3.000463827986669797e-06
2.917496599617329540e-06
2.767710856267332685e-06
2.735455971917260827e-06
2.694475711887711576e-06
2.648359225405067805e-06
2.530749721306564114e-06
2.488832991214497253e-06
2.452463483595442576e-06
2.402830465259662155e-06
2.325622768006644363e-06
2.308250174551577991e-06
2.231059228082214738e-06
2.214283257788260992e-06
2.178105481597067416e-06
2.048968118085132700e-06
1.969541196365801651e-06
1.957730235594444335e-06
1.907060801314822161e-06
1.884972552019423858e-06
1.842375903633382093e-06
1.824066997527376543e-06
1.766966485154689664e-06
1.722155534110970272e-06
1.682354004515934325e-06
1.647737435971144949e-06
1.617018422474167829e-06
1.543843422517097214e-06
1.529605896120772643e-06
1.500932103974253047e-06
1.434548864932254414e-06
1.402482498258610969e-06
1.386053008721321988e-06
1.317564501549844843e-06
1.283944280785151058e-06
1.235246460511528725e-06
1.188761772632093236e-06
1.171224052328807294e-06
1.130730972863262039e-06
1.105026291299437775e-06
1.094405918752658793e-06
1.055778723546960641e-06
1.022560478196785612e-06
1.015633947762257728e-06
9.897262836093527217e-07
9.803749559971427080e-07
9.660330490962742655e-07
9.336585556356022573e-07
8.742821358447889782e-07
8.482692911520715116e-07
8.248602454288302599e-07
8.080554897179527946e-07
7.943898855392763518e-07
7.488567007784391509e-07
7.427671421417321524e-07
7.336905883459435183e-07
7.084873594939006385e-07
6.587943281404646531e-07
6.484072453385830301e-07
6.318706720555671169e-07
6.109572324276939646e-07
5.867129642373286222e-07
5.647142014836987185e-07
5.606890788207874897e-07
5.365416843066035662e-07
5.082464657139125641e-07
5.002396905170877518e-07
4.971330320619552115e-07
4.644360805252055479e-07
4.572942575946144532e-07
4.305873704486895336e-07
4.238280074889253908e-07
4.149848789488668885e-07
3.748797528044044057e-07
3.671253134193037262e-07
3.538978598903154061e-07
3.385559694968221701e-07
3.216875530481679925e-07
3.104892236311388174e-07
2.988470933941910241e-07
2.728938113349630545e-07
2.664889292756723573e-07
2.531340071380466977e-07
2.369565417739392960e-07
2.279091919845644536e-07
2.228429164197974088e-07
2.071778794177134395e-07
1.913714610265677491e-07
1.828129619683499042e-07
1.683681072888506298e-07
1.609698502224234701e-07
1.555841649043021002e-07
1.479754584059757120e-07
1.331731401420904940e-07
1.293945955597064955e-07
1.140652027547666550e-07
1.067667926116876145e-07
9.934903731481522704e-08
9.271328939722476343e-08
9.133791844801196571e-08
8.725319449626171072e-08
7.863453424774235971e-08
7.351040476901525468e-08
6.094377756053657772e-08
5.609862196243262986e-08
5.130018953314276006e-08
4.744560872058023328e-08
4.390826844581711527e-08
3.654652929934065777e-08
3.123862066838390219e-08
2.716868464930559133e-08
2.555198680646900423e-08
2.222741140642996597e-08
1.991055598359796087e-08
1.219603126674952036e-08
2.631954101915953639e-09
1.228938621377670295e-09
1.061079676870998504e-09
4.325388487785572759e-10
3.702666351994943092e-10
2.684134214834185002e-10
