7.597228884696960449e-01
1.907873600721359253e-01
7.390066236257553101e-02
3.362415358424186707e-02
2.622122876346111298e-02
1.263909041881561279e-02
8.800001814961433411e-03
6.660086102783679962e-03
4.164482001215219498e-03
3.768653376027941704e-03
2.733690664172172546e-03
2.234560437500476837e-03
1.851506414823234081e-03
1.712059951387345791e-03
1.356430002488195896e-03
1.311581465415656567e-03
1.089896424673497677e-03
9.634317830204963684e-04
8.970819180831313133e-04
7.850020774640142918e-04
7.594515336677432060e-04
6.456089904531836510e-04
6.067981012165546417e-04
5.405079573392868042e-04
4.686266474891453981e-04
4.150485619902610779e-04
3.786660963669419289e-04
3.660264774225652218e-04
3.386255120858550072e-04
3.154559235554188490e-04
2.895811630878597498e-04
2.635105629451572895e-04
2.523582661524415016e-04
2.457368536852300167e-04
2.277165767736732960e-04
2.184618060709908605e-04
2.031987387454137206e-04
1.833247806644067168e-04
1.807524677133187652e-04
1.672139624133706093e-04
1.586422877153381705e-04
1.440992782590910792e-04
1.356871362077072263e-04
1.281454751733690500e-04
1.213315044878982008e-04
1.148844312410801649e-04
1.104304828913882375e-04
1.002513963612727821e-04
9.369164035888388753e-05
8.774082380114123225e-05
8.241601608460769057e-05
7.939287752378731966e-05
7.768785144435241818e-05
7.471253047697246075e-05
7.242284482344985008e-05
6.650112482020631433e-05
6.425165338441729546e-05
6.233849126147106290e-05
6.033016688888892531e-05
5.848740693181753159e-05
5.495449295267462730e-05
5.088411489850841463e-05
4.864866423304192722e-05
4.655975135392509401e-05
4.539678047876805067e-05
4.369284579297527671e-05
4.186329169897362590e-05
4.000913395429961383e-05
3.946659489884041250e-05
3.699483204400166869e-05
3.528124580043368042e-05
3.387904871487990022e-05
3.229821595596149564e-05
3.132044366793707013e-05
3.070108141400851309e-05
2.933568794105667621e-05
2.802316157612949610e-05
2.742479045991785824e-05
2.582906199677381665e-05
2.441670403641182929e-05
2.392472379142418504e-05
2.320168459846172482e-05
2.288885298185050488e-05
2.171880987589247525e-05
2.137570299964863807e-05
2.081999082292895764e-05
1.957758286152966321e-05
1.858420182543341070e-05
1.839536344050429761e-05
1.792157854652032256e-05
1.679910565144382417e-05
1.594029890839010477e-05
1.536017953185364604e-05
1.521438935014884919e-05
1.506399166828487068e-05
1.429952953913016245e-05
1.389108092553215101e-05
1.349684680462814867e-05
1.285903636016882956e-05
1.271554901904892176e-05
1.245718794962158427e-05
1.222461196448421106e-05
1.160405281552812085e-05
1.106124182115308940e-05
1.088591034204000607e-05
1.067930134013295174e-05
1.014364170259796083e-05
1.011475706036435440e-05
9.722358299768529832e-06
9.490284355706535280e-06
8.992764378490392119e-06
8.896490726328920573e-06
8.507302482030354440e-06
8.270510988950263709e-06
8.009825251065194607e-06
7.825322427379433066e-06
7.630819709447678179e-06
7.437045496772043407e-06
7.122282113414257765e-06
6.882428351673297584e-06
6.626193226111354306e-06
6.389761892933165655e-06
6.301561825239332393e-06
6.106009095674380660e-06
6.005444902257295325e-06
5.852326466992963105e-06
5.608168976323213428e-06
5.361390321922954172e-06
5.269445864541921765e-06
5.184293513593729585e-06
5.083330052002565935e-06
4.903828539681853727e-06
4.779267328558489680e-06
4.675760465033818036e-06
4.537432687357068062e-06
4.416113824845524505e-06
4.294588052289327607e-06
4.186716523690847680e-06
3.970459147240035236e-06
3.952380211558192968e-06
3.746739821508526802e-06
3.651596216514008120e-06
3.494690417937817983e-06
3.434435711824335158e-06
3.296978547950857319e-06
3.249823294027009979e-06
3.184070010320283473e-06
3.080293026869185269e-06
3.010020918736699969e-06
2.979424152727006003e-06
2.938156058007734828e-06
2.848125632226583548e-06
2.769884304143488407e-06
2.643318339323741384e-06
2.578558678578701802e-06
2.551640591264003888e-06
2.527538981667021289e-06
2.434663429085048847e-06
2.400299536020611413e-06
2.315055553481215611e-06
2.191363364545395598e-06
2.176101133954944089e-06
2.109835349983768538e-06
2.071144990622997284e-06
2.003731424338184297e-06
1.971036908798851073e-06
1.922425326483789831e-06
1.915343318614759482e-06
1.820076022340799682e-06
1.761400767463783268e-06
1.748459794725931715e-06
1.723638888506684452e-06
1.681785079199471511e-06
1.633594820305006579e-06
1.590373926774191204e-06
1.563295086270954926e-06
1.518107296760717873e-06
1.485106736254238058e-06
1.474575128668220714e-06
1.428146788384765387e-06
1.406918158863845747e-06
1.339007212664000690e-06
1.307162960983987432e-06
1.281884692616586108e-06
1.226808308274485171e-06
1.204939962917705998e-06
1.161620161838072818e-06
1.155731638391443994e-06
1.132774968937155791e-06
1.095725451705220621e-06
1.072597797246999107e-06
1.057133090398565400e-06
1.030731368700799067e-06
1.008253775580669753e-06
9.842138979365699925e-07
9.572586350259371102e-07
9.360177273265435360e-07
9.140890711023530457e-07
8.878043900040211156e-07
8.597328928772185463e-07
8.556210673305031378e-07
8.102169317680818494e-07
7.759935556350683328e-07
7.643973845006257761e-07
7.552155238954583183e-07
7.421049872391449753e-07
7.238930948005872779e-07
7.039135994091338944e-07
6.920937494214740582e-07
6.773284439987037331e-07
6.560877068295667414e-07
6.292921739259327296e-07
6.255481821426656097e-07
6.012149924572440796e-07
5.925940627093950752e-07
5.918284387007588521e-07
5.753908567385224160e-07
5.611721007880987599e-07
5.342073450265161227e-07
5.314490749697142746e-07
5.159211013960884884e-07
4.827604698220966384e-07
4.798104669134772848e-07
4.484397777559934184e-07
4.469465295642294222e-07
4.382334566344070481e-07
4.299194813484064071e-07
3.884115358232520521e-07
3.857220747249812121e-07
3.743274135104002198e-07
3.732846778348175576e-07
3.573026958747504978e-07
3.522609404171817005e-07
3.442058869040920399e-07
3.325326645153836580e-07
3.144177753711119294e-07
3.114050741714891046e-07
2.976094890527747339e-07
2.882713943108683452e-07
2.710111743908782955e-07
2.599024924165860284e-07
2.561255882937985007e-07
2.511961838536080904e-07
2.456492609326232923e-07
2.332993602749411366e-07
2.283101991906733019e-07
2.191715537946947734e-07
2.161451959636906395e-07
1.999065233349028858e-07
1.917074285984199378e-07
1.828531708270020317e-07
1.754567904299619840e-07
1.732674519416832482e-07
1.658547432725754334e-07
1.577909074512717780e-07
1.480790530195008614e-07
1.415690462636121083e-07
1.331281254124405677e-07
1.288386073383662733e-07
1.224617705020136782e-07
1.177320072542897833e-07
1.087237677666053060e-07
1.031984737664970453e-07
1.030206320251636498e-07
9.822594648767335457e-08
9.045667326290640631e-08
8.514229676848117379e-08
7.880876751187315676e-08
7.710065830224266392e-08
7.411178160054987529e-08
6.629164772675721906e-08
6.407406516473201918e-08
5.817971526766996249e-08
5.421346926937076205e-08
5.206381459288422775e-08
4.828008570711972425e-08
4.692517663329454081e-08
4.041226375761652889e-08
3.938064097042115463e-08
3.586001540156757983e-08
3.220379696244890511e-08
2.993978043264178268e-08
2.521354325324409729e-08
2.427356271539338195e-08
2.308450852694932109e-08
1.775694791206205991e-08
1.705942587193476356e-08
1.448511888213488419e-08
1.346488698317216404e-08
1.113425263099543372e-08
1.076982947267879354e-08
7.566096194011606713e-09
5.162045901840883744e-09
4.642313200520220562e-09
4.108473117270250441e-09
2.389901609944899974e-09
2.219967543126699638e-09
