3.825035859359181539e-03 1.701650615755275972e-02
5.320019569154839194e-03 1.478716452675597065e-02
6.902336748644564111e-03 1.344669870544749207e-02
4.070474131478121933e-03 2.012686606623465338e-02
4.687126777307545379e-03 1.663252775925230798e-02
6.090642499243267664e-03 1.618782699688127782e-02
8.123564198140321643e-03 1.543681324952118558e-02
6.492844663051892257e-03 1.786481466378466582e-02
7.392853805838556919e-03 1.737558944491279789e-02
2.798569364050023951e-03 1.831904528948508429e-02
4.791529934419089948e-03 1.915862128432479355e-02
2.395764967209544974e-03 1.947972646159602805e-02
4.962554262825787273e-03 1.605552910967973992e-02
3.362994729838757798e-04 1.981447624619261591e-02
5.338588629344519221e-03 2.051192823162508241e-02
3.362994729838757798e-04 1.981447624619261591e-02
3.668594135084811240e-03 1.250806323394709069e-02
4.349198704044705648e-03 1.049855516028825458e-02
4.464684242701518618e-03 2.019906139634028777e-02
6.074372866100015249e-03 1.624371784433839561e-02
3.190416931629928756e-03 2.231136426093814629e-02
5.717091040725886739e-03 5.717091040725886739e-03
1.681497364919378899e-04 1.552624481225911394e-02
3.312165688237162734e-03 2.048760005578652635e-02
2.527844824628608031e-03 2.066180864214536145e-02
3.507040809401002716e-03 1.849334739294476032e-02
4.152992134378291796e-03 1.747899320113607824e-02
4.455174787298508618e-03 1.001576945035833471e-02
2.211664477636539599e-03 1.635156485754548847e-02
5.022022085078764464e-03 1.638480261360309581e-02
3.808508012545604692e-03 1.824088817244732055e-02
2.377996378563606303e-04 1.769076162684544290e-02
1.723022071141967152e-03 1.939605054508524926e-02
4.118810547886961044e-04 1.977171376400837025e-02
4.601899181625864095e-03 1.352370709576646360e-02
5.388667822118046145e-03 1.002750354780418754e-02
1.894951293055610999e-03 2.188656566381976670e-02
5.949745038289438667e-03 1.422778088471093709e-02
2.218047360973524409e-03 2.064912172898134002e-02
5.245085973316912335e-03 1.501629898279302835e-02
4.129094735051716362e-03 1.131264041000456730e-02
7.990209378123438663e-03 1.362544623556491072e-02
5.947368467378449063e-03 2.267292853479399226e-02
5.484878417137053520e-03 2.026766214110087977e-02
5.533633850783743410e-03 1.404805481051862176e-02
4.521320979194994732e-03 2.154402748433500991e-02
5.942612474240842671e-03 1.879780610561492329e-02
2.732109833979839975e-03 2.076208701888574912e-02
4.183516782940967238e-03 1.113050193721210578e-02
3.921892098461612734e-03 1.191749273851628807e-02
7.249964599031558966e-03 7.249964599031558966e-03
4.911008735647783702e-03 4.911008735647783702e-03
3.022020821236268487e-03 1.351492455411032988e-02
6.757443985704035885e-03 1.762206557861877021e-02
3.657015166270403701e-03 2.043246515826645932e-02
6.751164804556375118e-03 1.695127942944590904e-02
1.396756613687317409e-03 1.928130492596985199e-02
3.996873608647651122e-03 2.362995947905644628e-02
2.459818580874195866e-03 2.117212790566770295e-02
1.446478726871156537e-03 2.296315862108633601e-02
4.567981874432449664e-03 1.726784472783316968e-02
6.540570859178287434e-03 1.541542156351153464e-02
1.894951293055610999e-03 2.070192251001073958e-02
5.052892586996506757e-03 1.874236157832286781e-02
2.912438868833548992e-04 1.977478285613950074e-02
4.339436180613469828e-03 1.418519903493999784e-02
4.448823857787099893e-04 1.990696370648810040e-02
4.263847638732431826e-03 1.683972578393054878e-02
4.270473668586278679e-03 1.081483562538921445e-02
4.965402213856668322e-03 1.990283648179191553e-02
6.486309337124965962e-03 1.788580330712334632e-02
7.519884823893001466e-04 1.598030413289282595e-02
5.231592032839934084e-03 1.857326153659914422e-02
1.723022071141967152e-03 1.419882532484146795e-02
3.494926642600258791e-03 1.814996428099309791e-02
1.681497364919378899e-04 1.844555799611305447e-02
4.755992757127212606e-04 1.982463754154555058e-02
5.317361552716549011e-04 1.875763447237736858e-02
3.362994729838757798e-04 1.363090826747693531e-02
4.844346924231970712e-03 1.604042726034213620e-02
2.499725542532638990e-03 1.858861375002810248e-02
6.006500647950117726e-03 1.167869027416817800e-02
4.169977858168974309e-03 1.851524023925047585e-02
1.795347894582865556e-03 1.929612630739447124e-02
3.159246723580602656e-03 2.066599300644216333e-02
1.681497364919378899e-04 1.966240867297966086e-02
0.000000000000000000e+00 1.332600106675778731e-02
5.474558787267393666e-03 2.226867929143264146e-02
3.375582402278187559e-03 1.905675779023028454e-02
3.362994729838757798e-04 1.970692061029593461e-02
1.200829308435513937e-03 2.031631272926545662e-02
5.149885938698549326e-03 1.559289445907190326e-02
5.309379519365818936e-03 1.896829162216040476e-02
2.621194981950193768e-03 2.077243198688927261e-02
3.871097642481174592e-03 1.204755865011792118e-02
3.234424761291257965e-03 1.790371134581947646e-02
4.956853451911381360e-03 1.606864591169225934e-02
4.908129222802364022e-03 1.898138398246474248e-02
5.412227813208829626e-03 1.607302866661506138e-02
7.977814586030165106e-03 7.977814586030165106e-03
