4.248534983584097979e-01
7.920086413792298830e-02
2.696019001321637784e-02
1.363019584089580384e-02
9.607396392684602535e-03
7.809478447561557166e-03
3.929117656230034054e-03
3.522882124921762354e-03
3.410996078394208132e-03
3.113304105802064056e-03
2.751732819150515003e-03
1.694120405413894644e-03
1.374335308932268405e-03
1.159797649184443136e-03
1.112013227203898294e-03
9.937720223001391372e-04
8.795070280919770620e-04
7.237216701468257053e-04
6.487926808241451394e-04
6.116891903732818133e-04
5.843072693998136021e-04
4.763744233739070078e-04
4.271237031128688813e-04
4.047005892175763934e-04
3.826327349526677268e-04
3.593037131135851082e-04
3.203915299960791445e-04
2.802670089624091079e-04
2.703381695695393581e-04
2.429266482915619244e-04
2.296715817156132916e-04
2.115552371781696177e-04
1.967521951514861330e-04
1.882430957787601603e-04
1.799805834617388789e-04
1.772798069316113142e-04
1.688924901149906066e-04
1.620994124978269600e-04
1.438570860126588027e-04
1.372382916029557065e-04
1.274793355096870938e-04
1.210656872737574298e-04
1.147872365967283987e-04
1.127720638627227649e-04
1.090619743886720480e-04
1.039928367934821792e-04
1.001402287711418280e-04
9.686899915327345882e-05
9.171758348901802376e-05
8.921527402892528915e-05
8.469658446647237505e-05
7.932037441577315855e-05
7.648717088795999334e-05
7.582874982436624593e-05
7.410764897012254158e-05
7.124492371607815276e-05
6.929057339138871359e-05
6.678479883881489724e-05
6.313352843348281015e-05
6.145442389462119819e-05
5.925639416407837371e-05
5.774954557879671146e-05
5.480379815077773272e-05
5.265294310276258903e-05
5.024996435970236310e-05
4.920898682736665590e-05
4.687281274884215281e-05
4.657051578292772362e-05
4.609907522575634270e-05
4.485804400308809594e-05
4.389497085950685279e-05
4.196355219752980571e-05
4.142793566424198291e-05
3.967579183267951238e-05
3.705165254857146085e-05
3.633062171469905684e-05
3.567381200902578999e-05
3.519955861631605243e-05
3.409687037099110680e-05
3.263980349550730847e-05
3.198692553696294918e-05
3.113097616925738793e-05
2.956835735901488968e-05
2.922519944559120246e-05
2.725875931436717969e-05
2.685418967615277905e-05
2.669263943701038531e-05
2.625595600391112075e-05
2.460386958660379942e-05
2.423237730968195980e-05
2.383868132755784982e-05
2.332052496676548304e-05
2.266290398653909513e-05
2.191042690774761901e-05
2.139221423476286551e-05
2.074578196020506864e-05
1.999380974947409409e-05
1.927932470380182314e-05
1.886508743357912792e-05
1.846238881588026313e-05
1.772475480764639389e-05
1.722451714775734958e-05
1.672317177638335222e-05
1.649324963307720267e-05
1.592694625357626097e-05
1.550098055223907937e-05
1.496000675819151592e-05
1.468373711644847946e-05
1.426608979595993399e-05
1.417892150728507072e-05
1.345153439218772295e-05
1.287413015689941244e-05
1.262860753959105707e-05
1.223143325660540393e-05
1.176355667202717861e-05
1.160002999839922577e-05
1.144521109925802979e-05
1.125910184498245979e-05
1.102933904760026291e-05
1.075239192043200552e-05
1.042073892527657456e-05
1.005183264296137528e-05
9.918404039046286666e-06
9.651457124979213019e-06
9.548989577463662618e-06
9.258697020548387513e-06
9.075197246064930492e-06
8.726979815543757659e-06
8.556519274550177101e-06
8.502077055044403769e-06
8.235048711784641475e-06
7.830116152722495324e-06
7.790094701400401272e-06
7.688449329744781303e-06
7.455677216798137098e-06
7.365004580320895776e-06
7.079479857938207394e-06
6.835670646006383318e-06
6.733589473590979579e-06
6.578435373728410934e-06
6.468431514497201933e-06
6.396500937048457049e-06
6.136171599948561497e-06
6.067885314450840747e-06
5.765279178097608850e-06
5.603876720633582422e-06
5.552660948693316383e-06
5.434060189133798694e-06
5.221791620303535330e-06
5.121700260063006665e-06
4.925930354105839650e-06
4.863625095475815237e-06
4.788120276430294662e-06
4.618642838960378544e-06
4.500425912388543449e-06
4.476379600233275141e-06
4.333075453208934933e-06
4.290851178518677664e-06
4.189629994029146239e-06
4.085267313156750216e-06
4.064741879675545410e-06
3.876384062306361498e-06
3.813306052716835000e-06
3.753658186813020228e-06
3.698370190651434084e-06
3.640337848584945893e-06
3.588634743691557264e-06
3.421505500833877068e-06
3.368368150965355501e-06
3.228853270458207358e-06
3.196620081279754146e-06
3.116704215154546131e-06
3.072872878680838225e-06
3.060434435068080310e-06
2.909291262402619005e-06
2.798197937692282764e-06
2.681819912062381555e-06
2.610718488872190662e-06
2.575424608568876065e-06
2.518141524689918862e-06
2.492887325131974471e-06
2.436844865660280520e-06
2.404894746481407623e-06
2.337487128931798882e-06
2.296101148662935268e-06
2.260149459368556868e-06
2.208224725014822333e-06
2.173262334491117289e-06
2.118261200055491645e-06
2.088846386306961497e-06
2.024681882067650821e-06
1.996539966794880909e-06
1.959156777965614208e-06
1.910365634824761080e-06
1.890184194711347132e-06
1.789938225424103116e-06
1.768540965956321730e-06
1.709410452740430784e-06
1.699709164621217778e-06
1.622579441629224988e-06
1.595945318602184207e-06
1.561301572490646134e-06
1.529087810526905037e-06
1.507779210738633018e-06
1.438837776283150532e-06
1.419211302979133690e-06
1.392475354953518720e-06
1.328324635264968586e-06
1.314259886533214467e-06
1.277160190212741679e-06
1.252727284130387768e-06
1.207711552211588696e-06
1.167510156940732195e-06
1.125331673044677454e-06
1.101753584595671003e-06
1.071961238590015056e-06
1.044336399122961768e-06
1.023751810158923862e-06
9.937273444130490445e-07
9.674551211452108736e-07
9.589635131834384747e-07
9.355455875164352095e-07
9.073091415987646229e-07
9.017128515079988099e-07
8.341229495935731718e-07
8.247432475297126849e-07
8.018083011598418228e-07
7.898328802908211299e-07
7.769453246844811942e-07
7.498368597954764714e-07
7.238036859215737354e-07
7.168264732281308125e-07
7.022083551177107404e-07
6.609356135656665046e-07
6.289071340836561149e-07
5.811925825026488599e-07
5.731427363799206219e-07
5.664698221675266055e-07
5.502256578502155077e-07
5.354445026669800616e-07
5.223055440739265529e-07
4.892886827901233903e-07
4.646819272723884364e-07
4.427302802253869485e-07
4.342916372337216047e-07
4.123753898862361136e-07
3.919399868181944432e-07
3.744312412401495639e-07
3.656137208000958316e-07
3.451391118250569786e-07
3.378796725448490001e-07
3.330704552081182319e-07
3.050973381410975084e-07
2.821190139391503287e-07
2.717095104099262122e-07
2.669822055032929257e-07
2.574823164799313400e-07
2.500683087057003303e-07
2.353933575033579781e-07
2.185802520577335309e-07
2.123985396673697055e-07
2.049661398423451345e-07
1.905893194016893934e-07
1.764895184513393215e-07
1.634578333709770151e-07
1.600285216095999963e-07
1.520235799149060878e-07
1.394281937787466150e-07
1.306547188757724414e-07
1.196692210060927795e-07
1.143113624363812232e-07
1.050463046754632911e-07
9.897758363721113103e-08
9.621705274139081008e-08
8.189991465457311657e-08
7.738480047793670287e-08
6.904769752983473559e-08
5.955474112893593731e-08
5.745270651415801585e-08
5.246454216286322672e-08
5.043631264825623414e-08
4.578787657046640610e-08
4.279945563984524836e-08
3.921492591379251405e-08
3.170670040460469386e-08
2.726994678281074177e-08
2.589275523748072521e-08
2.116775410832712868e-08
1.997510224484396374e-08
1.420185205904462811e-08
8.327781172939793695e-09
3.419164875226932360e-09
2.373168813034952404e-09
1.174377936179307093e-09
3.989106714919659812e-10
3.369208164575230229e-10
2.778819506603595592e-10
