6.689747571945190430e-01
1.249690875411033630e-01
4.975254833698272705e-02
2.008404396474361420e-02
1.288005895912647247e-02
1.026517711579799652e-02
5.145621951669454575e-03
4.719480406492948532e-03
4.197981208562850952e-03
3.470358438789844513e-03
3.066592616960406303e-03
2.005294431000947952e-03
1.810274785384535789e-03
1.305157085880637169e-03
1.191523508168756962e-03
9.397816029377281666e-04
8.710785768926143646e-04
7.483627414330840111e-04
6.847046897746622562e-04
6.291230674833059311e-04
5.634767003357410431e-04
5.268882378004491329e-04
4.673631337936967611e-04
4.240549751557409763e-04
4.000629414804279804e-04
3.671068698167800903e-04
3.329014871269464493e-04
2.928049361798912287e-04
2.802922972477972507e-04
2.403573162155225873e-04
2.355151955271139741e-04
2.037343219853937626e-04
1.982140965992584825e-04
1.900423812912777066e-04
1.593124179635196924e-04
1.544535480206832290e-04
1.420463522663339972e-04
1.302050950471311808e-04
1.225775922648608685e-04
1.147799994214437902e-04
1.069221834768541157e-04
1.052582010743208230e-04
1.004241275950334966e-04
9.293877519667148590e-05
9.117340232478454709e-05
8.524386794306337833e-05
8.316338062286376953e-05
8.036465442273765802e-05
7.358488801401108503e-05
7.208355236798524857e-05
6.847119220765307546e-05
6.350695912260562181e-05
6.132321868790313601e-05
5.996158142806962132e-05
5.879504169570282102e-05
5.669666643370874226e-05
5.438928201328963041e-05
5.304097066982649267e-05
4.755154441227205098e-05
4.722767334897071123e-05
4.411769259604625404e-05
4.266027099220082164e-05
4.153370900894515216e-05
4.003960566478781402e-05
3.792261850321665406e-05
3.682052192743867636e-05
3.499415834085084498e-05
3.312759508844465017e-05
3.150282645947299898e-05
3.018503048224374652e-05
2.850822784239426255e-05
2.787069024634547532e-05
2.700531695154495537e-05
2.531127756810747087e-05
2.508239049348048866e-05
2.469551691319793463e-05
2.353866693738382310e-05
2.277907515235710889e-05
2.235491774627007544e-05
2.167700222344137728e-05
2.136101466021500528e-05
1.992722172872163355e-05
1.907183104776777327e-05
1.849400723585858941e-05
1.828319000196643174e-05
1.790125315892510116e-05
1.765584602253511548e-05
1.674925806582905352e-05
1.642704046389553696e-05
1.542777317808941007e-05
1.505004456703318283e-05
1.487027293478604406e-05
1.446296846552286297e-05
1.348788919131038710e-05
1.338156926067313179e-05
1.285568669118219987e-05
1.264749789697816595e-05
1.238645199919119477e-05
1.204810268973233178e-05
1.169166171166580170e-05
1.128484836954157799e-05
1.090078148990869522e-05
1.041472660290310159e-05
1.009814877761527896e-05
9.742141628521494567e-06
9.489442163612693548e-06
9.403178410138934851e-06
9.128437341132666916e-06
8.886270734365098178e-06
8.602990419603884220e-06
8.093726137303747237e-06
7.883985745138488710e-06
7.728419404884334654e-06
7.455173090420430526e-06
7.326657851081108674e-06
7.082286629156442359e-06
6.938315436855191365e-06
6.678726549580460414e-06
6.601813311135629192e-06
6.468118954217061400e-06
6.163169928186107427e-06
5.962023351457901299e-06
5.812620202050311491e-06
5.695693289453629404e-06
5.609939762507565320e-06
5.351319032342871651e-06
5.251841685094404966e-06
5.179191248316783458e-06
5.075274202681612223e-06
4.822295068152016029e-06
4.776356490765465423e-06
4.673514922615140676e-06
4.516840817814227194e-06
4.337802238296717405e-06
4.241427632223349065e-06
4.196147074253531173e-06
4.095001713722012937e-06
3.887653747369768098e-06
3.808616384048946202e-06
3.703874426719266921e-06
3.650386815934325568e-06
3.613644594224751927e-06
3.419714175834087655e-06
3.397798764126491733e-06
3.379997906449716538e-06
3.278506255810498260e-06
3.139641876259702258e-06
2.936156533905887045e-06
2.878445229725912213e-06
2.850230430340161547e-06
2.789243808365426958e-06
2.762139956757891923e-06
2.715290747801191173e-06
2.676886879271478392e-06
2.624917215143796057e-06
2.564720944064902142e-06
2.422151737846434116e-06
2.362315854043117724e-06
2.285050186401349492e-06
2.245376435894286260e-06
2.198394668084802106e-06
2.140683363904827274e-06
2.089203690047725104e-06
2.059608959825709462e-06
1.953875425897422247e-06
1.939754611157695763e-06
1.860462703007215168e-06
1.840320237533887848e-06
1.805641772989474703e-06
1.771065512912173290e-06
1.724105914036044851e-06
1.660835778238833882e-06
1.579615513946919236e-06
1.565101001688162796e-06
1.550817614770494401e-06
1.538891524432983715e-06
1.451074695069110021e-06
1.390794750477652997e-06
1.338384095106448513e-06
1.300133703807659913e-06
1.278022068618156482e-06
1.267830498363764491e-06
1.230053612744086422e-06
1.200429665004776325e-06
1.180251388177566696e-06
1.169849952020740602e-06
1.141388452197134029e-06
1.120441652346926276e-06
1.098892084883118514e-06
1.081546429304580670e-06
1.042282747221179307e-06
1.013739733934926335e-06
9.862842489383183420e-07
9.488822456660273019e-07
9.345687317363626789e-07
8.966941322796628810e-07
8.935855362324218731e-07
8.563936830796592403e-07
8.404934419559140224e-07
8.318818913721770514e-07
8.066685381891147699e-07
7.890519668762863148e-07
7.646614790246530902e-07
7.486443109883111902e-07
7.373533890131511725e-07
7.188581889749912079e-07
7.092791634022432845e-07
6.753019192728970665e-07
6.600735673600865994e-07
6.399397420864261221e-07
6.295706498349318281e-07
6.085218728912877850e-07
5.953558002147474326e-07
5.658050667989300564e-07
5.579881303674483206e-07
5.545122689909476321e-07
5.327008807398669887e-07
5.246064347375067882e-07
5.120711534800648224e-07
4.988692694496421609e-07
4.823574499823735096e-07
4.726837516955129104e-07
4.609603081462410046e-07
4.460594880129065132e-07
4.318266633163148072e-07
4.196093925656896317e-07
4.041186230097082444e-07
4.026787507882545469e-07
3.859496189306810265e-07
3.676728965729125775e-07
3.559731567293056287e-07
3.526503746797970962e-07
3.374780419562739553e-07
3.278134670381405158e-07
3.131032997316651745e-07
3.043134029212524183e-07
2.909867191647208529e-07
2.874818960663105827e-07
2.673352241799875628e-07
2.591149552699789638e-07
2.529061191580694867e-07
2.461852375290618511e-07
2.370295533182797953e-07
2.283308333517197752e-07
2.201815050284494646e-07
2.062549100401156466e-07
2.042905862253974192e-07
1.941422311801943579e-07
1.869000669785236823e-07
1.816524672904051840e-07
1.777815725745313102e-07
1.694375555416627321e-07
1.676625913660245715e-07
1.438591397118216264e-07
1.394114548247671337e-07
1.369324706956831506e-07
1.345003823871593340e-07
1.293514486633284832e-07
1.170365493408098700e-07
1.164977518897103437e-07
1.064488870383684116e-07
1.018260746832311270e-07
9.524663369120389689e-08
9.458494076852730359e-08
8.708710907967542880e-08
8.466469836321266484e-08
7.501715515445539495e-08
7.433331461470515933e-08
6.805351659977532108e-08
6.091281079534383025e-08
6.002872510180168319e-08
5.853160445212779450e-08
5.188169538428155647e-08
4.942147668884899758e-08
4.674825149209027586e-08
4.143018728086644842e-08
3.981817187082015153e-08
3.407917859021836193e-08
3.178717378204964916e-08
2.983199109962697548e-08
2.824709000037728401e-08
2.602337190182879567e-08
2.147656807949260838e-08
2.083889327764154586e-08
1.874575161764369113e-08
1.709247854364548402e-08
1.637737589987864339e-08
1.326821497116270621e-08
1.291345430587398369e-08
1.035920416114777254e-08
9.112560483970355563e-09
7.002652235854611718e-09
5.380415668554405784e-09
4.287747934483832069e-09
3.441776197377066637e-09
2.824977585191845719e-09
2.474279225950226646e-09
