3.799943365859952647e-03 1.703740003778934919e-02
5.579430222202017876e-03 1.387007542223281376e-02
6.900288273529367640e-03 1.346059267041553251e-02
4.183516782940967238e-03 2.002376141941738380e-02
4.956853451911381360e-03 1.606864591169225934e-02
5.594612373320881696e-03 1.762714361994521112e-02
8.111373184864018038e-03 1.552393375423571573e-02
6.692275014490670082e-03 1.717521870360815689e-02
7.300487611670253979e-03 1.777346178480052052e-02
2.818703216184454546e-03 1.831223385059414788e-02
5.149885938698549326e-03 1.856962322111516128e-02
2.413402738822403252e-03 1.947901082254496416e-02
4.850179975019522187e-03 1.630452347087102752e-02
3.759942411946500733e-04 1.984880734177706108e-02
5.335939862806204567e-03 2.051616235934063115e-02
4.448823857787099893e-04 1.990696370648810040e-02
3.563029036249403762e-03 1.271601016918688827e-02
4.384808666289732176e-03 1.034437751699075411e-02
4.533810839948884848e-03 2.012144621333227315e-02
6.039361779871901467e-03 1.636163782049093740e-02
3.185982715544549357e-03 2.231239239243721501e-02
5.820021648671519152e-03 5.820021648671519152e-03
1.681497364919378899e-04 1.552624481225911394e-02
3.295048438309568836e-03 2.049479341161115561e-02
2.093447336752888611e-03 2.063189358135408130e-02
3.454239264777996844e-03 1.853088841742375412e-02
3.466495622380180806e-03 1.817134416596577831e-02
4.407319749819122411e-03 1.024290184410630786e-02
2.243397296746799281e-03 1.634631121419582306e-02
4.988127285508175447e-03 1.646069568309310033e-02
3.771205370011158128e-03 1.827578398028000678e-02
2.912438868833548992e-04 1.773821960850752513e-02
1.887476110887453210e-03 1.943594065681191613e-02
5.317361552716549011e-04 1.986997395235012148e-02
4.505659965809364308e-03 1.378333141718162541e-02
5.644924648333339220e-03 6.436607081170651369e-03
1.879971205973250637e-03 2.188203324631430788e-02
5.810297294930433232e-03 1.479045643870921870e-02
2.146792123801516579e-03 2.064010513955759005e-02
5.089134487925649035e-03 1.545181098057731364e-02
4.135936653141151186e-03 1.129034003482330337e-02
7.967175130859229654e-03 1.383844919152730363e-02
5.956869062040621825e-03 2.265742827830963604e-02
5.422666063625941786e-03 2.037408015143700804e-02
5.378163586355590858e-03 1.459936664066666633e-02
4.486794593493598562e-03 2.157686951140529164e-02
5.589556238195523934e-03 1.956598406773596768e-02
2.690395783871006238e-03 2.076666310191713910e-02
4.152992134378291796e-03 1.123401508004462368e-02
3.889314673182777370e-03 1.200164558474156248e-02
7.275269962529283714e-03 7.275269962529283714e-03
4.890816543730983935e-03 5.804972675153598216e-03
3.012650191479407814e-03 1.352544570283941913e-02
6.830274584949599936e-03 1.735300188455332626e-02
3.767454791887845170e-03 2.036134017318065592e-02
6.602955614459266216e-03 1.749638314814637788e-02
1.366054916989919987e-03 1.926811707219514350e-02
3.774952221774906420e-03 2.372995667284590396e-02
2.255965447167900331e-03 2.115712447099507565e-02
1.212544993754880547e-03 2.283576773111575114e-02
4.586513317154683120e-03 1.723692810664917766e-02
6.495021643720961212e-03 1.561370041563997155e-02
1.612835613809525523e-03 2.061321400190438760e-02
5.086355817509422873e-03 1.868394813992567405e-02
2.912438868833548992e-04 1.977478285613950074e-02
4.253889242173239209e-03 1.437174353523608047e-02
5.824877737667097984e-04 2.001771371902223359e-02
4.423328955273079198e-03 1.658538526057386567e-02
4.105058220519613825e-03 1.138968387810933638e-02
5.022022085078764464e-03 1.981893174033443755e-02
6.514581733108005049e-03 1.779432012174195915e-02
8.407486824596892326e-04 1.603472761362181864e-02
5.207214821104801279e-03 1.861916577430053690e-02
1.604046253475890482e-03 1.419652622523603740e-02
3.523128236998090794e-03 1.812818508987031757e-02
0.000000000000000000e+00 1.828312262845219541e-02
4.755992757127212606e-04 1.982463754154555058e-02
6.725989459677515596e-04 1.886407627235745302e-02
6.062724968774402734e-04 1.382997620556747874e-02
4.939711544253564367e-03 1.582354556878453125e-02
2.626582849879894026e-03 1.856543963183686710e-02
6.020605952652857695e-03 1.158120061571268726e-02
4.250564592003619815e-03 1.841998462905406961e-02
1.864870791106960565e-03 1.931184651273112896e-02
3.159246723580602656e-03 2.066599300644216333e-02
0.000000000000000000e+00 1.949961671010448302e-02
0.000000000000000000e+00 1.332600106675778731e-02
5.435685688761998820e-03 2.232284912377201572e-02
3.408922296801240263e-03 1.903671480510130132e-02
3.759942411946500733e-04 1.974122191574385204e-02
1.050094767823370103e-03 2.023104236458920721e-02
5.013569868005424320e-03 1.593572737035611753e-02
5.263919376725101351e-03 1.905223058297849520e-02
2.594087790339667104e-03 2.077407697076113710e-02
3.852794477805916891e-03 1.209288649186595829e-02
2.695645341611761434e-03 1.814866994427338440e-02
4.990960644035722336e-03 1.598936449965907697e-02
4.571075665423371751e-03 1.945947719150418684e-02
5.609753435848045464e-03 1.548729398287184734e-02
7.999051042196400965e-03 7.999051042196400965e-03
