1.415725080927580093e-01
6.957098853860106680e-02
6.340989272581254443e-02
2.593582820795427984e-02
1.636325462104085485e-02
1.202323574772544944e-02
8.702387509339309241e-03
6.378384723651766945e-03
4.977255444060384691e-03
3.992926039921692628e-03
3.156189142160019216e-03
2.136312518967127105e-03
2.055190796631755062e-03
2.031601751678093967e-03
1.635047441941157647e-03
1.477709855038448691e-03
1.400640361592032663e-03
1.225920847883302332e-03
1.176701507381431406e-03
1.014723487074407210e-03
9.268463135701467863e-04
8.153609672358784130e-04
7.729898333021913235e-04
6.624813494816175026e-04
6.005873822971437856e-04
5.519424721855006963e-04
5.172290811275388409e-04
5.044310039956104380e-04
4.905523533612844624e-04
4.698263763273989417e-04
4.371158328148582730e-04
4.068855508926846106e-04
3.871529628992105435e-04
3.382036214378711337e-04
2.990783219082152923e-04
2.962039459743016413e-04
2.832679556903003586e-04
2.585707002653700633e-04
2.526288598771231938e-04
2.171359361210228758e-04
2.150167626605869488e-04
1.949883377160163364e-04
1.907834418415487333e-04
1.810184251273525588e-04
1.759651526466357693e-04
1.630780931292994513e-04
1.526158888867435229e-04
1.422486756412889668e-04
1.374300445131012845e-04
1.347363531148130708e-04
1.287570693379949953e-04
1.236938709297283161e-04
1.150948549147780010e-04
1.109979910587224281e-04
1.045854991121810578e-04
1.026039075120892735e-04
1.011234926071782344e-04
9.750367863849342825e-05
9.272781278688917931e-05
8.998993469519848672e-05
8.518752920197364745e-05
8.469881939107355478e-05
8.427121693681441210e-05
8.181459060332685058e-05
7.866865313471814328e-05
7.697290381019660020e-05
7.167533946321080383e-05
6.893963524039369213e-05
6.738243750062874213e-05
6.621483910770453035e-05
6.475733880970382049e-05
6.117814996856380167e-05
6.029675290072324578e-05
5.755172639884808682e-05
5.484062636820395757e-05
5.367297589930529949e-05
5.233173432990563686e-05
4.977886376989776063e-05
4.796567404062936790e-05
4.769372432633356407e-05
4.569372230218105658e-05
4.464765305891562150e-05
4.308349486993504307e-05
4.233395865768057166e-05
4.125909472383389192e-05
4.077113242827946953e-05
3.885474215037956037e-05
3.734706983953326549e-05
3.642497812271985885e-05
3.597020156879999098e-05
3.465385283957191418e-05
3.415805652798607544e-05
3.337916347537058312e-05
3.234717624216891030e-05
3.134597849873715410e-05
2.975958888501726156e-05
2.938456700321750165e-05
2.893991912073813882e-05
2.777225203261047751e-05
2.700671612052783213e-05
2.628457651618282341e-05
2.510909842667363078e-05
2.428091801480339405e-05
2.377916865968282209e-05
2.352842306083223540e-05
2.276240483633760968e-05
2.225250074443217582e-05
2.179768520502289712e-05
2.132493981996348841e-05
2.034338572992430111e-05
1.954662881083598370e-05
1.906228191985852947e-05
1.873750817705386714e-05
1.802063325065314119e-05
1.702308442592277490e-05
1.629677700829117182e-05
1.609826608014601183e-05
1.571564527140462546e-05
1.519370295664462853e-05
1.494667982876174823e-05
1.437905692959319839e-05
1.426556569168664599e-05
1.385926372214380240e-05
1.354141185397734068e-05
1.321147874011352530e-05
1.294816153964707843e-05
1.274002424849118156e-05
1.227208927958129199e-05
1.185317805430207279e-05
1.167331916671577838e-05
1.122613029114295698e-05
1.077030233574753085e-05
1.060847217329611077e-05
1.019140540564243931e-05
9.921503566600910817e-06
9.814819805703587266e-06
9.389502183186830515e-06
9.149857624776061612e-06
8.927146252629025413e-06
8.847940390502686739e-06
8.550713422980494761e-06
8.493845402451182314e-06
8.123210448766291433e-06
8.076093277743407492e-06
7.944781171791990345e-06
7.714598249520354900e-06
7.517306567320677151e-06
7.167022689609002062e-06
7.030661346080093369e-06
6.924856593214361970e-06
6.886326711231879130e-06
6.584533016375793508e-06
6.246603635938598263e-06
6.183995975578053304e-06
6.024015475945347813e-06
5.896702232596785809e-06
5.843094363085190336e-06
5.693530409591095461e-06
5.410319223076678991e-06
5.303651388131202850e-06
5.182574301817768802e-06
5.072387392410191722e-06
4.927392028955203207e-06
4.840945991965336520e-06
4.797113165798173115e-06
4.704740782717083646e-06
4.599317415768068638e-06
4.412998098921370695e-06
4.365677469783013229e-06
4.260919269090649952e-06
4.196413879495665274e-06
4.167400771592104457e-06
4.020473889006797784e-06
3.949618989908153585e-06
3.823483358938453942e-06
3.738303265465830582e-06
3.595811854537609229e-06
3.468942451588141863e-06
3.405892879896673288e-06
3.372819008242165923e-06
3.349872305249953615e-06
3.210876280723793434e-06
3.174049892176995318e-06
3.098077910670976038e-06
3.066889363915384986e-06
2.920016627640186083e-06
2.903971818496423677e-06
2.816891125253881157e-06
2.682961921908685317e-06
2.653223291841786172e-06
2.573937263633625328e-06
2.501446612590067703e-06
2.389409665726659569e-06
2.335141789838723728e-06
2.270907942647638794e-06
2.240195416290978744e-06
2.171673894513458939e-06
2.142778701261236582e-06
2.110695908124133049e-06
2.032613560398068518e-06
1.983481367700450090e-06
1.914177513222417600e-06
1.864782933644232664e-06
1.848500176048953388e-06
1.782614166579954165e-06
1.684504316896194649e-06
1.657680450233910315e-06
1.632688426780130048e-06
1.579144545936228230e-06
1.494138289198915839e-06
1.438695669219716480e-06
1.409701953832030109e-06
1.381747799812494866e-06
1.329435886479065401e-06
1.283771503353161242e-06
1.260542493311529957e-06
1.237455267360072701e-06
1.200252402972728079e-06
1.186694100007767495e-06
1.154890960448615729e-06
1.131812522192091414e-06
1.073502824621871100e-06
1.052154914967637726e-06
1.009499030178239140e-06
9.867443589812753738e-07
9.129388204254465197e-07
9.061489210189941857e-07
8.794647946988166749e-07
8.657811841164581045e-07
8.437857291875257680e-07
8.183896920778334928e-07
7.809090034461845104e-07
7.729568232836026423e-07
7.481886453336637344e-07
7.431017204890934692e-07
6.975025359062499500e-07
6.642273343462565635e-07
6.350255258021504801e-07
6.034556200522032479e-07
6.004381475258897196e-07
5.792401218445997984e-07
5.437349111420830928e-07
5.198533341514297018e-07
5.013820941407094634e-07
4.772368383189248140e-07
4.449351722715904426e-07
4.377944692419315785e-07
4.240485888915444247e-07
4.102754451292714014e-07
3.946677668303278914e-07
3.586636896495853303e-07
3.373333979170936410e-07
3.334118248918919360e-07
3.126811694214854707e-07
2.892438990038489939e-07
2.801692526783455284e-07
2.599482731919748596e-07
2.308589583340615848e-07
2.178559804778129488e-07
2.139744826596762297e-07
1.954209211433357802e-07
1.864191649275048451e-07
1.824806268368192630e-07
1.716240911811875882e-07
1.578758090166515550e-07
1.404205665323109714e-07
1.260187938615320621e-07
1.153834684172085120e-07
1.025380034298814356e-07
9.989659385023191648e-08
9.466981366064911429e-08
8.391435572432898531e-08
7.693271722802061811e-08
7.258410733865184660e-08
6.685636436118307764e-08
6.467781454082669089e-08
5.707145238504794339e-08
5.273396407614700731e-08
4.569575978490148607e-08
4.040141298903886581e-08
3.654644451313789086e-08
3.370251353010964184e-08
2.394349325511873653e-08
2.205716002341330253e-08
1.952386076158511226e-08
1.460829086140131998e-08
1.132030020091767701e-08
1.090914428580166642e-08
8.472165222920305651e-09
5.474451382566577863e-09
4.291053770303449994e-09
1.523817336930297754e-09
8.517434946499882999e-10
6.119995560265302498e-10
1.859629861055463090e-10
1.111303342441593221e-10
2.445945899179913581e-12
