2.414857894182205200e-01
1.184998974204063416e-01
1.010093241930007935e-01
3.040661104023456573e-02
2.060385048389434814e-02
1.618554070591926575e-02
1.206495147198438644e-02
6.320817861706018448e-03
5.591036751866340637e-03
5.177359562367200851e-03
3.530846908688545227e-03
3.026816062629222870e-03
2.531692618504166603e-03
2.153976121917366982e-03
2.023963024839758873e-03
1.599291223101317883e-03
1.308343955315649509e-03
1.195627613924443722e-03
1.056237961165606976e-03
9.328852174803614616e-04
8.646734640933573246e-04
8.007540600374341011e-04
7.531598093919456005e-04
6.867187912575900555e-04
6.066301139071583748e-04
5.716829909943044186e-04
5.384729010984301567e-04
5.075643421150743961e-04
4.870237025897949934e-04
4.321997985243797302e-04
4.214327491354197264e-04
3.621058131102472544e-04
3.558334428817033768e-04
3.340784169267863035e-04
2.913282369263470173e-04
2.798796922434121370e-04
2.623762993607670069e-04
2.379868092248216271e-04
2.339856873732060194e-04
2.114898961735889316e-04
1.947069831658154726e-04
1.879698684206232429e-04
1.768681686371564865e-04
1.636610832065343857e-04
1.521411904832348228e-04
1.438646286260336637e-04
1.369399542454630136e-04
1.276171824429184198e-04
1.272463705390691757e-04
1.193169809994287789e-04
1.132690886151976883e-04
1.048962658387608826e-04
9.821744606597349048e-05
9.220408537657931447e-05
8.312598947668448091e-05
8.226493810070678592e-05
8.093219366855919361e-05
7.694540545344352722e-05
7.481563079636543989e-05
7.027693936834111810e-05
6.811210914747789502e-05
6.632663280470296741e-05
6.019746069796383381e-05
5.787031113868579268e-05
5.674603380612097681e-05
5.530754060600884259e-05
5.340252391761168838e-05
5.132806836627423763e-05
4.912970325676724315e-05
4.868271935265511274e-05
4.630312832887284458e-05
4.504717071540653706e-05
4.282191002857871354e-05
4.151410394115373492e-05
4.018435356556437910e-05
3.789087713812477887e-05
3.651133010862395167e-05
3.555945295374840498e-05
3.371033380972221494e-05
3.313249908387660980e-05
3.181653300998732448e-05
3.098097295151092112e-05
3.015121728822123259e-05
2.940296508313622326e-05
2.701875564525835216e-05
2.633433723531197757e-05
2.589623727544676512e-05
2.567314913903828710e-05
2.439994568703696132e-05
2.355699507461395115e-05
2.288637188030406833e-05
2.133228917955420911e-05
2.081597995129413903e-05
2.044298889813944697e-05
1.974404040083754808e-05
1.924478419823572040e-05
1.868172148533631116e-05
1.821738442231435329e-05
1.760165832820348442e-05
1.712861921987496316e-05
1.670296842348761857e-05
1.609829814697150141e-05
1.496538243372924626e-05
1.481879371567629278e-05
1.418116426066262648e-05
1.384417555527761579e-05
1.371131384075852111e-05
1.320407136518042535e-05
1.277187857340322807e-05
1.234267256222665310e-05
1.228839300893014297e-05
1.193620300909969956e-05
1.135029924625996500e-05
1.102789065043907613e-05
1.079323828889755532e-05
1.044387954607373103e-05
1.005536523734917864e-05
9.833143849391490221e-06
9.250181392417289317e-06
9.110418432101141661e-06
8.892463483789470047e-06
8.549788617528975010e-06
8.143498234858270735e-06
7.983447176229674369e-06
7.769272997393272817e-06
7.720853318460285664e-06
7.430759978888090700e-06
7.245835149660706520e-06
7.098583409970160574e-06
6.861685506009962410e-06
6.808946636738255620e-06
6.598745130759198219e-06
6.403001407306874171e-06
6.232174200704321265e-06
6.037424554961035028e-06
5.675939519278472289e-06
5.469950338010676205e-06
5.310757842380553484e-06
5.191252057556994259e-06
5.021911874791840091e-06
4.916092166240559891e-06
4.900156000076094642e-06
4.683877250499790534e-06
4.485593763092765585e-06
4.281773726688697934e-06
4.216433808323927224e-06
4.095195890840841457e-06
4.055097178934374824e-06
3.914824901585234329e-06
3.821413883997593075e-06
3.605894335123593919e-06
3.547183268892695196e-06
3.414710135984933004e-06
3.331842208353918977e-06
3.230648644603206776e-06
3.200087121513206512e-06
3.191868245266960002e-06
3.023400495294481516e-06
2.982821115438127890e-06
2.845235030690673739e-06
2.785818423944874667e-06
2.767553269222844392e-06
2.623675072754849680e-06
2.577505028966697864e-06
2.505947350073256530e-06
2.423680825813789852e-06
2.396226818746072240e-06
2.320810835954034701e-06
2.260474730064743198e-06
2.237576154584530741e-06
2.206342287536244839e-06
2.110446303049684502e-06
2.033358668995788321e-06
1.992088527913438156e-06
1.940764832397690043e-06
1.874252575362334028e-06
1.841812718339497223e-06
1.793930323401582427e-06
1.763067189131106716e-06
1.757947643454826903e-06
1.659482563809433486e-06
1.639320998947368935e-06
1.603736563993152231e-06
1.541895585432939697e-06
1.508651166659547016e-06
1.487554186496709008e-06
1.428970563210896216e-06
1.394508899466018192e-06
1.352267759102687705e-06
1.318403406003199052e-06
1.305591240452486090e-06
1.266901904273254331e-06
1.242829398506728467e-06
1.217939370690146461e-06
1.177425019704969600e-06
1.121067271014908329e-06
1.100516897167835850e-06
1.089817033061990514e-06
1.043341285367205273e-06
1.031071292345586699e-06
9.822509809964685701e-07
9.548208481646724977e-07
9.472655619902070612e-07
9.206456184074340854e-07
9.019973390422819648e-07
8.669248927617445588e-07
8.237576594183337875e-07
8.034564302761282306e-07
7.835313908799435012e-07
7.774165169394109398e-07
7.448237511198385619e-07
7.332465656872955151e-07
7.048817565191711765e-07
6.967965759940852877e-07
6.778365104764816351e-07
6.560417773471272085e-07
6.385738515746197663e-07
6.218368753252434544e-07
5.920589387642394286e-07
5.794706225970003288e-07
5.653859602716693189e-07
5.626559413940412924e-07
5.382938184084196109e-07
5.207690492170513608e-07
5.114739565215131734e-07
4.792355525751190726e-07
4.746850095216359477e-07
4.696008204518875573e-07
4.438113592186709866e-07
4.202665877528488636e-07
4.066555447934661061e-07
3.929668821456289152e-07
3.760733875424193684e-07
3.692615280215250095e-07
3.680840165998233715e-07
3.469354226126597496e-07
3.386353455425705761e-07
3.239485408812470268e-07
3.196069826572056627e-07
3.085930302404449321e-07
2.906709539729490643e-07
2.828570302426669514e-07
2.777191241420950973e-07
2.579772626631893218e-07
2.452473779612773797e-07
2.288703768726918497e-07
2.189693617538068793e-07
2.048882805638641003e-07
1.963698537110758480e-07
1.874290802561517921e-07
1.841714407646577456e-07
1.815596277765507693e-07
1.701192786640604027e-07
1.677480270245723659e-07
1.564707616807936574e-07
1.451863340662384871e-07
1.297740652717038756e-07
1.282134149960256764e-07
1.241794223005854292e-07
1.084659331240800384e-07
1.052976585924625397e-07
1.000206424350835732e-07
8.856351030317455297e-08
8.745787738462240668e-08
7.842464810892124660e-08
7.700943172039842466e-08
6.973304067514618509e-08
6.561416654449203634e-08
5.796940527602600923e-08
5.023789384495103150e-08
4.875395021031181386e-08
4.578764745133412362e-08
4.188218483136552095e-08
4.159556254990093294e-08
3.716914065421406121e-08
3.223533084906193835e-08
3.104945633936040394e-08
2.828295642132161447e-08
2.473187876717020117e-08
2.212557781433588389e-08
2.004374799469132995e-08
1.686886541563126229e-08
1.369196400702321625e-08
1.247285208449966376e-08
1.228085277915624829e-08
1.055627585344609543e-08
8.807309548330977123e-09
7.332895624045931982e-09
6.021200871231258134e-09
5.321833196347824924e-09
4.575664735995133015e-09
3.206249710174802203e-09
2.788283159915749820e-09
1.402755356316731650e-09
1.368317237293581456e-09
6.505270211398794800e-10
1.372554587347751820e-11
