4.972151646327621632e-02
2.919172666314230960e-02
7.891953444805702850e-03
6.351697077908052304e-03
3.391751515541179766e-03
1.793667163381626028e-03
1.420660703859412833e-03
1.015297427608598561e-03
6.959517210689355636e-04
4.761023672998838702e-04
3.975686236951111812e-04
3.658890763003410382e-04
3.158711826488512422e-04
1.863597172638917904e-04
1.346450737990568679e-04
1.314451383485921575e-04
1.009837603013181382e-04
9.374489941555937990e-05
7.467954988785094610e-05
7.084845478160692832e-05
6.270372283280166979e-05
5.390280818273464293e-05
5.321167925465250704e-05
4.533698926516512750e-05
4.300813282198398069e-05
4.023800087521449572e-05
3.630896254225680838e-05
2.954752571564027455e-05
2.865861240330567103e-05
2.846033562871051848e-05
2.595306854505139319e-05
2.348550892081272137e-05
2.311387919328610667e-05
2.141950387852903598e-05
2.037524769055506509e-05
1.965791188160491247e-05
1.794620148254392336e-05
1.733100359298735843e-05
1.521028508890672250e-05
1.400962440307269596e-05
1.377144352053530818e-05
1.368841291797315980e-05
1.269228622055749337e-05
1.201283849436380539e-05
1.155153115818713077e-05
1.064336323529737481e-05
1.005793554879028139e-05
9.340451818037231440e-06
8.362288342359712684e-06
8.040510076114535851e-06
7.919746441427217976e-06
7.542833015020205154e-06
7.300795568184707033e-06
6.874661062343758163e-06
6.763710542058574500e-06
6.350429872246250425e-06
6.173532682048932273e-06
6.090358975897062211e-06
5.951424687960618980e-06
5.633016547724585116e-06
5.504537036959641395e-06
5.455712847510236380e-06
5.174301405236274407e-06
5.006850450606213766e-06
4.789182813318951998e-06
4.561996327114131361e-06
4.334952145308587174e-06
4.253636606395001362e-06
4.060315970198348035e-06
3.926861515677177314e-06
3.772963937415514625e-06
3.702593222830195313e-06
3.535884885153417585e-06
3.470537351650898788e-06
3.379793086901353100e-06
3.358428075526453624e-06
3.252589050134727240e-06
3.102304577337942336e-06
3.012957717229191477e-06
2.959187710065251258e-06
2.837841603596291710e-06
2.786129248249040074e-06
2.734156391702702243e-06
2.614926449704098956e-06
2.564664180166673068e-06
2.488367038267835884e-06
2.463920508875280324e-06
2.403103418106116529e-06
2.354153404355215767e-06
2.323081572305390005e-06
2.233989969981150928e-06
2.212942794639139337e-06
2.169478926294076859e-06
2.104237162383038916e-06
2.078312106127194858e-06
2.046930613329455820e-06
1.985209115683241544e-06
1.932173150358760502e-06
1.875092828735025842e-06
1.816144423146386946e-06
1.785732194362343338e-06
1.741523525797806008e-06
1.721618933987417145e-06
1.716801141696996126e-06
1.648599549398451853e-06
1.618780592631045869e-06
1.600625112768813488e-06
1.567809317643934000e-06
1.500846540387634191e-06
1.481260900189947085e-06
1.458075381673058750e-06
1.406513877828627392e-06
1.367934960347825226e-06
1.341077504312752186e-06
1.306209700936388271e-06
1.277582375397478650e-06
1.236426773884873676e-06
1.222430253219454047e-06
1.208217738758403551e-06
1.199224869225909399e-06
1.175012160917025647e-06
1.151120561394021540e-06
1.143913910883524847e-06
1.114681438391711341e-06
1.074676873283830706e-06
1.046970794464109925e-06
1.040259381929984317e-06
1.033790974242683655e-06
1.009582820199985303e-06
9.849239765728884355e-07
9.566509705983596430e-07
9.493746044487030601e-07
9.141670001727654020e-07
8.955153454060616819e-07
8.918991673064241561e-07
8.781696764175365507e-07
8.694899903986932227e-07
8.500037375749802762e-07
8.344196032940422657e-07
8.245148417784172970e-07
8.185217580481150956e-07
8.137710502730372168e-07
7.911977248197545092e-07
7.489924666009841009e-07
7.388269927850857218e-07
7.290133772651527145e-07
7.286672033924640782e-07
7.099425717645472100e-07
6.975338261968124283e-07
6.849589534347563634e-07
6.652700385556689192e-07
6.598486351987055063e-07
6.513103413075027579e-07
6.298091271235074184e-07
6.159958967621870853e-07
6.056286105571853577e-07
5.885558226687660845e-07
5.836207278118134474e-07
5.729730343460285984e-07
5.601577202526438776e-07
5.521408003594822219e-07
5.348919934206819017e-07
5.291681915906677009e-07
5.164782247404345320e-07
5.057282052047417498e-07
4.984083110975690255e-07
4.846160397399279992e-07
4.784743397378084051e-07
4.659498719979111892e-07
4.584182700640576831e-07
4.410333301942265427e-07
4.384602173132747812e-07
4.254205403131848807e-07
4.178122175708095234e-07
4.118512689937677131e-07
4.040399601665128841e-07
3.932263447655611963e-07
3.835008163693635480e-07
3.752277136175380733e-07
3.671638740393734110e-07
3.596764144923185946e-07
3.549875587058323566e-07
3.438710851549114071e-07
3.339895233445099040e-07
3.248544123372778960e-07
3.227772846717809605e-07
3.096565411211007048e-07
3.071464497622064395e-07
3.053013456638584422e-07
2.965633078955398593e-07
2.889475275050776260e-07
2.780325474397006627e-07
2.722379802951485106e-07
2.639490426129737591e-07
2.594397125367265695e-07
2.558405292178211992e-07
2.522597978158888314e-07
2.420525284134634486e-07
2.409225210838430821e-07
2.342751127644219374e-07
2.303729048942165372e-07
2.265713501204928688e-07
2.164729786233494214e-07
2.145359314606647949e-07
2.067445294161802963e-07
2.050084971190151251e-07
2.023778165044955051e-07
1.941325745944665939e-07
1.889530720061345379e-07
1.869388767888063448e-07
1.795715988455909654e-07
1.771140861585548016e-07
1.730510103478402361e-07
1.664260962011571314e-07
1.643046457921956080e-07
1.602004473593880050e-07
1.590014260948315247e-07
1.533268972242684675e-07
1.484902196560318635e-07
1.415771224751910060e-07
1.412840263505936054e-07
1.377377958808541090e-07
1.319855537795584826e-07
1.262579021665151431e-07
1.245592570582182451e-07
1.208498100380848769e-07
1.200220624376788654e-07
1.178467332695109224e-07
1.128089907751859232e-07
1.101587767532500900e-07
1.080993167733107883e-07
1.024624694724549951e-07
1.015879055708706751e-07
9.948709960022371735e-08
9.433832687365848707e-08
9.041548810712768735e-08
8.439620994686540244e-08
8.248972694032520056e-08
7.972690049349325788e-08
7.840400410021236850e-08
7.700824331874521324e-08
7.592383055481661666e-08
7.209682198265230516e-08
6.974680730394325162e-08
6.619386566901729061e-08
6.394039289750383690e-08
6.264400445729754014e-08
6.021110462627330689e-08
5.811748555242061037e-08
5.523679515130533430e-08
5.283824335835338966e-08
4.872877112591536075e-08
4.797602700828342398e-08
4.417075251647994031e-08
4.273802256962210223e-08
4.258661331875002084e-08
4.056394727433966944e-08
3.729671402153936084e-08
3.570119496224428970e-08
3.371648005716544274e-08
3.216230860398007829e-08
3.172786606180955745e-08
2.952970597319697511e-08
2.900249118429568653e-08
2.782009343050960427e-08
2.535026835347476476e-08
2.465588814443357324e-08
2.374380019883589539e-08
2.245889913315783800e-08
2.140036925882413692e-08
2.014311545519633374e-08
1.918668574033121480e-08
1.767213519618795910e-08
1.534134572125488978e-08
1.489581677312141055e-08
1.455601417469061517e-08
1.306218087773351009e-08
1.177836868033956762e-08
1.097378914999063233e-08
9.844228820011084373e-09
8.856934472863352482e-09
8.425071731406184084e-09
7.365618597384327946e-09
7.213074829306912809e-09
6.157201081357769050e-09
5.718823567423584152e-09
4.722888747963673681e-09
3.639832230618061537e-09
3.183725701330705304e-09
2.761016538354170252e-09
2.509263426201511204e-09
1.257557474935618847e-09
1.126013350520648318e-09
6.881616539644558584e-10
4.845451401400557485e-10
3.419043946112986930e-10
2.392291277430060712e-10
