1.007117480039596558e-01
5.275601893663406372e-02
1.205860730260610580e-02
6.620376370847225189e-03
4.649472888559103012e-03
2.838296815752983093e-03
2.138179028406739235e-03
1.186959678307175636e-03
8.672069525346159935e-04
6.583873764611780643e-04
4.456148890312761068e-04
4.121835227124392986e-04
3.087302902713418007e-04
2.395218034507706761e-04
1.705026661511510611e-04
1.433362922398373485e-04
1.019974806695245206e-04
9.674314787844195962e-05
8.465089194942265749e-05
7.465961243724450469e-05
6.634172314079478383e-05
6.099434904172085226e-05
5.661313844029791653e-05
5.078365211375057697e-05
4.758793875225819647e-05
4.156286377110518515e-05
3.435328471823595464e-05
3.215241667930968106e-05
3.018273673660587519e-05
2.636103090480901301e-05
2.525421041355002671e-05
2.247665361210238189e-05
2.172852327930741012e-05
2.050638977380003780e-05
1.768102083588019013e-05
1.642931238166056573e-05
1.543793041491881013e-05
1.465931654820451513e-05
1.452188644179841504e-05
1.401510689902352169e-05
1.278408490179572254e-05
1.251169669558294117e-05
1.087562759494176134e-05
1.038977279677055776e-05
1.001484724838519469e-05
9.499176485405769199e-06
8.060306754487100989e-06
7.712846127105876803e-06
7.246885161293903366e-06
7.018083124421536922e-06
6.271567144722212106e-06
5.867846994078718126e-06
5.658409918396500871e-06
5.445872375275939703e-06
5.119201887282542884e-06
4.867940333497244865e-06
4.745428668684326112e-06
4.647508376365294680e-06
4.472715318115660921e-06
4.169975909462664276e-06
4.003792582807363942e-06
3.725618398675578646e-06
3.650659891718532890e-06
3.346107405377551913e-06
3.184999059158144519e-06
3.144610673189163208e-06
3.014429239556193352e-06
2.829293180184322409e-06
2.703412746996036731e-06
2.621001613078988157e-06
2.523493549233535305e-06
2.443476205371553078e-06
2.330013558093924075e-06
2.280934495502151549e-06
2.261453801111201756e-06
2.141750428563682362e-06
2.030532186836353503e-06
1.950393198058009148e-06
1.902884832816198468e-06
1.886982090582023375e-06
1.858973632806737442e-06
1.774285578903800342e-06
1.732138798615778796e-06
1.678835587881621905e-06
1.631860754969238769e-06
1.569043661220348440e-06
1.493287186349334661e-06
1.470708070883119944e-06
1.422717559762531891e-06
1.385091650263348129e-06
1.346676754110376351e-06
1.308688979406724684e-06
1.245282078343734611e-06
1.202885528073238675e-06
1.188133978757832665e-06
1.160363012786547188e-06
1.138230118158389814e-06
1.102070996239490341e-06
1.060823478837846778e-06
1.022646074488875456e-06
9.981083621823927388e-07
9.783722134670824744e-07
9.677053185441764072e-07
9.302771104557905346e-07
8.980134680314222351e-07
8.893351264305238146e-07
8.610708732703642454e-07
8.283369652417604811e-07
7.996351314432104118e-07
7.781312660881667398e-07
7.592448127979878336e-07
7.446849394909804687e-07
7.296367243725399021e-07
7.125284469111647923e-07
7.020328780527052004e-07
6.972729806875577196e-07
6.878182148284395225e-07
6.772799565624154638e-07
6.638643412770761643e-07
6.333537498903751839e-07
6.166058028611587361e-07
6.048265390745655168e-07
5.915727001593040768e-07
5.710007258130644914e-07
5.561362286243820563e-07
5.422478466243774164e-07
5.379174581321422011e-07
5.159819806976884138e-07
5.116816623740305658e-07
4.982541099707304966e-07
4.881312065663223621e-07
4.830584998671838548e-07
4.727168345652899006e-07
4.577027539198752493e-07
4.459139120172039839e-07
4.444939065706421388e-07
4.258758110609051073e-07
4.184083195468701888e-07
4.101619879293139093e-07
3.974938351802848047e-07
3.958901686473836889e-07
3.876548078096675454e-07
3.833209802905912511e-07
3.762150129205110716e-07
3.720890333624993218e-07
3.669726993393851444e-07
3.556544641014625086e-07
3.526041894019726897e-07
3.446965024522796739e-07
3.390262577340763528e-07
3.364721692378225271e-07
3.156859804676059866e-07
3.107412283043231582e-07
3.062448001855955226e-07
2.983519209465157473e-07
2.969137540276278742e-07
2.909311547227844130e-07
2.804922303312196163e-07
2.760399695489468286e-07
2.723407419580325950e-07
2.677305417364550522e-07
2.587645440144115128e-07
2.578585167611890938e-07
2.517136579172074562e-07
2.479071383731934475e-07
2.425259424398973351e-07
2.363834994412172819e-07
2.289413600919942837e-07
2.280374786778338603e-07
2.248726929110489436e-07
2.204641731395895476e-07
2.181030964720775955e-07
2.111048900133027928e-07
2.071626141741944593e-07
2.006594002068595728e-07
1.988230877714158851e-07
1.947539232105555129e-07
1.905191595596988918e-07
1.898581984960401314e-07
1.853570665844017640e-07
1.809959258025628515e-07
1.762103067903808551e-07
1.722536637771554524e-07
1.697928979638163582e-07
1.633451915949990507e-07
1.564223595096336794e-07
1.559855178356883698e-07
1.534168490024967468e-07
1.491134327125109849e-07
1.465271424194725114e-07
1.429308582601152011e-07
1.416295987155535840e-07
1.389651771432909300e-07
1.357801977519557113e-07
1.339937512057076674e-07
1.312672850417584414e-07
1.285173709675291320e-07
1.249949690418361570e-07
1.216015164118289249e-07
1.203586350584373577e-07
1.184789866215396614e-07
1.159130889050175028e-07
1.136006559931956872e-07
1.117864343314067810e-07
1.056163299040235870e-07
1.025548712618729041e-07
1.020207207602652488e-07
1.007852503676076594e-07
9.842858617048477754e-08
9.449397708749529556e-08
9.193874461743689608e-08
9.046163285120201181e-08
8.918382121692047804e-08
8.845180587968570762e-08
8.606533441479768953e-08
8.477920232508040499e-08
8.154822239703207742e-08
8.012210628294269554e-08
7.703359017341426807e-08
7.652801770063888398e-08
7.232743826079968130e-08
7.132381796282061259e-08
7.031536597423837520e-08
6.903056259943696205e-08
6.712496514182930696e-08
6.624078707773151109e-08
6.346266445689252578e-08
6.241494077130482765e-08
5.981901551876944723e-08
5.735902064429865277e-08
5.619883935992220358e-08
5.464033492330599984e-08
5.388855228716238344e-08
5.345210851714909950e-08
5.239319733618685859e-08
4.854404167531356507e-08
4.647223406095690734e-08
4.578986079195601633e-08
4.499553085679508513e-08
4.339966608313261531e-08
4.078396642626103130e-08
3.988063923543450073e-08
3.897735822988579457e-08
3.794187719563524297e-08
3.698181316735826840e-08
3.547276961057832523e-08
3.395110326209760387e-08
3.279805227407450730e-08
3.141971660625131335e-08
2.972665136269370123e-08
2.946843125073428382e-08
2.840833701611700235e-08
2.719651348570550908e-08
2.603350068852705590e-08
2.476790150751639885e-08
2.335255722130114009e-08
2.306725122025454766e-08
2.175339020027422521e-08
2.142546051686622377e-08
2.079704763957579416e-08
1.962067130989453290e-08
1.915003977615015174e-08
1.728820642199480062e-08
1.686493078523199074e-08
1.631022961134931393e-08
1.520252723707926634e-08
1.455805254124697967e-08
1.378691916187335664e-08
1.316382736149535049e-08
1.287710471586933636e-08
1.191092557917272643e-08
1.142706818058059071e-08
1.117003733952515176e-08
1.044600583810506578e-08
9.803320821788474859e-09
8.779386995172444585e-09
8.466312095833927742e-09
8.088706593412098300e-09
7.443317961985940201e-09
7.081289776778021405e-09
6.446411404681384738e-09
5.496225696788314963e-09
5.286392212866530826e-09
4.757145788403249753e-09
4.305231726675629034e-09
3.711709828380094223e-09
3.467333309359332816e-09
3.141441329290728390e-09
2.818687949712739282e-09
2.627001061128453330e-09
2.096409490448536417e-09
1.965086537936144850e-09
1.576058838992366873e-09
1.290977214019051189e-09
1.133080629323046651e-09
8.712982557668169648e-10
6.742887359578730866e-10
