9.597078219502683805e-01
1.777578179161986849e-01
1.173375679840436420e-01
7.883372927807168196e-02
5.562574008742918186e-02
3.105314289509591985e-02
2.476021754196710417e-02
1.627157174210526816e-02
1.414942960096074627e-02
1.291088565495304707e-02
9.185830744355163308e-03
6.369273948035806057e-03
5.637123358519731224e-03
5.297835970627259861e-03
4.138210068936784038e-03
3.121192258905291367e-03
2.906507905670342555e-03
2.718439327623249722e-03
2.439143031199220678e-03
2.224006146918876096e-03
2.071959180805933547e-03
1.854223742479384294e-03
1.693157284260320616e-03
1.513629169856460120e-03
1.470593283318217268e-03
1.350311391291870739e-03
1.268135451367218003e-03
1.185912598747408545e-03
1.067328142393842577e-03
9.517999902453150264e-04
9.082404670679538033e-04
7.774615057227010368e-04
7.438996773075784181e-04
6.865675301799028163e-04
6.171675733732983390e-04
6.158664213127438766e-04
5.401238261535885659e-04
5.139426150238196123e-04
4.923879414777430430e-04
4.628201962734306853e-04
4.038729940987816980e-04
3.926429448424465364e-04
3.781694788553531875e-04
3.593125994623502339e-04
3.425819942158676791e-04
3.181373441949293061e-04
3.001793592451923237e-04
2.898180912792613939e-04
2.819257864934028839e-04
2.532729747787848952e-04
2.385183805240293962e-04
2.320840781960993311e-04
2.212629290749445381e-04
2.186862418808277583e-04
2.042346990872497014e-04
1.982395678381460350e-04
1.853691352364317062e-04
1.818206616316246952e-04
1.747609226172521695e-04
1.605267902008066449e-04
1.575014220638706918e-04
1.425418363638184145e-04
1.407626955935665570e-04
1.320765625709298776e-04
1.293208571681836157e-04
1.192790497384553597e-04
1.173314161686961625e-04
1.093476250350453358e-04
1.055229425207984657e-04
1.031228254652020174e-04
9.918605528850337155e-05
9.789794468280919350e-05
9.532348969485132802e-05
9.118795217094708869e-05
8.732339567340704730e-05
8.335574637439486937e-05
8.141095668939824209e-05
8.064290979482001149e-05
7.613777071280654243e-05
7.357185942523168209e-05
7.038952640524746916e-05
6.736369444429488680e-05
6.479081881443885416e-05
6.181559899989054517e-05
5.983857254484815306e-05
5.866043511924720318e-05
5.796655952038734527e-05
5.527167877315068261e-05
5.387760925248494828e-05
5.129381080671586703e-05
5.006692767990070957e-05
4.880842017461627558e-05
4.750281812541215677e-05
4.628135137924385012e-05
4.352250991516029517e-05
4.295281673767196464e-05
4.202658113297696595e-05
4.090059425511612844e-05
4.015629793462191944e-05
3.985208599688703113e-05
3.673051456699143576e-05
3.600011565846412335e-05
3.485720481979809348e-05
3.370095215083498220e-05
3.275723373794808932e-05
3.197143270984440563e-05
3.073022826604724408e-05
3.008415089249617247e-05
2.963054066635131223e-05
2.882359691827879802e-05
2.771593456621278004e-05
2.707245468338159727e-05
2.631890555464577638e-05
2.574160819678514007e-05
2.538640653295635708e-05
2.476171563417861403e-05
2.303375857895045980e-05
2.265909021339317702e-05
2.247525967089631778e-05
2.181120348644018672e-05
2.079141129698598277e-05
2.047999231620629157e-05
2.025868947270561109e-05
1.986259092883310213e-05
1.909720242806241426e-05
1.849772535798961434e-05
1.772915367518854043e-05
1.737237083202848145e-05
1.681245886488947632e-05
1.664496527856162639e-05
1.629143093764211142e-05
1.618361008261407378e-05
1.559852917507232421e-05
1.473999959579624636e-05
1.408748851828452120e-05
1.384249621578919792e-05
1.382587377233174150e-05
1.308938247052506358e-05
1.287068840996271060e-05
1.263070915872349871e-05
1.238275608218501908e-05
1.187634365179899280e-05
1.162583400626366065e-05
1.151775388801702927e-05
1.134988216614278546e-05
1.107970429445398647e-05
1.085360651870747312e-05
1.029257527450985478e-05
1.002254055700847183e-05
9.900330405951306904e-06
9.509677772418001471e-06
9.228581834062309436e-06
8.979085469785886325e-06
8.683790638558266608e-06
8.551280987695276340e-06
8.363333005140429819e-06
8.012642851762501455e-06
7.922921176341596252e-06
7.728892576827032791e-06
7.564301976815367586e-06
7.384118671749878929e-06
7.156120299175785619e-06
6.980137325181636969e-06
6.654878385791240855e-06
6.490077354847156331e-06
6.455379002811015324e-06
6.383330112695916666e-06
6.191410326475054302e-06
5.862093189761692603e-06
5.794038694538349466e-06
5.572000381099277110e-06
5.510629211881697343e-06
5.387310015532697835e-06
5.299924235675992217e-06
5.171172058977993350e-06
4.985879596079516997e-06
4.767689375472605634e-06
4.696013576907132188e-06
4.556580490213920586e-06
4.463392190249791025e-06
4.269383514419871122e-06
4.234700378962947477e-06
4.130293794400527377e-06
3.941177515838628180e-06
3.900234807388501930e-06
3.814636127681261979e-06
3.707959125889625331e-06
3.549668238938288315e-06
3.482293108447626083e-06
3.402368105641993006e-06
3.318346716856789613e-06
3.247094760982242967e-06
3.157076038520430514e-06
3.118513157067346379e-06
3.026566054900202749e-06
2.923808861219297808e-06
2.845844166680936400e-06
2.692237233149576801e-06
2.579027614063633145e-06
2.534957767435955664e-06
2.506190666100813072e-06
2.477777061126098141e-06
2.390024320833421244e-06
2.320575573584607396e-06
2.252653538811823760e-06
2.129200963602436600e-06
2.092352994479315219e-06
2.063211217342744607e-06
2.018796177019514846e-06
1.962210277341852272e-06
1.920435878016244596e-06
1.862639034632095476e-06
1.836931775189182379e-06
1.746201665782883023e-06
1.709480199984230010e-06
1.682019319763932915e-06
1.658316030645414953e-06
1.552083395408670890e-06
1.534617372279194139e-06
1.458190840272412664e-06
1.425323872197258433e-06
1.390421908161280280e-06
1.316851953713917200e-06
1.273647025287306357e-06
1.232527880803967223e-06
1.165576569507959657e-06
1.145923672071763185e-06
1.140203778270807708e-06
1.080402171430798840e-06
1.071448729329762497e-06
9.898289554231053825e-07
9.592288115429880046e-07
9.305572827322496893e-07
9.195970044061412739e-07
8.763019691942615280e-07
8.612569549823196063e-07
8.219604740868043684e-07
7.938211029211350135e-07
7.749044321713119574e-07
7.388145990377294314e-07
7.137603922787832652e-07
6.898633674934487273e-07
6.838988315831480092e-07
6.399287712650241970e-07
6.129726314320247382e-07
5.824367511950698211e-07
5.609420365439903067e-07
5.273572100827526004e-07
4.864519399467950693e-07
4.837692159295206765e-07
4.583590381273992484e-07
4.555854344985154431e-07
4.265528510949265955e-07
3.821123570997927618e-07
3.680098016509020355e-07
3.531472785652650368e-07
3.414625090646101222e-07
3.284481307374704522e-07
2.999212929371938108e-07
2.792357973912210707e-07
2.671253778226025012e-07
2.444378204903985826e-07
2.280316428615478478e-07
2.215825415702901663e-07
2.049777305667263168e-07
1.938530256471650349e-07
1.707407409483786030e-07
1.612989506345408867e-07
1.527337956919184710e-07
1.385408127885543774e-07
1.336060042259988194e-07
1.083936855853148079e-07
9.907494799520969986e-08
8.814402699003263610e-08
8.366582870599954053e-08
6.734514258627988703e-08
6.476591662760302592e-08
5.379607516695775915e-08
4.344021176424063327e-08
3.224249496202406935e-09
2.345790780362874811e-09
1.602722997351401953e-09
8.902249101987679925e-10
7.116732532941905269e-10
1.936817172900075318e-10
