2.303886175155639648e+00
3.886495232582092285e-01
1.789039075374603271e-01
1.361535787582397461e-01
8.044322580099105835e-02
4.435526952147483826e-02
2.970098145306110382e-02
2.004079893231391907e-02
1.753920689225196838e-02
7.840448990464210510e-03
6.738005205988883972e-03
6.130323745310306549e-03
5.623512901365756989e-03
4.925340879708528519e-03
4.006186034530401230e-03
3.459953004494309425e-03
3.429930191487073898e-03
2.918988233432173729e-03
2.860463224351406097e-03
2.107233274728059769e-03
1.964606111869215965e-03
1.796406810171902180e-03
1.448830007575452328e-03
1.315153902396559715e-03
1.268943422473967075e-03
1.115407561883330345e-03
9.486339986324310303e-04
9.021640871651470661e-04
8.701187907718122005e-04
7.501966902054846287e-04
7.013543508946895599e-04
6.887767231091856956e-04
6.284384289756417274e-04
5.978485569357872009e-04
5.555114476010203362e-04
5.111317150294780731e-04
4.825996584258973598e-04
4.452883149497210979e-04
4.300092696212232113e-04
4.217866808176040649e-04
3.937003493774682283e-04
3.792668576352298260e-04
3.602367069106549025e-04
3.372604551259428263e-04
3.109713434241712093e-04
2.929928887169808149e-04
2.888194285333156586e-04
2.650161914061754942e-04
2.420244418317452073e-04
2.405123523203656077e-04
2.234366693301126361e-04
2.049763716058805585e-04
2.006272843573242426e-04
1.960691588465124369e-04
1.825259241741150618e-04
1.711138902464881539e-04
1.592139160493388772e-04
1.526975684100762010e-04
1.512730814283713698e-04
1.418987230863422155e-04
1.297834533033892512e-04
1.193974894704297185e-04
1.153411212726496160e-04
1.071050937753170729e-04
9.990030230255797505e-05
9.702878014650195837e-05
9.226602560374885798e-05
8.937701932154595852e-05
8.723538485355675220e-05
8.141506259562447667e-05
7.339550211327150464e-05
7.082848605932667851e-05
6.901476444909349084e-05
6.659626524196937680e-05
6.518168083857744932e-05
6.183794175740331411e-05
5.870218228665180504e-05
5.621513992082327604e-05
5.493988282978534698e-05
5.191167292650789022e-05
4.934974640491418540e-05
4.824046482099220157e-05
4.651970448321662843e-05
4.329615694587118924e-05
4.289683420211076736e-05
4.082423038198612630e-05
3.956216824008151889e-05
3.743809065781533718e-05
3.629690036177635193e-05
3.475211997283622622e-05
3.457641651039011776e-05
3.312992339488118887e-05
3.213241870980709791e-05
3.002096855198033154e-05
2.906705412897281349e-05
2.891177246056031436e-05
2.749692976067308336e-05
2.616303754621185362e-05
2.488574318704195321e-05
2.432230212434660643e-05
2.386525557085406035e-05
2.275458064104896039e-05
2.234362727904226631e-05
2.144812788174021989e-05
2.071112248813733459e-05
1.950997466337867081e-05
1.837927447922993451e-05
1.818590317270718515e-05
1.799079836928285658e-05
1.696992512734141201e-05
1.684706876403652132e-05
1.579564741405192763e-05
1.534182774776127189e-05
1.492017327109351754e-05
1.437134687876095995e-05
1.356425309495534748e-05
1.331788644165499136e-05
1.319138391409069300e-05
1.257244821317726746e-05
1.240495657839346677e-05
1.165357571153435856e-05
1.143594909081002697e-05
1.129051906900713220e-05
1.061489092535339296e-05
9.964727723854593933e-06
9.603428225091192871e-06
9.448713171877898276e-06
9.379924449604004622e-06
9.144218893197830766e-06
8.901991350285243243e-06
8.653990335005801171e-06
8.361838808923494071e-06
8.234737833845429122e-06
7.909007763373665512e-06
7.839613317628391087e-06
7.563342023786390200e-06
7.357992217293940485e-06
7.124410785763757303e-06
7.102003564796177670e-06
6.802122243243502453e-06
6.725131697749020532e-06
6.583376489288639277e-06
6.513247626571683213e-06
6.285411018325248733e-06
6.059100996935740113e-06
5.804932243336224928e-06
5.662443072651512921e-06
5.530326234293170273e-06
5.438100288301939145e-06
5.143205726199084893e-06
5.016764589527156204e-06
4.887048817181494087e-06
4.740269105241168290e-06
4.658003945223754272e-06
4.554596216621575877e-06
4.286759576643817127e-06
4.171170530753443018e-06
4.093228199053555727e-06
4.005230948678217828e-06
3.859938715322641656e-06
3.807539542322047055e-06
3.732316827154136263e-06
3.597341219574445859e-06
3.515382104524178430e-06
3.476332494756206870e-06
3.212983074263320304e-06
3.177033249812666327e-06
3.083372803303063847e-06
2.986016625072807074e-06
2.885256662921165116e-06
2.865420810849172994e-06
2.741893922575400211e-06
2.664014800757286139e-06
2.624128228490008041e-06
2.579856300144456327e-06
2.514398374842130579e-06
2.398133801762014627e-06
2.358865003770915791e-06
2.315586925760726444e-06
2.273600557600730099e-06
2.230717882412136532e-06
2.139891194019583054e-06
2.105359271808993071e-06
2.019348812609678134e-06
2.004054749704664573e-06
1.933590738190105185e-06
1.871760446192638483e-06
1.784054802556056529e-06
1.734907982609001920e-06
1.693015974524314515e-06
1.630035285415942781e-06
1.581378796799981501e-06
1.536015929559653159e-06
1.527702579551259987e-06
1.520652745057304855e-06
1.421795559508609585e-06
1.411982907484343741e-06
1.389774752169614658e-06
1.351824835182924289e-06
1.327805307482776698e-06
1.247640398105431814e-06
1.176671389657713007e-06
1.174012140836566687e-06
1.169453639704443049e-06
1.138493757935066242e-06
1.106037416320759803e-06
1.055215875567228068e-06
1.035277364280773327e-06
1.015647399071895052e-06
9.647554861658136360e-07
9.435142942493257578e-07
9.161063303508854005e-07
8.741852184357412625e-07
8.576219556744035799e-07
8.383885869989171624e-07
8.148836627697164658e-07
7.723941735093831085e-07
7.432737447743420489e-07
7.189467510215763468e-07
6.985754907873342745e-07
6.901934170855383854e-07
6.725936714246927295e-07
6.597732067348260898e-07
6.286761049523192924e-07
6.006150670145871118e-07
5.954059929536015261e-07
5.563755962612049188e-07
5.487259500114305411e-07
5.336639787856256589e-07
5.024002120990189724e-07
4.952584617967659142e-07
4.908993105345871300e-07
4.583866939356084913e-07
4.471799286420719000e-07
4.189806190879608039e-07
4.138665303798916284e-07
3.926793397113215178e-07
3.881204122535564238e-07
3.659177139070379781e-07
3.550040617028571432e-07
3.456641195498377783e-07
3.368368481915240409e-07
3.305525240193674108e-07
3.116792015589453513e-07
3.037928593130345689e-07
2.721038185882207472e-07
2.595424462015216704e-07
2.577827160621382063e-07
2.495411592917662347e-07
2.337890663284269976e-07
2.240590504243300529e-07
2.121117148590201396e-07
2.033066408557715476e-07
1.930292796714638826e-07
1.793827237861478352e-07
1.766847645967573044e-07
1.691975199946682551e-07
1.633751622875934117e-07
1.460579568401954020e-07
1.429063303248767625e-07
1.403306271186011145e-07
1.294031619636371033e-07
1.268052756131510250e-07
1.189547091939857637e-07
1.096993571536586387e-07
1.003661012077827763e-07
8.929806938340334455e-08
7.892266751241550082e-08
7.484263164769799914e-08
6.926399009898887016e-08
6.315410416846134467e-08
5.584310969197758823e-08
4.596228109221556224e-08
4.332564884634848568e-08
4.123765862118489167e-08
3.780778712325627566e-08
3.377123647396729211e-08
2.625544581746908079e-08
2.463799297913737973e-08
1.808136396164172766e-08
1.492568912908609491e-08
8.933548123479795322e-09
8.178446364581759553e-09
7.098279297679255251e-09
-1.292274953712535535e-09
