3.842428874455005097e-03 1.717475743914728681e-02
6.275838358184126185e-03 9.056135689714046172e-03
5.682366522285930109e-03 1.818326360607484468e-02
4.779713566408031258e-03 1.932025696932941281e-02
5.069651812404683128e-03 1.579882313842365799e-02
4.118810547886960285e-03 1.995245920463267764e-02
5.890043096072565022e-03 2.276483044775290399e-02
7.290798838175368765e-03 1.422273091916904583e-02
6.001791513045131796e-03 2.140742447191392936e-02
5.357093324793097203e-03 1.466848144011033070e-02
4.286993937889379234e-03 1.978726528640280258e-02
1.864870791106960565e-03 1.943118426303473006e-02
4.186894673505777223e-03 1.743427557878987622e-02
6.512411291024408633e-04 2.007033602223971466e-02
5.290707943506714993e-03 2.058746580695328815e-02
1.102631559923463031e-03 2.037051874145811084e-02
3.823327165853493761e-03 1.216421916044323377e-02
4.665965825997578711e-03 8.754196329815954608e-03
5.193622485676251989e-03 1.917752234345938139e-02
5.897239241818072811e-03 1.680982849222061731e-02
3.733530045945513982e-03 2.211352512580462906e-02
5.044492094758135613e-03 1.197642417575181181e-02
3.362994729838757798e-04 1.567397606632228019e-02
3.871097642481174592e-03 2.016001580349090910e-02
2.505374647008388588e-03 2.066236572944338962e-02
4.635568330911991018e-03 1.715316668745750159e-02
4.445644990744694082e-03 1.705470493014894784e-02
4.125669521077700297e-03 1.132374209797550393e-02
3.234424761291257965e-03 1.583519744384270789e-02
4.747066894851975812e-03 1.695199275960341048e-02
3.896577638749094876e-03 1.815418993829698638e-02
4.755992757127212606e-04 1.789261279813300978e-02
2.153367306498948832e-03 1.947415349851982710e-02
4.118810547886961044e-04 1.987932900494538205e-02
4.108500617955162908e-03 1.466096719673611048e-02
5.571823633495081966e-03 8.157447631863838991e-03
2.747589333684398189e-03 2.199377843718563347e-02
5.612272974908764575e-03 1.031817968503011447e-02
2.401658616871027874e-03 2.066191304046554461e-02
5.719563296426617184e-03 1.327173237399287276e-02
4.296875612017086662e-03 1.071227197985083479e-02
7.988439870986668162e-03 1.364218330322880882e-02
6.041702164296069294e-03 2.251554644068006969e-02
6.203335265308604872e-03 1.871258577273856097e-02
5.375534320206589063e-03 1.460805868394321125e-02
5.314702206937452558e-03 2.054987591482556122e-02
5.719563296426617184e-03 1.930178241740697007e-02
3.404772663739289579e-03 2.056803881554404925e-02
4.014519935548414159e-03 1.166289886727170030e-02
3.212496204984913173e-03 1.327859642825301480e-02
6.284842435064261212e-03 1.568555046687260951e-02
5.069651812404683128e-03 5.069651812404683128e-03
3.408922296801240263e-03 1.298577132086841009e-02
6.759535749872912572e-03 1.761453837534816824e-02
3.154768696207768154e-03 2.066748081542680790e-02
6.879769975732024680e-03 1.642384018478399224e-02
1.269502670848535186e-03 1.922400385111585133e-02
4.286993937889379234e-03 2.346249472278995676e-02
2.951015898932248058e-03 2.113100507935371936e-02
1.706533442355507354e-03 2.308195912896222543e-02
4.365421060639590976e-03 1.758122294388028001e-02
6.325202166213032308e-03 1.628698765493613240e-02
2.305553029074354152e-03 2.077060175654758811e-02
5.425272488224234559e-03 1.818258251041418583e-02
5.576895845408891012e-04 1.999828957274309496e-02
3.645399419087684383e-03 1.538794754042387483e-02
7.519884823893001466e-04 2.014416847015494325e-02
3.737314669366257995e-03 1.526438488630302986e-02
4.152992134378291796e-03 1.123401508004462368e-02
4.741106984284891579e-03 2.020764538454673451e-02
6.471034575684042611e-03 1.793449414420479962e-02
1.050094767823370103e-03 1.614751543317006002e-02
4.815075677857273174e-03 1.926915323937561375e-02
1.656082844118581367e-03 1.419869141212604102e-02
3.320691225347543758e-03 1.827210531315860351e-02
2.377996378563606303e-04 1.850949174150981480e-02
1.396756613687317409e-03 2.041362123342012683e-02
5.044492094758135613e-04 1.873607804026411472e-02
8.064178069047627613e-04 1.395088950392167973e-02
5.100234031073817495e-03 1.542251007169285863e-02
2.205263119846926061e-03 1.860920841672144763e-02
5.528521947751957426e-03 1.406744488895955367e-02
3.989793224684642578e-03 1.870884249446087833e-02
1.416854864001206677e-03 1.917244047684347336e-02
3.118713012688727627e-03 2.067907885841860707e-02
4.118810547886961044e-04 1.987932900494538205e-02
2.912438868833548992e-04 1.359370769464342439e-02
5.890043096072565022e-03 2.161113668706173691e-02
4.400899761342114136e-03 1.807509884385430365e-02
6.932991244760362262e-04 1.999368768505361063e-02
2.843670074101446732e-03 2.062864750579202974e-02
5.314702206937452558e-03 1.512858447183001998e-02
4.809200049460206350e-03 1.977458089798871457e-02
2.868419627556551953e-03 2.074128251009607626e-02
3.450144136764683820e-03 1.291728909436580877e-02
5.880434536500074756e-03 5.880434536500074756e-03
