4.362305975893124299e-02
1.722772340155026560e-02
3.333826450579383503e-03
1.636542066161715157e-03
4.893395260964555557e-04
3.171510697452390435e-04
1.086156504154502068e-04
8.144466433149476464e-05
2.245533674165564516e-05
2.181122743161908849e-05
9.350341401162838500e-06
5.752687729336169435e-06
4.813006163078235279e-06
3.810895994833790737e-06
2.565734807695261167e-06
2.391273246531624156e-06
2.130297320046287575e-06
2.024639145601461657e-06
1.937485222093444303e-06
1.701920692042404433e-06
1.669264833875142862e-06
1.629007877141130805e-06
1.596889042450351927e-06
1.506544676544321329e-06
1.372660645668511087e-06
1.308318385983933929e-06
1.281114002393406438e-06
1.213769396897340433e-06
1.175163499844782417e-06
1.157436862164184862e-06
1.074489044352819830e-06
1.051853199896520420e-06
9.786108795954082694e-07
9.564276562033753793e-07
9.332528708618806446e-07
9.014272639619929638e-07
8.775100284433974186e-07
8.328776481237505827e-07
8.306168789220713444e-07
7.787402745024254658e-07
7.654805873189557699e-07
7.550593724704642122e-07
7.149036173599159666e-07
6.882422712991941194e-07
6.747577298887478996e-07
6.454808668407421908e-07
6.302430462899983482e-07
6.131749775377363047e-07
5.919422737923905658e-07
5.737228570119966524e-07
5.402444448460955988e-07
5.115192845265326874e-07
4.941391629792452948e-07
4.680996321860595264e-07
4.573954911731047964e-07
4.414111540122110757e-07
4.294824216231892965e-07
4.098424261215386218e-07
3.923103258929354210e-07
3.700794938628101565e-07
3.423694637134297246e-07
3.373656528274823281e-07
3.058947169266762286e-07
3.007855499844949954e-07
2.672772112154278378e-07
2.620393590295168615e-07
2.478034832623168565e-07
2.330406602248233622e-07
2.008240150467136027e-07
4.122921939859810282e-09
3.695595985947835389e-09
2.694298992518641240e-09
2.350254763607445424e-09
2.105385749530328291e-09
1.819836869879812011e-09
1.585133427942560965e-09
1.448863047588144241e-09
1.390615814488654907e-09
1.292530585732548568e-09
1.050322973579000969e-09
1.032510817414210159e-09
9.327937727967713569e-10
8.945049197639118578e-10
8.891517129689265214e-10
8.202214882639930561e-10
7.723063176253761567e-10
7.589411531136899314e-10
7.159209055365062889e-10
6.931700491465780249e-10
6.838223980030974538e-10
6.635347924978440369e-10
6.540209549945064828e-10
6.472693181762336843e-10
6.229763902822900669e-10
6.093866899060117490e-10
5.902226210509270152e-10
5.805631718554137455e-10
5.330130195778423917e-10
5.308055172757758290e-10
5.035602700734503601e-10
5.004502196692812088e-10
4.804045150886629748e-10
4.702156078555424740e-10
4.587104812606303146e-10
4.572800572185660598e-10
4.569167121520264642e-10
4.446899675599014750e-10
4.224620841553875279e-10
4.164520477285617031e-10
4.130670332226622234e-10
4.099328513087782228e-10
3.969975400905505577e-10
3.961642895843042477e-10
3.936299694793465543e-10
3.781185958458233817e-10
3.727518233167383176e-10
3.640778441058270261e-10
3.503952571449991733e-10
3.477037519558052324e-10
3.405145199642617850e-10
3.353575713575638570e-10
3.307577800729326582e-10
3.253117384783585941e-10
3.236718194967868675e-10
3.190576407589047782e-10
3.120938337501971240e-10
2.940860582637007864e-10
2.929853164607279156e-10
2.804113292898964081e-10
2.755960395673355795e-10
2.718550088127206094e-10
2.673565130033178649e-10
2.669877909382480187e-10
2.652000104013412269e-10
2.590872496208610775e-10
2.529564268297750804e-10
2.481053107887342694e-10
2.420483044159970500e-10
2.410507071108639527e-10
2.278519438054591444e-10
2.276024814006939130e-10
2.228653948653955221e-10
2.225036388461104087e-10
2.202098036090221472e-10
2.161128191926340758e-10
2.149497077294519475e-10
2.050750086923815715e-10
2.041057927778316965e-10
1.940779654341708943e-10
1.914265585950849467e-10
1.910814349316835753e-10
1.873162925061325179e-10
1.856214762646965037e-10
1.854387904341172012e-10
1.779577156767175233e-10
1.693402856570003087e-10
1.664152289954537743e-10
1.658166258518450826e-10
1.623478123974426460e-10
1.602229521460537960e-10
1.590830213515742628e-10
1.526823998086676174e-10
1.510130599319367741e-10
1.495574609412235956e-10
1.483199760646173304e-10
1.470045320492407066e-10
1.436985440876552616e-10
1.416477139557692394e-10
1.401520745372735282e-10
1.324756811547111045e-10
1.324641026386229083e-10
1.284616682956203615e-10
1.250611768347327580e-10
1.249084888670692693e-10
1.194814854935558028e-10
1.180131451167434000e-10
1.169049294901417879e-10
1.160184396475006216e-10
1.140151134261033006e-10
1.111812388052470799e-10
1.108352206819804511e-10
1.086000348567918161e-10
1.038746643404079345e-10
1.009716722523528851e-10
1.005213181462696923e-10
9.725287773098002448e-11
9.558550735553968914e-11
9.518261774283492448e-11
9.377509153131014175e-11
9.156207150834774063e-11
8.998096500207854047e-11
8.922156563040412418e-11
8.764448699270685776e-11
8.623311018743212918e-11
8.246905142603339242e-11
8.156600558883231573e-11
7.981509465268688862e-11
7.636919794781343953e-11
7.589739182082120010e-11
7.338402280122175077e-11
7.315795281065903978e-11
7.225538956961012638e-11
7.040701191620643557e-11
6.885877843511853556e-11
6.648452671463148587e-11
6.592100200086318908e-11
6.481567725620408034e-11
6.297020058840889534e-11
6.069561227354191545e-11
5.905276933971850995e-11
5.841846879963367379e-11
5.674793888782056075e-11
5.424252642752806939e-11
5.349217496679346390e-11
5.245979229193697164e-11
5.050337830767270305e-11
4.829293391808526943e-11
4.671783913005322080e-11
4.488988960620181941e-11
4.486668853550685753e-11
4.297850972191170972e-11
4.205155085328810248e-11
3.972329578067527948e-11
3.965902477495570576e-11
3.895004646839386462e-11
3.779034346202999368e-11
3.772013712537291711e-11
3.699782442882556987e-11
3.532385529476085753e-11
3.435763883296906562e-11
3.427494437504318491e-11
3.255124597199880735e-11
3.240344831626102935e-11
3.067732753747383062e-11
3.027909467380313372e-11
2.926352745209726793e-11
2.853994703299706915e-11
2.845759406825427995e-11
2.698190509394203422e-11
2.621307935094622479e-11
2.501675913736951714e-11
2.469416102115697507e-11
2.342896960082894468e-11
2.302946743400076444e-11
2.205625636368929456e-11
2.083965634119755064e-11
1.988278248249851629e-11
1.965116744971742564e-11
1.819149010784790971e-11
1.721411057867821689e-11
1.628796677757575265e-11
1.608442948975897619e-11
1.499728434633162622e-11
1.454466041796164637e-11
1.428759560986182953e-11
1.425230938647062051e-11
1.255573777213467615e-11
1.207410030494878592e-11
1.188118108525403731e-11
1.155960137164130272e-11
1.100623905854948478e-11
1.001563562544601334e-11
9.491098924691340062e-12
9.046674387895287694e-12
7.869733199594861295e-12
7.823060823446954325e-12
7.682269634325353443e-12
6.806849536037288158e-12
6.221275403769168108e-12
6.111741975768391311e-12
5.525520580227293559e-12
5.300828843797655055e-12
4.918852420296262462e-12
4.503449793077000767e-12
4.277444938438647260e-12
3.994004813536910578e-12
3.382108483608217757e-12
2.900831568595062131e-12
2.243990636478832587e-12
1.961383729457607253e-12
1.696526166924723441e-12
1.451375293712706726e-12
1.252091473684383385e-12
1.020993755047638880e-12
4.824943002271709686e-14
