6.917873024940490723e-02
1.959931291639804840e-02
6.658261176198720932e-03
2.600693842396140099e-03
5.819496582262217999e-04
2.515451633371412754e-04
1.009424304356798530e-04
6.101050894358195364e-05
2.295006015629041940e-05
1.236377192981308326e-05
6.158762516861315817e-06
3.850776465696981177e-06
3.295164333394495770e-06
2.719964186326251365e-06
2.472271489750710316e-06
1.872245093181845732e-06
1.470206143494579010e-06
1.401700956193963066e-06
1.295379547627817374e-06
1.130968598772597034e-06
1.032105274134664796e-06
9.543772421238827519e-07
8.514201681464328431e-07
7.964995347720105201e-07
7.522707505813741591e-07
7.285573815352108795e-07
6.865604973427252844e-07
6.059849511075299233e-07
5.906047135795233771e-07
5.756981522608839441e-07
5.652134404954267666e-07
5.342355393622710835e-07
5.206579203331784811e-07
4.882856501353671774e-07
4.811909661839308683e-07
4.572887064568931237e-07
4.417975674186891410e-07
4.330092622240044875e-07
4.237964219555578893e-07
4.150940924319002079e-07
4.046372055199753959e-07
3.879637517911760369e-07
3.633642506883916212e-07
3.581559155918512261e-07
3.465977158612076892e-07
3.418319067804986844e-07
3.316890797577798367e-07
3.118321671990997856e-07
2.923750059835583670e-07
2.896732951285230229e-07
2.818518396452418528e-07
2.776873202492424753e-07
2.739569140430830885e-07
2.579720330686541274e-07
2.446619191687204875e-07
2.386486812611110508e-07
2.347102139310663915e-07
2.255622746361041209e-07
2.159296030868063099e-07
2.113905850364972139e-07
1.977078198933668318e-07
1.908222486690647202e-07
1.866257690608108533e-07
1.738432189313243725e-07
1.652541925523109967e-07
1.626172831947769737e-07
1.402174660825039609e-07
1.351712057839904446e-07
1.293531965984584531e-07
2.107948926521885369e-09
-1.748165501247456177e-09
1.553774331419788268e-09
-1.355132672742342947e-09
-1.094636270515536580e-09
1.057012699590131888e-09
8.340635959669384647e-10
-7.879151220357982766e-10
-7.343243235702345828e-10
-6.726977863635852373e-10
6.399329954831500800e-10
-5.797262114803913846e-10
5.754566823057416514e-10
-5.590950480360845631e-10
5.251925006000135454e-10
4.754668325723798716e-10
4.092713667969150038e-10
3.973793794020963333e-10
-3.891356403773471584e-10
3.769546896847941753e-10
-3.673575332818757033e-10
-3.604942733215210637e-10
3.523947245120950811e-10
3.357686351179722806e-10
3.245832214116006753e-10
-3.239982171443500647e-10
-3.127461067897741032e-10
3.052358088506679223e-10
-3.024302752674401518e-10
-2.947009303255754276e-10
2.849014912875702521e-10
-2.782951646906894894e-10
2.748979932576389729e-10
-2.725002445913560223e-10
2.625223094465667373e-10
-2.599040427320176150e-10
2.592280001767477415e-10
2.520986197573904519e-10
-2.520586239729283307e-10
2.444832392090035000e-10
-2.417093747375531620e-10
-2.355517447760746563e-10
-2.345262872793796305e-10
2.317835090526187969e-10
-2.240452684487692636e-10
2.222756145808801875e-10
-2.114969727129434318e-10
2.095336959495597284e-10
2.066790627530679103e-10
-2.023153727881421560e-10
2.016207478749976190e-10
-1.986767694805990914e-10
1.943401550796863830e-10
-1.916097142062866965e-10
-1.870639615431102243e-10
1.843632330134070685e-10
1.828218271215931168e-10
-1.797132304082182941e-10
1.779627556430796176e-10
-1.731600557386414607e-10
-1.728127918543265196e-10
-1.691893847244330118e-10
1.675238697762537754e-10
1.660596798958025033e-10
-1.622411094359677008e-10
1.604794214182803103e-10
-1.591433651526585891e-10
-1.542272282106793568e-10
-1.510283564876147011e-10
1.485226525099747619e-10
1.476430089297764425e-10
1.429301815791816921e-10
-1.396365939543287027e-10
1.375258101843357395e-10
1.357294970860678518e-10
-1.355673212577457321e-10
-1.318637421476864802e-10
1.302326302354828158e-10
-1.253936399159272241e-10
-1.230660989781640069e-10
-1.224887552497833099e-10
1.207201283381920121e-10
1.177345720915212723e-10
-1.165066237929224258e-10
1.158400320111496740e-10
-1.135042337896408071e-10
1.123440993011648459e-10
-1.117360370894715516e-10
1.093783952299531848e-10
-1.055555295947918637e-10
1.050818806969111563e-10
1.015292711015192140e-10
-1.007694414023596607e-10
9.787981536391043846e-11
-9.745805551464314931e-11
9.610567897055943831e-11
-9.399167555379506211e-11
9.312139948036701753e-11
-9.124336008969891054e-11
9.105859122282566886e-11
8.779557636451329472e-11
-8.735608764132152260e-11
-8.571078569108436795e-11
8.483416746862815216e-11
8.349527319539973291e-11
-8.267002360451414233e-11
8.164621756456824642e-11
-7.924788603119736763e-11
7.801274903851407316e-11
-7.686339065227087985e-11
-7.359465120648778225e-11
7.279151587047394401e-11
-7.193105833191992815e-11
7.191514744819826888e-11
-7.028767845529415581e-11
6.753390902058953316e-11
-6.729865970056536639e-11
6.549481790241173940e-11
6.302558475113073655e-11
-6.201351238077634775e-11
6.157408610762971080e-11
-6.139005970240418719e-11
5.994007373777421321e-11
-5.967845662091519898e-11
5.854395440652027105e-11
-5.759772866986700990e-11
5.525103291548205675e-11
-5.353430893029198501e-11
-5.229788824223646770e-11
5.126945049060971371e-11
-5.111249271050333221e-11
5.086300478018834781e-11
5.075084102967863942e-11
-4.830276803535760166e-11
-4.683401583216451058e-11
4.548036253160248066e-11
-4.405667150542136312e-11
4.353016905267459435e-11
-4.228034242159672829e-11
4.203823053550159727e-11
-4.095616554233849627e-11
4.032463599146218769e-11
-3.939706547106958112e-11
3.888805596985456248e-11
3.775330048583214193e-11
-3.772900394882761077e-11
-3.740417350850400169e-11
3.609672977189504195e-11
-3.567222905953570944e-11
3.464522765894706424e-11
-3.343517823717334636e-11
3.341818141655572560e-11
-3.273681326021460336e-11
3.011273869146791071e-11
-2.934340270766000458e-11
2.921637584640812690e-11
-2.836408018180858193e-11
2.789218508936208707e-11
2.712016722306032079e-11
-2.584276889705527935e-11
2.533679689664669610e-11
2.379357127990644472e-11
-2.360707115900417818e-11
2.279528128756869165e-11
-2.262847201284223786e-11
-2.220177340583884273e-11
2.188769998578976583e-11
-2.144298107131792364e-11
2.060112323787333111e-11
-2.055561276748107957e-11
1.953233581819535658e-11
-1.910733724019841873e-11
1.831599802382122277e-11
1.741672778221570184e-11
-1.724933564040131984e-11
1.668416793609850401e-11
-1.597224089100457434e-11
-1.581601863365200700e-11
1.470008142989698285e-11
-1.453267801238000700e-11
1.343690696903321324e-11
-1.310308285484840241e-11
-1.263896192565949761e-11
1.255657210152971714e-11
-1.237521630309545984e-11
1.167188741491020920e-11
-1.081566433636105273e-11
1.049905475059009774e-11
-9.778845268260116796e-12
9.638221644403532906e-12
8.809873837389847751e-12
-8.477586688204752363e-12
-7.862921251600152317e-12
7.732238460622653520e-12
7.304851168399295602e-12
-6.940124690213433922e-12
-6.460078999515062037e-12
6.419832113829793130e-12
5.876083040284862946e-12
5.655367233542429872e-12
-5.252161552893319652e-12
5.184923237283589614e-12
-4.756029337721345840e-12
-4.440403773842138690e-12
-3.902792151955214450e-12
3.662806169479893015e-12
3.300398582900543332e-12
2.813910562893262579e-12
2.521801777816135015e-12
-2.515054137175454230e-12
-2.067067654196175219e-12
1.773813951624902963e-12
-1.437012293013795183e-12
-1.172198731309859188e-12
9.029968071026794885e-13
4.798695078453429907e-14
