9.303668048232793808e-05
5.327126564225181937e-05
2.048010901489760727e-05
1.311111191171221435e-05
8.326453098561614752e-06
4.702601927419891581e-06
2.659204938026960008e-06
1.972278141693095677e-06
1.862010549302794971e-06
1.616687086425372399e-06
1.486419364482571837e-06
1.052820493896433618e-06
1.035944478644523770e-06
9.243252065971319098e-07
7.841504725547565613e-07
7.320167014768230729e-07
6.030606414242356550e-07
5.658587269863346592e-07
5.197622385821887292e-07
4.980838070878235158e-07
4.198313092729222262e-07
4.135360143209254602e-07
3.847736707029980607e-07
3.673689548122638371e-07
3.570652324924594723e-07
3.381071564945159480e-07
3.304657525404763874e-07
3.105905648226325866e-07
3.003985113991802791e-07
2.859198389160155784e-07
2.794319868826278253e-07
2.722683234424039256e-07
2.674841823591123102e-07
2.604554651952639688e-07
2.522446891362051247e-07
2.481416743194131413e-07
2.399504523964424152e-07
2.391529392298252787e-07
2.348150189845910063e-07
2.293036800438130740e-07
2.257631877000676468e-07
2.164694308248726884e-07
2.080149954508669907e-07
2.035831272451105178e-07
1.982973429903722717e-07
1.967417944115368300e-07
1.947643681887711864e-07
1.909964453261636663e-07
1.892947807391465176e-07
1.843749117824700079e-07
1.791863297739837435e-07
1.750293563418381382e-07
1.725205294178522308e-07
1.721025029155498487e-07
1.692366851102633518e-07
1.679902936757571297e-07
1.653045416105669574e-07
1.620280301040111226e-07
1.572374799252429511e-07
1.562897438134314143e-07
1.537135574380954495e-07
1.518753265372652095e-07
1.500815471899841214e-07
1.485640126475118450e-07
1.477099971225470654e-07
1.421961997039034031e-07
1.416983081981015857e-07
1.383326519999172888e-07
1.378508471816530800e-07
1.361134991384460591e-07
1.322732430253381608e-07
1.302962715499234037e-07
1.283813304553405032e-07
1.277322638770783669e-07
1.248763368266736506e-07
1.226388235409103800e-07
1.215261988818383543e-07
1.189213847396786150e-07
1.181936042371489748e-07
1.174937906966988521e-07
1.160091613883196260e-07
1.150335151578474324e-07
1.140165437618634314e-07
1.122226294114625489e-07
1.103043558714489336e-07
1.077762235013324243e-07
1.066583692477252043e-07
1.059487573229489499e-07
1.027612626103291404e-07
1.019676219016218965e-07
1.009993937373110384e-07
1.003694833912049944e-07
9.731990502359622042e-08
9.598846162361951428e-08
9.546995727305329638e-08
9.183790439237782266e-08
9.063769113026864943e-08
8.939323237200369476e-08
8.862518541263852967e-08
8.719568000969957211e-08
8.599933920550029143e-08
8.509596227668225765e-08
8.377801208325763582e-08
8.301809373278956627e-08
8.137396179108691285e-08
8.042962917897966690e-08
7.974444571345884469e-08
7.827008374761135201e-08
7.713608596304766252e-08
7.662411860565043753e-08
7.604096197155740811e-08
7.394515222358677420e-08
7.245216693263500929e-08
7.168289783976433682e-08
7.111805189197184518e-08
6.936040364280415815e-08
6.854945411305379821e-08
6.762053317288518883e-08
6.708125255272534559e-08
6.650160599974697107e-08
6.508783201297774212e-08
6.483343639729355345e-08
6.308572153557179263e-08
6.220683701485540951e-08
5.987484996694547590e-08
5.968562533098520362e-08
5.872587394151196349e-08
5.810148806517645426e-08
5.708200845333522011e-08
5.634419508737664728e-08
5.566065652828910970e-08
5.423061466558465327e-08
5.404969982691909536e-08
5.323373741816794791e-08
5.250221946084820956e-08
5.091845878268941306e-08
4.970855016495079326e-08
4.897662009284431406e-08
4.867574077138669963e-08
4.813547604953782866e-08
4.779200324378507503e-08
4.641959350237812032e-08
4.589955082678898179e-08
4.484752125222257746e-08
4.435365141830516222e-08
4.401913145102298586e-08
4.298410871683699952e-08
4.207716841619912884e-08
4.140071396818711946e-08
4.051281976558129827e-08
3.981535456887286273e-08
3.886899690996870049e-08
3.855497254789952422e-08
3.800079184657079168e-08
3.761870814855683420e-08
3.678985294186531974e-08
3.670147563639147847e-08
3.591931019286676019e-08
3.406083948220839375e-08
3.381355639930916368e-08
3.361217082442635729e-08
3.262469405740375805e-08
3.205498799729866732e-08
3.185242292147449916e-08
3.093414235877389729e-08
3.067313869564713968e-08
3.040122820152646455e-08
3.029075301697048417e-08
2.903843565604802279e-08
2.895288098159198853e-08
2.837040113945477060e-08
2.814216593094442942e-08
2.777788843388862006e-08
2.705870727481851645e-08
2.673738030978256575e-08
2.579066027408316586e-08
2.544862098829980823e-08
2.509623620028378355e-08
2.441195867675105546e-08
2.399330867319804383e-08
2.360506101695136749e-08
2.339935356587830029e-08
2.279653266157311009e-08
2.229923978802617057e-08
2.169852564293250907e-08
2.144601651821176347e-08
2.066159510150100687e-08
2.006243526864182058e-08
1.977151775633956277e-08
1.951383232778880483e-08
1.897225132552193827e-08
1.853215536584684742e-08
1.800032300991460943e-08
1.784863101761402504e-08
1.727736531620394089e-08
1.675570615589094814e-08
1.641942048991040792e-08
1.596132293002483493e-08
1.575789276841987885e-08
1.531290472200907971e-08
1.496968415892752091e-08
1.477308053665637999e-08
1.468813248806100091e-08
1.428484974752564085e-08
1.367322610690280271e-08
1.358565793196930827e-08
1.331505306012559231e-08
1.311286901284347550e-08
1.242184843874838407e-08
1.229297019733621710e-08
1.193905330154620970e-08
1.142179240076757196e-08
1.111057290614780868e-08
1.084439649190471755e-08
1.072501198962072522e-08
1.041797048628723132e-08
9.888192487039759726e-09
9.773389209044580639e-09
9.459816929791031725e-09
9.334648609637952177e-09
8.954466501620572672e-09
8.699978515380735189e-09
8.505860904506334919e-09
8.225288006258324458e-09
8.106002091778918839e-09
7.802940515944101207e-09
7.559999737338785053e-09
7.307616289864427017e-09
7.114129285668013836e-09
6.841243127553298109e-09
6.816110786900253515e-09
6.486006398631616321e-09
6.248812578490969827e-09
5.959939208821651846e-09
5.676203507221089239e-09
5.553070003827542678e-09
5.507189371201093309e-09
5.036606243180585807e-09
4.942962039677922803e-09
4.856289592680695932e-09
4.747103599100910287e-09
4.565270828038592299e-09
4.252302510110439471e-09
4.207838077974201951e-09
4.015087373687720174e-09
3.941547088714969505e-09
3.791117197948778994e-09
3.671747572653316638e-09
3.366474210508840770e-09
3.223192157619791942e-09
3.071171095214708657e-09
2.989789082974425583e-09
2.842901469790604096e-09
2.587326131120448736e-09
2.475687654879266120e-09
2.452280600806489019e-09
2.333874871141006224e-09
2.272132926250947094e-09
2.240843288703331382e-09
2.032378265681700213e-09
1.966407037201634012e-09
1.859272513726750731e-09
1.659312909296772887e-09
1.616060063547308800e-09
1.460903509276079149e-09
1.297508545050618523e-09
1.263120497085878924e-09
1.225500145807245644e-09
1.222604351092115849e-09
1.072220423559144820e-09
9.924394639426736831e-10
9.358718244811825571e-10
8.400090067972598717e-10
7.521229750118152424e-10
7.012944114315189381e-10
6.377912642463456905e-10
5.658798429841738198e-10
5.021510984803967403e-10
4.259170516274224383e-10
3.985501095815635608e-10
3.673582549268417097e-10
3.296729833568434742e-10
2.416584432562984830e-10
2.350288019759005920e-10
2.271832166833576139e-10
2.051942227243586103e-10
1.631597912332694023e-10
1.230059110124415156e-10
1.048901937528157191e-10
6.450066175611723907e-11
4.866113414991879438e-11
1.038135463010680937e-11
5.388669545303148567e-12
-1.076155698299767483e-14
1.979240288508968618e-15
-7.472744459943852040e-24
-5.597215824867318157e-24
