2.353749456644750326e-01
8.250711690078606220e-02
5.360906064093619999e-02
2.916861775580091576e-02
1.951866425621729545e-02
1.365718102812682640e-02
8.302289915153991673e-03
7.668591255721108127e-03
5.150976163611323960e-03
4.301532388357687427e-03
3.624543921818785836e-03
3.168431080110074589e-03
2.767289726693478429e-03
2.428468787934991158e-03
2.077658058343118553e-03
1.925448808801226474e-03
1.704870141188906960e-03
1.492984245159730992e-03
1.382879935196927330e-03
9.516964864039266069e-04
9.265034537042160859e-04
8.848556358646805006e-04
7.713889859762785087e-04
6.954854842022916784e-04
6.543522733970551838e-04
5.756594188271199706e-04
5.334946184522267390e-04
5.221658608139752213e-04
4.479269372362778656e-04
4.263285690476050589e-04
3.847007094737583607e-04
3.665804974474466010e-04
3.485526335840692896e-04
3.189449458437590965e-04
3.066321831926166626e-04
2.830882128126508811e-04
2.718547318170710025e-04
2.648306886191377561e-04
2.422162365753158556e-04
2.242012099917092599e-04
2.161172626170750500e-04
2.126780071356830482e-04
1.965717228526284339e-04
1.895802806408576234e-04
1.733451787201278503e-04
1.698399840012330866e-04
1.640637480019477800e-04
1.561641999130972027e-04
1.470309671461908583e-04
1.437629037254296383e-04
1.386494541654337699e-04
1.333469654300923496e-04
1.281373443198751392e-04
1.236426668433904090e-04
1.204964417344259268e-04
1.190764656563076719e-04
1.078494735264125021e-04
1.059925547638371608e-04
1.025166657727327399e-04
9.720871535523423147e-05
9.521688744385468082e-05
9.112641918039816413e-05
8.767900886201935261e-05
8.525689368175434345e-05
8.420275810008032884e-05
8.018185736712953222e-05
7.818540327130318944e-05
7.556737548264466815e-05
7.231171209716508099e-05
7.072375248588060666e-05
6.831436953566337792e-05
6.376573662343996290e-05
6.343245466576707026e-05
6.182934384162649727e-05
6.059561373010891418e-05
5.896267498130458904e-05
5.785440101265832698e-05
5.530436746468508869e-05
5.169885596546172364e-05
5.068627726116529589e-05
4.809674006954746216e-05
4.652424345896047429e-05
4.554916570359888686e-05
4.478280503893425693e-05
4.282370753691679783e-05
4.204545055970265358e-05
4.150366711766607328e-05
4.071207724130407736e-05
3.983948363088068008e-05
3.778963859598735600e-05
3.649209212984473041e-05
3.556227267378559201e-05
3.402460015320060569e-05
3.325696126735320048e-05
3.308323820334193373e-05
3.271660848564644840e-05
3.149369519246678295e-05
2.984098916772696139e-05
2.960622125639861667e-05
2.926446963465750731e-05
2.906491627563984956e-05
2.783082774627960987e-05
2.758036226331275531e-05
2.603416993298811338e-05
2.582355093699971940e-05
2.424792242729947072e-05
2.403950275457557881e-05
2.354235921840294393e-05
2.260463253854136040e-05
2.194991256311937960e-05
2.187687728400394452e-05
2.061648874553849699e-05
1.985129624804137411e-05
1.960995451744160014e-05
1.934176618162995458e-05
1.864621362132785898e-05
1.780190687031475184e-05
1.763798852615205897e-05
1.683547824175604907e-05
1.657635394786665715e-05
1.629543611061304835e-05
1.578639730668875672e-05
1.510408142450300067e-05
1.501483745031483613e-05
1.468456281861423737e-05
1.433954733260989491e-05
1.390683945786116471e-05
1.310493781694850882e-05
1.298411437866108314e-05
1.252988199153558368e-05
1.246347845259729158e-05
1.194104061485849145e-05
1.170839352890759138e-05
1.138060234814843192e-05
1.107722428957847599e-05
1.076877673644718895e-05
1.074839974216685066e-05
1.058759528527229887e-05
1.038261880959202803e-05
1.010228476518468996e-05
9.973439364375276411e-06
9.646828520923677382e-06
9.451421371595112182e-06
8.832204834522603521e-06
8.727972109901930485e-06
8.696140805705466798e-06
8.427003519024441679e-06
8.179019583291447469e-06
7.942939264649697911e-06
7.432102582870365960e-06
7.382062060164540415e-06
7.281035887718176886e-06
7.179144384799396314e-06
7.096760255120638562e-06
6.881476649710005452e-06
6.787966858619554532e-06
6.546246944934723022e-06
6.478132589977054432e-06
6.130581600755884124e-06
6.025389042853792062e-06
5.940499581612155990e-06
5.805573170432930216e-06
5.729998769889167190e-06
5.638711534728676634e-06
5.479655310355448179e-06
5.280275241052352935e-06
5.136725031836714545e-06
5.034400436088690195e-06
4.892537369998513447e-06
4.764806387397486388e-06
4.715065891091728597e-06
4.503962287126391381e-06
4.445985794846796842e-06
4.260570632097888743e-06
4.212205148182271033e-06
4.114803440084445543e-06
4.040615791260352635e-06
3.920254507876176610e-06
3.832363833405608848e-06
3.788299338231306211e-06
3.649391068527391882e-06
3.583461874689818606e-06
3.469224665381467819e-06
3.349912779429486554e-06
3.276256067703882960e-06
3.223208028175809962e-06
3.212146802374571383e-06
3.127418959202699396e-06
3.072205435650070593e-06
2.967538897403596302e-06
2.931400079136113933e-06
2.803284312366918755e-06
2.752906754301523059e-06
2.698250151953866860e-06
2.625496953514796512e-06
2.555602469402173040e-06
2.497322762027788171e-06
2.411665057255815290e-06
2.333751588663202379e-06
2.272066045319622578e-06
2.193792855704741668e-06
2.188967388789033631e-06
2.122799065437084803e-06
2.081177153856034897e-06
1.974241381315386956e-06
1.952099417326279440e-06
1.886719082166622235e-06
1.854603714273376836e-06
1.802702704338660055e-06
1.758230511018586222e-06
1.730978172052300306e-06
1.670988908306366065e-06
1.649957116348925435e-06
1.547023763790372250e-06
1.502505678581573739e-06
1.422780317532128356e-06
1.400938241343512222e-06
1.380927537625290128e-06
1.373896841716377655e-06
1.292111904650921175e-06
1.251729202145263890e-06
1.216895385489500379e-06
1.181815395623319160e-06
1.144058500152064014e-06
1.095553499263619020e-06
1.085390066012723687e-06
1.043775889258686783e-06
9.874221209364536309e-07
9.691762373046725186e-07
9.428894044922843289e-07
8.949795430348584970e-07
8.847420417118426892e-07
8.337977559955123941e-07
8.228578238763566872e-07
8.050437652156597368e-07
7.771779099586866732e-07
7.420394252964867553e-07
7.206754097882832591e-07
7.043412037417941218e-07
6.797720486833883748e-07
6.700042575204441755e-07
6.303208735907694148e-07
6.066663028564724921e-07
6.006777324315182163e-07
5.740596755225542978e-07
5.395060686400812739e-07
5.350591998048168062e-07
5.257967472266940369e-07
5.122167679870043892e-07
4.829757034491590505e-07
4.546145210054360533e-07
4.417177037174052416e-07
4.105065177077797838e-07
4.007420202492179471e-07
3.951123695885246457e-07
3.775546135295314819e-07
3.624823307286943271e-07
3.411328965264197086e-07
3.345361045752296354e-07
3.136146683649732153e-07
3.033190155545462958e-07
2.885965404125969739e-07
2.638805287722288876e-07
2.576220667151691114e-07
2.435521914421913671e-07
2.275076345242381910e-07
2.241078092792020501e-07
2.101506062805506665e-07
2.006053592104057839e-07
1.854944702166403139e-07
1.773220273692151732e-07
1.607297254846476808e-07
1.572466265008061638e-07
1.464222448108665702e-07
1.385329754591764572e-07
1.108809616911121178e-07
1.078513609553804649e-07
1.069792069146645981e-07
9.130470970008217984e-08
8.497297059543619625e-08
7.949180837128040147e-08
6.962585550229660691e-08
6.277175958886952121e-08
5.828224562306462533e-08
4.911146636712625951e-08
4.217574638017325347e-08
3.405352324534258219e-08
2.605746436519375072e-08
1.910325513635341927e-08
1.618764736565783914e-08
1.261812893699715568e-08
2.170880611752564812e-09
1.705393297291965832e-09
8.070213833905291820e-10
3.957552276075057948e-10
3.185533981352996691e-10
2.742097151635540791e-10
