4.204791784286499023e-01
1.518394947052001953e-01
8.954153209924697876e-02
4.051449149847030640e-02
2.760088630020618439e-02
1.704637520015239716e-02
1.175666879862546921e-02
9.235995821654796600e-03
6.583620328456163406e-03
4.453391302376985550e-03
4.277262836694717407e-03
3.863129066303372383e-03
3.144612070173025131e-03
2.683016937226057053e-03
2.142100827768445015e-03
1.752703799866139889e-03
1.634855289012193680e-03
1.313264132477343082e-03
1.242931000888347626e-03
1.027395832352340221e-03
8.871912141330540180e-04
8.124680607579648495e-04
7.137024076655507088e-04
6.196793983690440655e-04
5.373564199544489384e-04
4.990835441276431084e-04
4.673726216424256563e-04
4.274798557162284851e-04
4.209156031720340252e-04
4.176366492174565792e-04
3.684480907395482063e-04
3.574253933038562536e-04
3.225480031687766314e-04
3.019177238456904888e-04
2.915181394200772047e-04
2.693742862902581692e-04
2.570629876572638750e-04
2.411104796919971704e-04
2.199096488766372204e-04
2.126664621755480766e-04
1.875056914286687970e-04
1.854336005635559559e-04
1.680734276305884123e-04
1.557226350996643305e-04
1.537580537842586637e-04
1.453828735975548625e-04
1.402853667968884110e-04
1.306635531364008784e-04
1.293353852815926075e-04
1.239067496499046683e-04
1.177040103357285261e-04
1.155854042735882103e-04
1.145751666626892984e-04
1.073290550266392529e-04
1.050928331096656621e-04
9.772208431968465447e-05
9.104027412831783295e-05
8.770084969000890851e-05
8.493314089719206095e-05
8.142249134834855795e-05
8.016134233912453055e-05
7.236537931021302938e-05
7.056499453028663993e-05
6.894801481394097209e-05
6.391623173840343952e-05
6.371811468852683902e-05
5.917848466197028756e-05
5.673159830621443689e-05
5.632511602016165853e-05
5.255172800389118493e-05
5.203126420383341610e-05
4.931962394039146602e-05
4.804980562767013907e-05
4.318120045354589820e-05
4.293840174796059728e-05
4.065485336468555033e-05
4.020508276880718768e-05
3.841543366434052587e-05
3.607728285714983940e-05
3.553543501766398549e-05
3.397059117560274899e-05
3.334301436552777886e-05
3.141424531349912286e-05
3.058568108826875687e-05
3.009373176610097289e-05
2.874143319786526263e-05
2.791181213979143649e-05
2.598675564513541758e-05
2.518654764571692795e-05
2.476287954777944833e-05
2.389487053733319044e-05
2.298844810866285115e-05
2.246786425530444831e-05
2.152935303456615657e-05
2.101086283801123500e-05
2.078275429084897041e-05
2.021145701291970909e-05
1.895481727842707187e-05
1.858092036854941398e-05
1.837540003180038184e-05
1.767901994753628969e-05
1.753867218212690204e-05
1.702770532574504614e-05
1.646989585424307734e-05
1.590753163327462971e-05
1.480574337620055303e-05
1.463284570490941405e-05
1.406672436132794246e-05
1.366445121675496921e-05
1.331315343122696504e-05
1.300430267292540520e-05
1.260044791706604883e-05
1.220846661453833804e-05
1.156311645900132135e-05
1.126534789364086464e-05
1.078330024029128253e-05
1.044537202687934041e-05
1.037334732245653868e-05
1.010606683848891407e-05
9.830037015490233898e-06
9.538035556033719331e-06
9.183702786685898900e-06
8.880350833351258188e-06
8.621917913842480630e-06
8.591679943492636085e-06
8.149818313540890813e-06
7.860930054448544979e-06
7.683705007366370410e-06
7.534006272180704400e-06
7.462070243491325527e-06
7.171643119363579899e-06
7.050871772662503645e-06
6.981148544582538307e-06
6.601304903597338125e-06
6.369482889567734674e-06
6.311092420219210908e-06
6.034478246874641627e-06
5.925571258558193222e-06
5.784768745797919109e-06
5.471558324643410742e-06
5.357695954444352537e-06
5.228865120443515480e-06
5.105188847664976493e-06
4.996730240236502141e-06
4.706506842921953648e-06
4.691658432420808822e-06
4.535813786787912250e-06
4.373967385618016124e-06
4.273638296581339091e-06
4.177504251856589690e-06
4.061331310367677361e-06
3.986130650446284562e-06
3.921733423339901492e-06
3.837953499896684662e-06
3.607768576330272481e-06
3.596964688767911866e-06
3.491297547952854075e-06
3.264062343077966943e-06
3.247427684982540086e-06
3.181112333550117910e-06
3.018061761395074427e-06
2.991152086906367913e-06
2.937541012215660885e-06
2.856056198652368039e-06
2.769176944639184512e-06
2.688568429221049882e-06
2.669266905286349356e-06
2.625014303703210317e-06
2.536105284889345057e-06
2.447697397656156681e-06
2.392385795246809721e-06
2.346549763387884013e-06
2.304763711435953155e-06
2.227546701760729775e-06
2.221770955657120794e-06
2.097020569635787979e-06
2.082767423416953534e-06
2.005940359595115297e-06
1.967670186786563136e-06
1.939056119226734154e-06
1.875551447483303491e-06
1.852376499300589785e-06
1.821970499804592691e-06
1.723127752484288067e-06
1.681835556155419908e-06
1.658133101045677904e-06
1.593230535945622250e-06
1.559589236421743408e-06
1.513127017460647039e-06
1.498974711466871668e-06
1.455523943150183186e-06
1.425692403245193418e-06
1.386692360938468482e-06
1.332448505309002940e-06
1.299902237406058703e-06
1.243444785359315574e-06
1.212086999657913111e-06
1.205289777317375410e-06
1.166671495411719661e-06
1.128619487644755282e-06
1.103440467886684928e-06
1.082243102246138733e-06
1.018633383864653297e-06
1.005610783977317624e-06
9.765298045749659650e-07
9.432797583031060640e-07
9.368743576487759128e-07
9.076370588445570320e-07
8.911267741495976225e-07
8.631237164991034660e-07
8.358226182281214278e-07
8.125375643430743366e-07
8.081826194938912522e-07
7.704201721026038285e-07
7.310308092201012187e-07
7.185550430222065188e-07
7.009547857705911156e-07
6.918111239428981207e-07
6.627150241911294870e-07
6.449296279242844321e-07
6.222252295629004948e-07
5.933798092883080244e-07
5.846383714924741071e-07
5.607170123766991310e-07
5.483511813508812338e-07
5.275485364109044895e-07
5.113004135637311265e-07
5.010212476008746307e-07
4.865873393100628164e-07
4.619078595169412438e-07
4.433183846686006291e-07
4.358379328550654463e-07
4.172447063410800183e-07
4.076631796579022193e-07
3.960261381052987417e-07
3.905456367192527978e-07
3.695459156460856320e-07
3.613684498304792214e-07
3.495198654945852468e-07
3.362818290497671114e-07
3.303165954093856271e-07
3.111749151685216930e-07
3.081339343680156162e-07
3.022949783826334169e-07
2.922799353655136656e-07
2.743090306012163637e-07
2.685303854832454817e-07
2.635310636378562776e-07
2.574981294856115710e-07
2.489461792265501572e-07
2.296067975748883327e-07
2.206809313065605238e-07
2.181266012257765396e-07
2.003763057700780337e-07
1.954787052227402455e-07
1.898961556889844360e-07
1.838406262777425582e-07
1.765238266671076417e-07
1.625273142735750298e-07
1.606746167226447142e-07
1.517953904794921982e-07
1.423398003908005194e-07
1.307199966049665818e-07
1.281881054637779016e-07
1.229578998618308106e-07
1.200340165041779983e-07
1.127474504869496741e-07
1.052899420983521850e-07
9.654902299871537252e-08
9.553695434760811622e-08
8.830230058265442494e-08
8.417656971460019122e-08
8.136812823522632243e-08
7.384335276583442464e-08
6.433224086777045159e-08
6.271942964986010338e-08
5.640553979446849553e-08
5.635819988469847885e-08
5.158976890129451931e-08
4.252076024613415939e-08
4.032136047271706047e-08
3.772020207293280691e-08
3.223647837558019091e-08
2.879146343559568777e-08
2.532429199675334530e-08
2.295990952916326933e-08
2.160239809256836452e-08
1.659663340092265571e-08
1.171161212454308043e-08
1.009425165676702818e-08
9.562852731903603853e-09
7.547942715291355853e-09
6.680080044674241435e-09
5.335432540221063391e-09
3.441896767597540929e-09
2.881317850977893613e-09
1.418496209382169582e-09
