2.154978990554809570e+00
1.386890292167663574e+00
8.372632861137390137e-01
7.435968518257141113e-01
4.968897104263305664e-01
3.720695972442626953e-01
2.202715873718261719e-01
1.996900141239166260e-01
1.794797778129577637e-01
1.517342776060104370e-01
1.087214574217796326e-01
8.527628332376480103e-02
7.766784727573394775e-02
6.292943656444549561e-02
5.504835397005081177e-02
5.245715379714965820e-02
4.382345080375671387e-02
3.851273655891418457e-02
3.405069187283515930e-02
3.251576796174049377e-02
3.022778965532779694e-02
2.956853806972503662e-02
2.811112254858016968e-02
2.503466419875621796e-02
2.370416186749935150e-02
2.306343615055084229e-02
2.137283049523830414e-02
1.960687711834907532e-02
1.768231578171253204e-02
1.709993556141853333e-02
1.632914505898952484e-02
1.614025793969631195e-02
1.470818929374217987e-02
1.377285271883010864e-02
1.314612384885549545e-02
1.277821417897939682e-02
1.248497329652309418e-02
1.199603546410799026e-02
1.145346742123365402e-02
1.112176198512315750e-02
1.007652562111616135e-02
9.903632104396820068e-03
9.762045927345752716e-03
9.390030987560749054e-03
8.996258489787578583e-03
8.671526797115802765e-03
8.274078369140625000e-03
7.827868685126304626e-03
7.615915965288877487e-03
7.460675667971372604e-03
7.222493179142475128e-03
6.780114956200122833e-03
6.604536436498165131e-03
6.471720524132251740e-03
6.145615130662918091e-03
6.016048137098550797e-03
5.834207404404878616e-03
5.443655885756015778e-03
5.288920830935239792e-03
5.026170518249273300e-03
4.990630783140659332e-03
4.832596052438020706e-03
4.717535804957151413e-03
4.527339246124029160e-03
4.270147532224655151e-03
4.001184832304716110e-03
3.951520193368196487e-03
3.756470745429396629e-03
3.667213488370180130e-03
3.572100074961781502e-03
3.488509450107812881e-03
3.360121278092265129e-03
3.229383379220962524e-03
3.158468054607510567e-03
3.046887926757335663e-03
2.950550522655248642e-03
2.895343350246548653e-03
2.783532254397869110e-03
2.763589145615696907e-03
2.633595140650868416e-03
2.557996660470962524e-03
2.514716470614075661e-03
2.428397070616483688e-03
2.363129286095499992e-03
2.260605571791529655e-03
2.221083268523216248e-03
2.187887206673622131e-03
2.124684629961848259e-03
2.007695380598306656e-03
1.949516008608043194e-03
1.898716087453067303e-03
1.883842633105814457e-03
1.776107703335583210e-03
1.725257723592221737e-03
1.640096539631485939e-03
1.599600771442055702e-03
1.574876718223094940e-03
1.532303169369697571e-03
1.496476121246814728e-03
1.418461208231747150e-03
1.367287943139672279e-03
1.300564152188599110e-03
1.258660689927637577e-03
1.235591364093124866e-03
1.183776068501174450e-03
1.169515191577374935e-03
1.149635529145598412e-03
1.086821663193404675e-03
1.071984064765274525e-03
1.028240076266229153e-03
9.983326308429241180e-04
9.544081985950469971e-04
9.425817406736314297e-04
9.239524952135980129e-04
8.942887070588767529e-04
8.876493666321039200e-04
8.575198589824140072e-04
8.332403376698493958e-04
7.955921464599668980e-04
7.841057959012687206e-04
7.689606281928718090e-04
7.609081221744418144e-04
7.196363876573741436e-04
7.089327555149793625e-04
7.029199623502790928e-04
6.648401031270623207e-04
6.542657501995563507e-04
6.322332774288952351e-04
6.173315341584384441e-04
5.941659910604357719e-04
5.791178555227816105e-04
5.497465026564896107e-04
5.326814716681838036e-04
5.120289861224591732e-04
5.101563292555510998e-04
4.948336281813681126e-04
4.818198212888091803e-04
4.717179108411073685e-04
4.576612554956227541e-04
4.394224961288273335e-04
4.278133856132626534e-04
4.014104779344052076e-04
4.005983355455100536e-04
3.836518444586545229e-04
3.809593035839498043e-04
3.528033848851919174e-04
3.482773317955434322e-04
3.405830066185444593e-04
3.268777218181639910e-04
3.260485536884516478e-04
3.083922783844172955e-04
3.049386432394385338e-04
2.975763636641204357e-04
2.893568016588687897e-04
2.830246812663972378e-04
2.687048981897532940e-04
2.638949372339993715e-04
2.606527414172887802e-04
2.552883233875036240e-04
2.460378746036440134e-04
2.381531085120514035e-04
2.240785979665815830e-04
2.136951661668717861e-04
2.091973728965967894e-04
1.915762113640084863e-04
1.892211439553648233e-04
1.767970679793506861e-04
1.750028895912691951e-04
1.688010961515828967e-04
1.631623454159125686e-04
1.591267209732905030e-04
1.496322365710511804e-04
1.468604459660127759e-04
1.382617629133164883e-04
1.345233758911490440e-04
1.300201547564938664e-04
1.251251815119758248e-04
1.186444205814041197e-04
1.143724730354733765e-04
1.116243292926810682e-04
1.057882909663021564e-04
1.005187150440178812e-04
9.750606113811954856e-05
8.968501060735434294e-05
8.605501352576538920e-05
8.202211756724864244e-05
7.906305836513638496e-05
7.491833821404725313e-05
6.743666017428040504e-05
6.706154817948117852e-05
6.483296601800248027e-05
5.567577318288385868e-05
5.170006988919340074e-05
5.051334665040485561e-05
4.572473699226975441e-05
4.133849506615661085e-05
3.785396984312683344e-05
2.964246777992229909e-05
1.901871371501329122e-08
-1.706885655039513949e-08
1.701429930278663960e-08
-1.609613065056691994e-08
-1.449990350010921247e-08
1.339256083809914344e-08
1.131799542974931683e-08
1.103831159809942619e-08
-1.055097520463732508e-08
-1.035874674926162697e-08
1.033893415325337628e-08
9.671295764235310344e-09
-9.607722617488434480e-09
-9.464047323604063422e-09
9.195773920112060296e-09
-8.932481421197735472e-09
8.766933845549829130e-09
-8.254323446976741252e-09
8.086801450701841532e-09
7.867615892109824927e-09
-7.682030123135064059e-09
7.573047078324179893e-09
-7.383652800285744888e-09
7.192529682953363590e-09
-6.953635889317411056e-09
6.921191175734975332e-09
-6.663479990010046095e-09
6.606288849297925481e-09
-6.249962325455271639e-09
6.116930517663377032e-09
-5.943177505685071083e-09
5.776835454440742978e-09
5.714933415390532900e-09
-5.685369508512394532e-09
-5.480603082474999610e-09
5.156554738761087719e-09
-5.087760879263214520e-09
4.952533050328611353e-09
-4.854666890707903804e-09
4.586635515835268961e-09
-4.537484166178273881e-09
4.461115921117198013e-09
-4.368220007933132365e-09
-4.239509188153078867e-09
4.073708925744767839e-09
3.942807857981733832e-09
-3.825473715579619238e-09
3.788788838221535116e-09
-3.565573836183943968e-09
-3.487174771166223763e-09
3.399304171480821424e-09
-3.340138388097102506e-09
3.235730794415303535e-09
-3.174502438696436002e-09
3.085795619028885994e-09
-3.033622908432676013e-09
3.026938033556803020e-09
-2.936598963998449108e-09
2.789437569816755058e-09
-2.763705486685807955e-09
2.561700851444470572e-09
-2.521623798656946747e-09
2.396394860326722664e-09
-2.366421725241707463e-09
-2.227730888648693508e-09
2.226881345990250338e-09
-2.129687537433255784e-09
2.095997153617190634e-09
1.994949094807907386e-09
-1.926623527381821077e-09
-1.816008121657830543e-09
1.794504100871563423e-09
-1.738227450864826551e-09
1.572993624243679278e-09
-1.489778522767437607e-09
-1.437640340107293468e-09
1.391973869502294292e-09
1.327814524998416346e-09
-1.146916894789740127e-09
1.139275007666640249e-09
1.082724687684333276e-09
-1.066699617524591304e-09
9.293726344061781219e-10
-9.162909875293223649e-10
8.640092530320941933e-10
-8.478500124198262711e-10
7.441063321067531433e-10
-7.234843835135507106e-10
6.000265284633599094e-10
-5.560038540686207398e-10
4.996729696671309284e-10
-4.965945432644502944e-10
-3.845403162561211730e-10
3.757849864616247260e-10
2.636544316203526250e-10
-2.158122291984199137e-10
-1.312622094351567625e-10
7.344024000044413469e-11
-1.802525489980055795e-11
