6.855694449736491336e-01
2.628856361657547214e-01
1.915348463668797852e-01
1.553774065118046777e-01
1.410580820979490391e-01
1.047248285386992300e-01
9.557851313938513227e-02
7.344265715037569253e-02
6.623163406847418222e-02
5.812931288856206663e-02
4.931011453965374741e-02
4.386920362228313025e-02
4.066558364606693426e-02
3.803895334273276613e-02
3.382105159046593784e-02
3.072154006121574632e-02
2.965873127167943310e-02
2.896659988924190146e-02
2.592991067956317008e-02
2.432370221594446630e-02
2.380169762017558463e-02
2.244327442048598548e-02
2.071260970175975435e-02
1.993657960790313349e-02
1.871504765239465767e-02
1.797310035401940287e-02
1.759437156103608665e-02
1.652994374846297396e-02
1.566415151978666279e-02
1.529581811658105479e-02
1.482970400457529411e-02
1.443511898670754232e-02
1.396510432242213835e-02
1.368738477872755155e-02
1.309889139654005392e-02
1.268908745662959171e-02
1.212221557832612699e-02
1.142663082977093091e-02
1.111555005640513585e-02
1.092586459831050745e-02
1.033175624511410880e-02
1.019558837484932194e-02
9.943226506910689960e-03
9.810897683459472024e-03
9.499586408137947885e-03
8.826612904521273159e-03
8.740421983383204682e-03
8.305937577246473927e-03
8.209311413385008901e-03
7.723809886503988156e-03
7.576387110749512391e-03
7.552593909717640434e-03
7.301101349913189514e-03
7.043684820109029007e-03
6.945155355296328548e-03
6.785162066431198180e-03
6.763925846028833420e-03
6.476971690303060143e-03
6.111970132475027032e-03
5.940797912592668366e-03
5.757115905723634262e-03
5.718853773431890886e-03
5.527288632162632998e-03
5.392705141204502325e-03
5.138516962241237301e-03
4.950536714563388667e-03
4.895776371755169304e-03
4.801538905408765483e-03
4.662617217878540707e-03
4.462433209513220166e-03
4.331079740888125855e-03
4.287445222265738771e-03
4.103253033156708564e-03
4.054416746429342737e-03
3.911036235815629723e-03
3.863891823859603308e-03
3.774706802228884085e-03
3.704888659660040065e-03
3.640341997898773226e-03
3.490791163408946997e-03
3.387329624260838022e-03
3.300290166628349134e-03
3.223279458519022998e-03
3.148545308849326312e-03
3.033324143141706824e-03
2.979008157017566053e-03
2.962463667867601316e-03
2.869191100693169617e-03
2.851593658775015798e-03
2.793010039649323605e-03
2.739637060682527641e-03
2.672704978812206339e-03
2.536532221792000760e-03
2.480215334579498679e-03
2.446936549786035524e-03
2.385885253787656170e-03
2.343854582782294027e-03
2.254919097356950820e-03
2.233022298035146347e-03
2.195552109443322814e-03
2.180159548791700975e-03
2.136727616577461120e-03
2.064251389539334403e-03
2.012177312242291027e-03
1.993696364919455427e-03
1.912034416341358263e-03
1.898033298490591110e-03
1.846249485828051727e-03
1.781721288813776930e-03
1.753060967150038086e-03
1.722642646902327419e-03
1.670537426470093765e-03
1.635307099215339843e-03
1.621177779562865120e-03
1.600683153877738556e-03
1.565539586154487267e-03
1.506784660664413746e-03
1.495297433404100618e-03
1.438823655857841876e-03
1.408695060403551474e-03
1.373764637216956042e-03
1.320961571132350451e-03
1.249137276061673078e-03
1.241920453854022379e-03
1.225135986187036357e-03
1.171913762747458848e-03
1.136503161460166930e-03
1.118968832841305168e-03
1.098235461698549541e-03
1.067749687931858395e-03
1.039096926865032411e-03
1.019034986242309867e-03
9.968685046700088374e-04
9.567869896022067637e-04
9.315439720914532942e-04
9.144510453427884874e-04
9.002944373402930458e-04
8.758773089583047440e-04
8.580593670358305398e-04
8.510933750126004321e-04
8.165214523173622329e-04
8.031026574993667833e-04
7.658827185747766773e-04
7.557160909462517498e-04
7.281972037431202289e-04
6.934500750286158848e-04
6.804691791164497062e-04
6.607245880505100994e-04
6.496329247632603564e-04
6.275249849119802787e-04
6.191542893338010736e-04
5.931333102328117989e-04
5.815754612673756149e-04
5.466679604897118835e-04
5.459754641235362374e-04
5.302188721365633239e-04
5.199703815048633149e-04
5.177842587725247584e-04
4.916498047610576337e-04
4.852427989430364440e-04
4.660024123197974741e-04
4.477860999752912140e-04
4.427018178634444922e-04
4.326276572886563268e-04
4.208129033146984954e-04
3.938893719810691797e-04
3.902873621656960455e-04
3.838969280586071757e-04
3.613109776807404516e-04
3.580179863606971916e-04
3.360692879516531738e-04
3.341896055067062254e-04
3.176925101373874721e-04
3.042357600841502185e-04
2.895992919734701170e-04
2.883787248431956066e-04
2.779627902011311789e-04
2.741006116215491915e-04
2.509422528740738235e-04
2.471376175252639178e-04
2.358896404632012766e-04
2.346588819877839702e-04
2.150317107883041319e-04
2.080676682790739637e-04
1.930261695404403397e-04
1.898802974104491512e-04
1.838243464374291391e-04
1.792618414257897788e-04
1.705280189238846534e-04
1.598987697729192684e-04
1.535212030580670474e-04
1.442568955594266615e-04
1.411471709127577647e-04
1.334692720183655612e-04
1.312982752508636214e-04
1.243083366847004133e-04
1.117968167543636164e-04
1.092004890436717269e-04
1.030759095047619882e-04
9.526675959677650247e-05
9.251952026721350637e-05
8.334704205259830146e-05
7.647177827739999871e-05
7.023975696804511996e-05
6.693065701006988184e-05
6.253191125029573566e-05
5.340017001190376265e-05
4.580450183351522403e-05
4.244834544760236496e-05
1.995010193808158655e-08
1.771559755330139814e-08
1.591799155888245115e-08
1.335085073573000729e-08
1.243830233963120156e-08
1.156440566049618541e-08
1.094077248243576808e-08
1.057409864363236706e-08
1.022082203849150862e-08
9.786305753773238729e-09
9.383436769424003842e-09
9.222538941948249102e-09
9.107849050190516491e-09
8.370207173930779017e-09
8.308257865227233041e-09
7.846438855959816143e-09
7.801184596567841480e-09
7.489670277827650679e-09
7.328630078260025269e-09
6.828069435281775811e-09
6.653973887463540491e-09
6.328596886569397290e-09
6.116256002630934480e-09
5.932629208343484809e-09
5.684375063700398350e-09
5.442436465171118797e-09
5.262063339289706536e-09
5.144098889610245593e-09
5.126575984168134334e-09
4.912007479298901380e-09
4.858749748349023930e-09
4.837805377546035083e-09
4.624573176406389088e-09
4.434114048564258633e-09
4.407356001803359961e-09
4.237931868794026834e-09
4.157092483326762068e-09
3.943168350332229683e-09
3.911182539434383694e-09
3.644705902135443117e-09
3.574267796290207476e-09
3.537128527906777721e-09
3.465803781791958636e-09
3.418214865197103064e-09
2.989286308253609995e-09
2.966510689233677028e-09
2.864664515040628488e-09
2.831082451113434388e-09
2.738211859755188672e-09
2.630064125867403496e-09
2.569489488862859083e-09
2.517400783953563270e-09
2.498444786152959517e-09
2.372660349937614102e-09
2.204571552295312510e-09
2.129710799884567697e-09
2.018087725814739098e-09
1.995341097991307064e-09
1.887798392250736215e-09
1.801907060809123641e-09
1.741417182369907425e-09
1.660838154642603771e-09
1.568586837350150321e-09
1.566739551778302629e-09
1.302440753588370433e-09
1.289140073901503298e-09
1.248510278198415794e-09
1.172281144862549095e-09
1.122200398830582338e-09
1.028282724413170911e-09
9.348726671829212410e-10
9.303800827510467849e-10
8.797208461264666334e-10
7.128826932365597435e-10
6.970121661462396665e-10
6.705888203954504149e-10
5.356340799981096007e-10
5.343444721984408193e-10
4.724761577317823163e-10
4.717802824825797474e-10
4.001267684946280414e-10
3.804867684521896471e-10
3.565744296848296343e-10
1.987947594095281580e-10
1.751393345989064407e-10
1.273027163203201927e-10
1.260320979238443626e-10
1.639696033821273548e-11
