1.083312392234802246e+00
5.141392946243286133e-01
3.924867212772369385e-01
2.841982245445251465e-01
2.653623521327972412e-01
2.005175799131393433e-01
1.776153147220611572e-01
1.419914960861206055e-01
9.374354779720306396e-02
7.312851399183273315e-02
6.560888141393661499e-02
6.058724969625473022e-02
5.631231889128684998e-02
5.606676265597343445e-02
4.725629091262817383e-02
4.352346062660217285e-02
3.597147390246391296e-02
3.529976308345794678e-02
3.268934786319732666e-02
3.104574233293533325e-02
2.677881345152854919e-02
2.668276429176330566e-02
2.332267165184020996e-02
2.176211960613727570e-02
2.032296359539031982e-02
2.013582177460193634e-02
1.854790002107620239e-02
1.678787916898727417e-02
1.657710783183574677e-02
1.595696806907653809e-02
1.537199784070253372e-02
1.420303434133529663e-02
1.402062643319368362e-02
1.226723846048116684e-02
1.192176807671785355e-02
1.143625192344188690e-02
1.107359863817691803e-02
1.027357392013072968e-02
1.016654260456562042e-02
9.928995743393898010e-03
9.594571776688098907e-03
8.569161407649517059e-03
8.477824740111827850e-03
8.176274597644805908e-03
7.847918197512626648e-03
7.592285983264446259e-03
7.408269215375185013e-03
6.992817390710115433e-03
6.525825243443250656e-03
6.397771183401346207e-03
6.225791759788990021e-03
5.934979300945997238e-03
5.570258945226669312e-03
5.518029443919658661e-03
5.106035619974136353e-03
5.032259505242109299e-03
4.949944093823432922e-03
4.835351370275020599e-03
4.662993364036083221e-03
4.455921240150928497e-03
4.391830414533615112e-03
4.275338724255561829e-03
4.221438430249691010e-03
4.042515065521001816e-03
3.808930283412337303e-03
3.686644835397601128e-03
3.620568197220563889e-03
3.579547395929694176e-03
3.311230801045894623e-03
3.201791085302829742e-03
3.176459576934576035e-03
3.129491349682211876e-03
2.967803040519356728e-03
2.903138287365436554e-03
2.854211954399943352e-03
2.749970182776451111e-03
2.638596342876553535e-03
2.500579692423343658e-03
2.421357668936252594e-03
2.362833824008703232e-03
2.335849916562438011e-03
2.273145597428083420e-03
2.173813758417963982e-03
2.110301284119486809e-03
2.099898876622319221e-03
2.012488199397921562e-03
1.983202528208494186e-03
1.903054420836269855e-03
1.892985892482101917e-03
1.806658110581338406e-03
1.729892566800117493e-03
1.691231969743967056e-03
1.605277764610946178e-03
1.548941247165203094e-03
1.536600990220904350e-03
1.512343180365860462e-03
1.487594214268028736e-03
1.434357953257858753e-03
1.422423869371414185e-03
1.383897615596652031e-03
1.343696843832731247e-03
1.297276467084884644e-03
1.274102833122014999e-03
1.243917155079543591e-03
1.163159613497555256e-03
1.154012163169682026e-03
1.131102209910750389e-03
1.105192000977694988e-03
1.084250980056822300e-03
1.059080124832689762e-03
9.972639381885528564e-04
9.690470178611576557e-04
9.412962826900184155e-04
9.349100873805582523e-04
9.091668762266635895e-04
8.607534109614789486e-04
8.423572289757430553e-04
8.285103249363601208e-04
8.123507141135632992e-04
7.928077247925102711e-04
7.721958681941032410e-04
7.577429641969501972e-04
7.376554422080516815e-04
7.135279010981321335e-04
6.903166067786514759e-04
6.635913741774857044e-04
6.539925816468894482e-04
6.295473431237041950e-04
6.239129579626023769e-04
6.068094517104327679e-04
5.777364131063222885e-04
5.448865704238414764e-04
5.351807340048253536e-04
5.170357762835919857e-04
5.089927581138908863e-04
5.026357830502092838e-04
4.906010581180453300e-04
4.662673745770007372e-04
4.492178268264979124e-04
4.455229209270328283e-04
4.234171938151121140e-04
4.057235782966017723e-04
4.030035051982849836e-04
3.906130150426179171e-04
3.874318499583750963e-04
3.823032020591199398e-04
3.682327806018292904e-04
3.446346381679177284e-04
3.378701512701809406e-04
3.343188727740198374e-04
3.279160591773688793e-04
3.182020736858248711e-04
3.054995322600007057e-04
2.899513638112694025e-04
2.857999352272599936e-04
2.818616630975157022e-04
2.753344597294926643e-04
2.684917417354881763e-04
2.499562106095254421e-04
2.438966330373659730e-04
2.407506253803148866e-04
2.358460187679156661e-04
2.231799880973994732e-04
2.201731695095077157e-04
2.168040809920057654e-04
2.074973745038732886e-04
1.912899024318903685e-04
1.869746192824095488e-04
1.829887623898684978e-04
1.807725930120795965e-04
1.741897722240537405e-04
1.625306322239339352e-04
1.590417959960177541e-04
1.549814624013379216e-04
1.485279208282008767e-04
1.443288056179881096e-04
1.387179072480648756e-04
1.335729757556691766e-04
1.236724783666431904e-04
1.160865867859683931e-04
1.157640726887620986e-04
1.092489474103786051e-04
1.062564260791987181e-04
1.026257668854668736e-04
9.684672113507986069e-05
9.608660911908373237e-05
9.329995373263955116e-05
9.015708928927779198e-05
8.541330316802486777e-05
7.745232869638130069e-05
7.358393486356362700e-05
6.963259511394426227e-05
6.715508061461150646e-05
6.509085505967959762e-05
6.035127080394886434e-05
5.912805499974638224e-05
5.769160270574502647e-05
5.628700091619975865e-05
4.991199602955020964e-05
4.636956873582676053e-05
4.401780461193993688e-05
4.211640043649822474e-05
3.624904275056906044e-05
3.386111711733974516e-05
3.215557808289304376e-05
2.964031773444730788e-05
2.455627691233530641e-05
2.379800571361556649e-05
1.900752613437362015e-05
2.192433079528655071e-08
1.336801158657863198e-08
-1.073084998637341414e-08
8.629063685816618090e-09
-8.065230261422584590e-09
7.067034513141834395e-09
6.275835850999555987e-09
5.790712354070137735e-09
-5.637744049380444267e-09
5.468478558867673200e-09
-5.012176007568314162e-09
4.914891160723300345e-09
-4.484397742032797396e-09
4.399197450766223483e-09
-4.174816492508170995e-09
-4.069754311331053032e-09
4.044975909778258938e-09
-3.888839472665495123e-09
3.706968065841920179e-09
-3.677029125626063433e-09
3.559510020068046288e-09
-3.429174499913756335e-09
-3.358412437037827658e-09
3.299666317957417050e-09
-3.022376349193223177e-09
3.004813953211282751e-09
-2.874912752304226160e-09
2.862871051334536787e-09
2.679457544729757501e-09
-2.674071630792695942e-09
2.614422234259450306e-09
-2.597769555023887733e-09
-2.393990783389199350e-09
2.389596076568523131e-09
-2.354189287956387489e-09
-2.325283965376456763e-09
-2.220226669180647150e-09
-2.123623055183543329e-09
2.115606356767329999e-09
2.048381464447857070e-09
-1.989587161688177730e-09
1.902516588714320278e-09
1.841738539454240708e-09
-1.827402340559558525e-09
1.789828618647959502e-09
-1.756588874357589702e-09
-1.576561547977917144e-09
1.550326977906024695e-09
-1.521397452464157141e-09
1.475143784901433719e-09
-1.459854792607018226e-09
1.434405039191233300e-09
-1.318209985612384116e-09
1.295615836838237556e-09
1.253313341997852604e-09
-1.188631970627795909e-09
1.145587069650844114e-09
1.107562264124339890e-09
-1.103562463633522839e-09
1.046751019195824028e-09
-1.000696747688323285e-09
-9.427514324755748021e-10
-9.215963547859473692e-10
9.010505119810829910e-10
8.712862098469997818e-10
-8.653467387098601193e-10
8.183079214241217869e-10
-7.842440585825727339e-10
6.994633205970046674e-10
6.299843424706352835e-10
-6.231554161573171768e-10
5.872086705771550896e-10
5.472052810873151429e-10
-5.349978793312004655e-10
-4.618973259429282052e-10
4.031478206822924903e-10
3.734414166789434830e-10
-3.622636357558661757e-10
3.162836104131372394e-10
-2.577810742643293906e-10
2.505906315786177174e-10
2.360885931196321508e-10
-2.200441356903226620e-10
-2.173242558134447222e-10
1.637995017400584175e-10
-1.503313445949672200e-10
1.043516245635700557e-10
-9.613054276214061389e-12
