3.808899182939644041e-03 1.704028866883186208e-02
4.978141034680057600e-03 1.573181931913774506e-02
6.787503195419718020e-03 1.416616468210099219e-02
3.720975484846342392e-03 2.039217345189009087e-02
4.510238602886261494e-03 1.694864211891879135e-02
5.906820465425391062e-03 1.678105251717891544e-02
8.157948706150148707e-03 1.518268988259689062e-02
5.981972664719321583e-03 1.740343805369633928e-02
7.323881403199178006e-03 1.767546348988455196e-02
2.572141400685677790e-03 1.837944469872578035e-02
4.798311169605772551e-03 1.914866994675069184e-02
2.443904721812773830e-03 1.947740807815399530e-02
5.002588896018715474e-03 1.596188744562379927e-02
4.505440325220774669e-04 1.991166296010915895e-02
5.234455653837323530e-03 2.067354867877461977e-02
3.141881313533380587e-04 1.979509283813124521e-02
3.672407183105130379e-03 1.250016923218462764e-02
4.295460634388100288e-03 1.071785476044582672e-02
4.378291091913290647e-03 2.029104234649781180e-02
6.042638064257425251e-03 1.635073653862803567e-02
3.530183479929355477e-03 2.220471744053010080e-02
5.719563296426617184e-03 5.719563296426617184e-03
1.363268220277285018e-04 1.549675257373916808e-02
3.188200594487394183e-03 2.053610467311879281e-02
2.352354115371774711e-03 2.065997114718405581e-02
3.542735780488940819e-03 1.846687709007164419e-02
4.233067339165866479e-03 1.737157737360519455e-02
4.437528572565308145e-03 1.010142484585688921e-02
2.238981776909591912e-03 1.634707963642578754e-02
5.055997231638246353e-03 1.630689745349436087e-02
3.901871066843142465e-03 1.814878247813906179e-02
2.929378830619303866e-04 1.773970404812552290e-02
1.840221989077417148e-03 1.942573255177845043e-02
4.565536297235669159e-04 1.980898145947010414e-02
4.785832179260087089e-03 1.296139883756172381e-02
5.383943452167964938e-03 1.006313713640245855e-02
2.052460232288336010e-03 2.192884034722699174e-02
5.092911046766298612e-03 1.304449310267467160e-02
2.127808516895729040e-03 2.063732573714315705e-02
5.269717237750785356e-03 1.494250862368799726e-02
4.168384147447883568e-03 1.118226158682573967e-02
8.004527969262049958e-03 1.348755993510143691e-02
5.913039935503754466e-03 2.272829529265336240e-02
5.607232764664460412e-03 2.004684901434641842e-02
5.495178667368796378e-03 1.419168196765497464e-02
4.608131180384287054e-03 2.145795311181930565e-02
5.920924470103791984e-03 1.884985244419837974e-02
2.709037855492591775e-03 2.076472071930123356e-02
4.184091216728995886e-03 1.112851965057273101e-02
3.894509073617180486e-03 1.198840533601586850e-02
7.228678748422402711e-03 7.228678748422402711e-03
4.913829021121257287e-03 4.913829021121257287e-03
3.022815985260353215e-03 1.351402717780033486e-02
6.766016109118060638e-03 1.759114561821845460e-02
3.664159855139240401e-03 2.042808599943416598e-02
6.734181770180697538e-03 1.701691454225717770e-02
1.403310044348318481e-03 1.928406727165627235e-02
4.268520059352911948e-03 2.347444870531548156e-02
2.673950925532867819e-03 2.116794175341292147e-02
1.466734209767802223e-03 2.297327965255464496e-02
4.544929053835478246e-03 1.730575954233717906e-02
6.530404106537769995e-03 1.546040414615310228e-02
2.040024314594542781e-03 2.073451720218691050e-02
5.010749294016777176e-03 1.881420417447340204e-02
3.251339408907867969e-04 1.980471146212872333e-02
4.334938037026554551e-03 1.419533134956176695e-02
5.119075637794582613e-04 1.996181134425033601e-02
4.138055350741874638e-03 1.702068528840144576e-02
4.376999331959550467e-03 1.037883639680724397e-02
4.923744723349035048e-03 1.996272448020740276e-02
6.443009933719240356e-03 1.802252140283944204e-02
8.250139632447465359e-04 1.602536477934789899e-02
5.161649162231015005e-03 1.870312203469536028e-02
1.734633855243011141e-03 1.419854174628744706e-02
3.501271617762943909e-03 1.814511411966142351e-02
1.717269059851932276e-04 1.844888940768292518e-02
5.417188490023917792e-04 1.987790927733169843e-02
6.240145240514419905e-04 1.882828110841342634e-02
3.926359357724364379e-04 1.367582783645762863e-02
4.813460595024893381e-03 1.610754420863257444e-02
2.337039382647511723e-03 1.860561575923078137e-02
6.029287774893779712e-03 1.151993506657789448e-02
4.055233417773638702e-03 1.864153913023097742e-02
1.985092923058586964e-03 1.933377977734113129e-02
3.142556179038425487e-03 2.067148510081859639e-02
1.654596824754709554e-04 1.965988869732480243e-02
0.000000000000000000e+00 1.332600106675778731e-02
5.454897705524923424e-03 2.229622420406407110e-02
3.342417508866537754e-03 1.907599796501100592e-02
3.990430973696738144e-04 1.976086240767324642e-02
1.275147204405740727e-03 2.035503328166405820e-02
5.149501604511014935e-03 1.559391043444160671e-02
5.343088518915490616e-03 1.890452617438947297e-02
2.602792807389983469e-03 2.077358624155775657e-02
3.837978598515900171e-03 1.212900178287247728e-02
3.220583276579867902e-03 1.791235502918981162e-02
4.918573807489250681e-03 1.615535256555721347e-02
4.871614478875866718e-03 1.903830652938115486e-02
5.144832398364555109e-03 1.674273235456874911e-02
8.000994897069605219e-03 8.000994897069605219e-03
