1.277943637979267244e+01
8.193726508392179753e+00
4.888588846581847669e+00
1.558290693685305595e+00
3.043904359570089868e-01
1.260509787631100276e-01
8.807056267904245228e-02
7.337674295183672923e-02
5.657085448345716694e-02
5.125949651674455154e-02
3.625595124951011550e-02
2.948100328790768596e-02
2.500243833785807668e-02
1.827156961670796734e-02
1.432614629769338351e-02
1.291992816478827223e-02
8.764751171658516707e-03
6.599947279998816772e-03
4.488921964254446138e-03
3.253237157086009100e-03
2.696059349799827774e-03
2.055769141593974218e-03
1.820417028071514903e-03
1.749778600616930984e-03
1.574164397239935682e-03
1.394914183009497667e-03
1.214987111002888576e-03
1.034646373165278369e-03
9.604838381012092410e-04
9.364588312552317873e-04
7.735748219454814754e-04
7.295886443889799825e-04
6.516257119063102385e-04
5.783119943787960737e-04
5.114047911530211592e-04
4.736866094191453198e-04
4.619818664111469088e-04
4.108289995984693369e-04
3.798249958672709320e-04
3.746942965038865619e-04
3.653109446582643023e-04
3.484332067474541069e-04
2.908182000298218956e-04
2.802555902584688173e-04
2.630265328372253229e-04
2.606870965286486332e-04
2.422564386924347206e-04
2.344071746066606803e-04
2.248296462011312993e-04
2.112627511268883734e-04
1.975391988005323449e-04
1.896745299398406811e-04
1.885576078070483211e-04
1.727104909859003925e-04
1.591268406284379741e-04
1.518471286322480127e-04
1.496151735018513102e-04
1.387412738798895302e-04
1.324886094997554040e-04
1.243813317479973055e-04
1.206182093958525076e-04
1.186145730249741232e-04
1.148581245674934904e-04
1.091619017713123610e-04
1.045965109996463508e-04
1.038410476047362582e-04
9.804026610918610866e-05
9.629487152737396078e-05
9.272186372959031412e-05
8.942962864936288600e-05
8.894147153989480543e-05
8.499028827317564605e-05
8.278163824696149970e-05
7.878868761658623405e-05
7.655836290864792440e-05
7.609921302950118890e-05
7.321778345558426252e-05
7.005468435065495179e-05
6.724122744735329849e-05
6.638638631357791280e-05
6.416196499885142761e-05
6.208294368902413389e-05
6.087176226245495940e-05
5.895961958470967163e-05
5.535532657126910575e-05
5.482937444328243751e-05
5.296728551281544643e-05
5.181818335465328268e-05
5.137434669565716126e-05
5.024587695018607698e-05
4.918237853917632729e-05
4.712236474056426293e-05
4.659085988886418699e-05
4.445198065359420950e-05
4.219588180701953944e-05
4.141214518901265024e-05
4.116713495150660823e-05
4.100539787689827585e-05
3.988411254829930678e-05
3.808637420368344868e-05
3.768920787462357242e-05
3.706217649156247243e-05
3.603135990603682510e-05
3.490245264867893434e-05
3.417652263890625985e-05
3.353000904917301082e-05
3.301458769595879870e-05
3.266607544970371061e-05
3.208418830683406058e-05
3.040392952656040476e-05
2.976443323130583221e-05
2.965151853776529892e-05
2.934884814424047208e-05
2.867601681425097817e-05
2.835884376051055905e-05
2.783804313887853040e-05
2.671586710857147619e-05
2.617797030528710021e-05
2.531441496010894654e-05
2.463573553638638301e-05
2.436184483560318778e-05
2.419114887416380641e-05
2.395029262163829805e-05
2.326231381802003738e-05
2.263848995599085771e-05
2.224265263128934083e-05
2.199069618135494642e-05
2.143068697193092301e-05
2.104984157368834256e-05
2.077238157691658582e-05
2.066170164812431388e-05
1.998903631819611882e-05
1.962534922229890522e-05
1.909785829341126493e-05
1.878573069213603300e-05
1.858834815371357364e-05
1.805434805461191621e-05
1.768683052033397278e-05
1.722357413128220683e-05
1.706690188413883513e-05
1.681595289557570916e-05
1.634979804685795252e-05
1.622384206439961374e-05
1.598573027128198692e-05
1.585757774431232578e-05
1.527266896669393151e-05
1.496011393305039990e-05
1.473485763090968965e-05
1.423728149422586392e-05
1.405494008210950804e-05
1.394578440188583977e-05
1.370594855267375994e-05
1.352153193829896755e-05
1.331925973131127978e-05
1.294749121362221718e-05
1.265626667224620926e-05
1.239945846244760601e-05
1.229779174984010745e-05
1.189589762621273780e-05
1.172990499827579969e-05
1.161734162520712268e-05
1.119768887111181886e-05
1.089313998608802953e-05
1.068682393183689523e-05
1.051516662056311785e-05
1.040378364803829627e-05
9.920971055581552598e-06
9.686450646797881571e-06
9.647675995743837474e-06
9.548277699139470133e-06
9.283982236649184586e-06
9.133931623606364586e-06
9.059011453910583225e-06
8.677390820031344743e-06
8.587506547451813807e-06
8.530585359060989810e-06
8.398001708342761783e-06
8.295156111201534060e-06
7.953239287890247972e-06
7.869312907978782680e-06
7.709197787423107719e-06
7.551499844453310327e-06
7.359869793495905230e-06
7.233505754528824462e-06
6.939327384356330681e-06
6.868134496309228994e-06
6.686740629459769238e-06
6.493723016885366937e-06
6.393214943812856586e-06
6.347830877975301380e-06
6.296370303912931191e-06
6.112435355583936624e-06
5.918161002331022307e-06
5.854599297637934519e-06
5.699930665644570060e-06
5.591558839467447249e-06
5.378642846444272427e-06
5.302108419786465609e-06
5.199542210483146277e-06
5.001634048468578998e-06
4.893245892284614121e-06
4.724677922730407533e-06
4.670383861345807983e-06
4.614256025851078437e-06
4.467937986837224700e-06
4.333324770119932605e-06
4.237035817768763776e-06
4.113967807477115578e-06
4.073222500622993696e-06
3.989193634598182558e-06
3.842130123064732088e-06
3.717990575523597682e-06
3.616851471885333534e-06
3.553651207657611914e-06
3.532982374523528729e-06
3.366005652861354375e-06
3.351480276315535483e-06
3.220127485273398047e-06
3.128950070479817019e-06
3.083943067451451489e-06
2.952280527629046341e-06
2.879684374681621812e-06
2.857620194347383621e-06
2.709012971806432501e-06
2.659312275291071280e-06
2.606854105005919743e-06
2.549297725210954399e-06
2.479192594345558043e-06
2.391945253050238861e-06
2.293900477040194364e-06
2.202104518149504845e-06
2.179315880410849989e-06
2.099570074430863059e-06
2.039922891476678243e-06
1.973705832361801472e-06
1.899502144440212900e-06
1.855110112843543465e-06
1.842059037635591997e-06
1.779077673168081244e-06
1.746235567604611547e-06
1.635375396610978998e-06
1.599729318854218916e-06
1.547367649318372434e-06
1.526284659604419463e-06
1.487630389788650959e-06
1.405176386031097974e-06
1.358419765938080947e-06
1.299127258888133917e-06
1.269469533193240612e-06
1.263652427938813605e-06
1.234863984174014059e-06
1.216219854363464293e-06
1.211364169841705637e-06
1.201464630517509258e-06
1.084545034238710235e-06
1.075506895945966011e-06
1.027378915173636844e-06
9.733817137242850801e-07
9.642915358391851048e-07
8.677974046460557274e-07
8.631351812718915154e-07
8.567543679045981050e-07
8.233871869569801791e-07
7.910683466191392468e-07
7.636322030167027620e-07
7.533430511035044064e-07
7.087841090679154731e-07
6.860179807495215376e-07
6.520613797476066878e-07
6.273414552342475325e-07
5.927408139435415356e-07
5.694031105385137515e-07
5.604254675421193146e-07
5.053546429182082386e-07
4.975628660108994978e-07
4.840303924067012480e-07
4.550933828987774689e-07
4.437680695257191969e-07
4.230033593158650162e-07
4.097755592681443113e-07
3.799835000379337179e-07
3.732386562175038936e-07
3.439401146729909018e-07
3.368406941977268385e-07
2.943154983366497826e-07
2.763980783596708651e-07
2.358864036163185943e-07
2.174469296958523715e-07
2.125975575306156801e-07
1.913761876163889422e-07
1.561654773609821543e-07
1.306932610020511282e-07
8.974328758329730835e-08
7.645501979241718410e-08
6.027444332760348519e-08
5.646068128076088849e-08
2.304688119430383878e-08
