5.126863098144531250e+01
3.413397598266601562e+01
2.098811340332031250e+01
6.251913070678710938e+00
1.362117290496826172e+00
9.812850952148437500e-01
5.294309258460998535e-01
3.303292095661163330e-01
2.870704829692840576e-01
1.526768356561660767e-01
1.352960020303726196e-01
1.044752746820449829e-01
7.480856776237487793e-02
3.899983316659927368e-02
3.403326869010925293e-02
2.846903167665004730e-02
1.833988726139068604e-02
9.818142279982566833e-03
7.513238582760095596e-03
5.015301052480936050e-03
3.927122801542282104e-03
2.464008051902055740e-03
2.028309274464845657e-03
1.435134327039122581e-03
1.205864828079938889e-03
1.164439250715076923e-03
9.899849537760019302e-04
8.189084473997354507e-04
7.601101533509790897e-04
6.928814691491425037e-04
6.391037022694945335e-04
6.285425042733550072e-04
5.583199672400951385e-04
5.314133013598620892e-04
4.902472137473523617e-04
4.410174151416867971e-04
4.042290966026484966e-04
3.846934414468705654e-04
3.550119872670620680e-04
3.355301741976290941e-04
3.024879551958292723e-04
2.866765426006168127e-04
2.807591808959841728e-04
2.749686245806515217e-04
2.434391790302470326e-04
2.392381284153088927e-04
2.234232815681025386e-04
2.102594589814543724e-04
1.937608903972432017e-04
1.866309612523764372e-04
1.749895600369200110e-04
1.620345719857141376e-04
1.570788153912872076e-04
1.497503835707902908e-04
1.446040259907022119e-04
1.353432598989456892e-04
1.321630843449383974e-04
1.253170776180922985e-04
1.166101719718426466e-04
1.150397656601853669e-04
1.084306422853842378e-04
1.042234362103044987e-04
1.034487868309952319e-04
9.487295756116509438e-05
9.263999527320265770e-05
8.736542076803743839e-05
8.422774408245459199e-05
8.275600703200325370e-05
7.741487934254109859e-05
7.499416096834465861e-05
7.235081284306943417e-05
6.951994873816147447e-05
6.723643309669569135e-05
6.390429189195856452e-05
6.212632433744147420e-05
5.988405246171168983e-05
5.771082214778289199e-05
5.552703805733472109e-05
5.245903230388648808e-05
4.980010271538048983e-05
4.852099664276465774e-05
4.730679938802495599e-05
4.487331170821562409e-05
4.340970190241932869e-05
4.218348476570099592e-05
4.017485480289906263e-05
3.955461579607799649e-05
3.776415178435854614e-05
3.695242776302620769e-05
3.630792343756183982e-05
3.412993100937455893e-05
3.366905366419814527e-05
3.324583303765393794e-05
3.092666520387865603e-05
3.024298712261952460e-05
2.972607944684568793e-05
2.903365566453430802e-05
2.782287810987327248e-05
2.682269223441835493e-05
2.655629577930085361e-05
2.612287607917096466e-05
2.518276050977874547e-05
2.479235627106390893e-05
2.406297426205128431e-05
2.339035017939750105e-05
2.244268580398056656e-05
2.161384691135026515e-05
2.131179826392326504e-05
2.059545477095525712e-05
1.939106732606887817e-05
1.893605076475068927e-05
1.851883098424877971e-05
1.813483686419203877e-05
1.764140142768155783e-05
1.740832885843701661e-05
1.699910535535309464e-05
1.627314486540853977e-05
1.573869667481631041e-05
1.563845580676570535e-05
1.530930603621527553e-05
1.465212881157640368e-05
1.455870551581028849e-05
1.421357046638149768e-05
1.345348664472112432e-05
1.316728594247251749e-05
1.278863874176749960e-05
1.267463903786847368e-05
1.246800275112036616e-05
1.226066888193599880e-05
1.217793578689452261e-05
1.168905691883992404e-05
1.116009480028878897e-05
1.096237974707037210e-05
1.072202758223284036e-05
1.061561215465189889e-05
1.035182322084438056e-05
1.019714636640856043e-05
9.888438398775178939e-06
9.563071216689422727e-06
9.486996532359626144e-06
9.244684406439773738e-06
8.858664841682184488e-06
8.690741196915041655e-06
8.501996489940211177e-06
8.492617780575528741e-06
8.207742212107405066e-06
7.997487045940943062e-06
7.933117558422964066e-06
7.831430593796540052e-06
7.759740583423990756e-06
7.451360033883247524e-06
7.195916623459197581e-06
7.035374437691643834e-06
6.944067990843905136e-06
6.803754331485833973e-06
6.762065822840668261e-06
6.706420208502095193e-06
6.338150797091657296e-06
6.302739166130777448e-06
6.119565568951657042e-06
6.007249794492963701e-06
5.849787612532963976e-06
5.756660812039626762e-06
5.637706635752692819e-06
5.451674496725900099e-06
5.362268439057515934e-06
5.285219685902120546e-06
5.231891009316314012e-06
5.078351932752411813e-06
4.890550371783319861e-06
4.817751687369309366e-06
4.734841240860987455e-06
4.656265900848666206e-06
4.543694558378774673e-06
4.390149570099310949e-06
4.309673386160284281e-06
4.256969077687244862e-06
4.110256668354850262e-06
3.957490207540104166e-06
3.898909199051558971e-06
3.834380095213418826e-06
3.725632268469780684e-06
3.651438419183250517e-06
3.584584419513703324e-06
3.511203885864233598e-06
3.442826027821865864e-06
3.342669515404850245e-06
3.253491513532935642e-06
3.208525640729931183e-06
3.130237928417045623e-06
3.088036692133755423e-06
3.038955355805228464e-06
2.976435325763304718e-06
2.902342657762346789e-06
2.782577439575106837e-06
2.698051957850111648e-06
2.603673237899783999e-06
2.593519411675515585e-06
2.495007720426656306e-06
2.458228436807985418e-06
2.441290234855841845e-06
2.362247414566809312e-06
2.298798790434375405e-06
2.267617219331441447e-06
2.231133294117171317e-06
2.150009549950482324e-06
2.108856051563634537e-06
2.049796421488281339e-06
1.998809466385864653e-06
1.979529770324006677e-06
1.913724872792954557e-06
1.863152306214033160e-06
1.820371721805713605e-06
1.800768018256349023e-06
1.742764766277105082e-06
1.659566009948321152e-06
1.629407393011206295e-06
1.592565240571275353e-06
1.538947117296629585e-06
1.528816710560931824e-06
1.514320160822535399e-06
1.438920889995642938e-06
1.365740672554238699e-06
1.326896381215192378e-06
1.286065071326447651e-06
1.275456611438130494e-06
1.240844085259595886e-06
1.193179514302755706e-06
1.145973669736122247e-06
1.131167550738609862e-06
1.117055717259063385e-06
1.074539795808959752e-06
1.035623427014797926e-06
9.980061577152810059e-07
9.612949725124053657e-07
9.196336918648739811e-07
9.051272513715957757e-07
8.855065516399918124e-07
8.436551297563710250e-07
8.280951533379266039e-07
7.741988383713760413e-07
7.680139901822258253e-07
7.414268452521355357e-07
7.109557600415428169e-07
6.742812388438323978e-07
6.690404461551224813e-07
-6.382766741808154620e-07
6.051702143849979620e-07
5.942222855992440600e-07
5.844364068252616562e-07
5.569082759393495508e-07
5.459979774968815036e-07
-5.148154968992457725e-07
5.136980121278611477e-07
5.122794846101896837e-07
4.885152975475648418e-07
4.685006160798366182e-07
-4.645785338652785867e-07
4.541292071280622622e-07
-4.487939690989151131e-07
4.431041702446236741e-07
3.796268117639556294e-07
3.750440669136878569e-07
3.670961064017319586e-07
-3.554345084921806119e-07
3.549521068180183647e-07
3.249299140861694468e-07
-3.246459243655408500e-07
-3.186475225902540842e-07
3.016199912053707521e-07
-2.848605049621255603e-07
2.696928333989490056e-07
2.518627582048793556e-07
2.397906939677341143e-07
2.324554913002430112e-07
-2.306178998878749553e-07
-2.158653558126388816e-07
2.082666838987279334e-07
2.012760091929521877e-07
-2.001159771225502482e-07
-1.781394445288242423e-07
1.654503307690902147e-07
-1.577042070266543305e-07
1.543379397617172799e-07
1.455068314726304379e-07
-1.334375525630093762e-07
1.103375950606277911e-07
1.063776267073990311e-07
-9.807662593175336951e-08
-8.909928794764709892e-08
7.310690364192851121e-08
5.433038197111272893e-08
-4.258373564880457707e-08
4.184963131592667196e-08
-2.870230808582618920e-08
2.594950920808969386e-08
1.059275867021369777e-08
