1.253572989715174835e+00
7.888253741310408129e-01
1.845523436771860926e-01
1.167336238682685073e-01
7.938264962544513970e-02
5.751395694003719194e-02
4.748154868329870770e-02
3.734435094030758712e-02
3.086067567037770187e-02
2.343702608990858374e-02
2.093625455042345471e-02
1.770897173038910727e-02
1.440180150972373944e-02
1.208667335735905471e-02
1.077917673701465559e-02
1.009430536894943310e-02
8.094087426685244238e-03
7.580334528871762560e-03
6.302498336577999974e-03
6.231432382583081825e-03
5.567258202096610556e-03
4.920534784085921903e-03
4.716630898508386918e-03
4.290886114745813378e-03
3.909359270460230872e-03
3.665964368620348076e-03
3.293256456042692806e-03
3.192106532801833145e-03
2.886789657418365254e-03
2.507155482410407255e-03
2.373305180959005192e-03
2.224930924885766895e-03
1.957190561684715377e-03
1.788679078074406365e-03
1.677393837220350669e-03
1.480470141708530767e-03
1.354737439401036128e-03
1.247622412629877412e-03
1.136483703150068100e-03
1.039063252077182921e-03
9.981465768885307548e-04
9.578461775677154589e-04
8.314426352386654340e-04
7.898707657160202377e-04
7.112328413566065734e-04
6.594141386220529494e-04
6.324333025500368435e-04
5.795456342964612701e-04
5.513977684153466719e-04
4.889117851759842027e-04
4.805503004215412122e-04
4.518918766711736983e-04
4.354462673130309004e-04
3.687582282829509825e-04
3.574083039064896317e-04
3.363923162994398469e-04
3.234140155332031999e-04
3.123636316727337772e-04
3.088311720712855223e-04
2.764605965764290103e-04
2.678765459491839270e-04
2.365176835672434981e-04
2.236493609372885473e-04
2.185881364405648484e-04
2.084125496997317473e-04
2.013985988713303053e-04
1.868036551878452824e-04
1.789618944550384341e-04
1.753523129700484344e-04
1.708107755075200169e-04
1.597916270755773928e-04
1.438954493380494926e-04
1.425376919276202694e-04
1.347210295641095153e-04
1.305830806165549150e-04
1.237058503868903767e-04
1.172836196128050694e-04
1.110144147914286398e-04
1.104385379739045348e-04
1.061181633304848955e-04
9.786153175325559481e-05
9.709269568214058189e-05
8.961507177467374413e-05
8.687487902362077397e-05
8.152046862580526732e-05
8.012914110693782532e-05
7.536122978768849631e-05
7.122957492849140316e-05
6.805390447761967994e-05
6.725097674602476775e-05
6.297010682293065708e-05
6.182654133186868157e-05
6.013373428544738892e-05
5.375886160846626459e-05
5.301102706896432314e-05
5.258526849869720572e-05
5.038199338098938264e-05
4.839057895137835019e-05
4.654097482145859937e-05
4.443898969672687197e-05
4.306308145213374512e-05
4.168072424947872939e-05
3.999094986958825993e-05
3.784755642130479566e-05
3.619609495064839469e-05
3.534500941121054097e-05
3.427028135871122716e-05
3.228288620416419060e-05
3.144911421076461476e-05
3.080314083373461061e-05
2.965166991580371275e-05
2.793851450908941899e-05
2.696081508788168300e-05
2.628590527666336513e-05
2.526950610637050150e-05
2.470705782034598674e-05
2.343529062333127657e-05
2.225685410719572724e-05
2.188762805852058159e-05
2.099784329272107647e-05
2.043340333465674564e-05
1.947908112259966662e-05
1.909730561234896203e-05
1.776696905610292200e-05
1.743247712388704221e-05
1.721950562369174535e-05
1.639509706922083696e-05
1.558320293312364022e-05
1.504607364305509190e-05
1.467177089502573948e-05
1.436637708574732446e-05
1.384523519984223314e-05
1.373672842907712131e-05
1.312765598050668292e-05
1.225465513698030983e-05
1.193794417067700507e-05
1.111425150196440522e-05
1.057631769732205293e-05
1.014462710664918987e-05
1.008293340583478782e-05
9.447071399856771975e-06
9.067481546319088937e-06
8.843254541010054970e-06
8.126668055841062532e-06
7.914096884658816601e-06
7.703795953382303106e-06
7.438635434429676756e-06
6.862523950823014268e-06
6.746924034521359244e-06
6.534901355229877797e-06
6.104214173559209029e-06
5.774454360843422021e-06
5.515027070396397732e-06
5.355637513700854586e-06
5.070077887741457807e-06
4.928412687003174756e-06
4.688833657540494599e-06
4.403014701823191396e-06
4.331825650045740892e-06
4.152801001495528675e-06
4.033436666045639003e-06
3.993488613747088200e-06
3.819434416931160816e-06
3.517392810444764667e-06
3.271156067416735231e-06
3.200509218285964125e-06
2.841154942618484645e-06
2.771558005756090289e-06
2.673424058605814821e-06
2.563233926635439787e-06
2.399777658695276765e-06
2.222018130384614349e-06
2.166317623805206029e-06
2.072994391227414770e-06
2.017924662102698593e-06
1.766151622291160141e-06
1.688545623382535557e-06
1.439892046958942009e-06
1.318748377164855708e-06
1.154930036723187258e-06
1.060581159328745141e-06
1.104307995532787482e-07
1.050766009504331973e-07
6.880056004400484440e-08
6.678904033811248700e-08
5.673870797610750569e-08
5.170120970069216145e-08
4.416736607975219383e-08
4.202509241515592458e-08
3.882537165943090662e-08
3.826360043404499647e-08
3.234559238171738249e-08
3.138575461284672219e-08
3.008027522454632368e-08
2.749884245540261818e-08
2.610715909545183628e-08
2.405904795913445803e-08
2.384126912710395544e-08
2.189005182527641550e-08
2.172464858336028074e-08
2.041502456679269111e-08
1.993024087640053331e-08
1.894685277640097412e-08
1.879231724448328087e-08
1.807982293912434122e-08
1.806932407502675915e-08
1.722546311670291477e-08
1.653167491649027829e-08
1.633510327798966874e-08
1.600312391891138289e-08
1.593634975073929371e-08
1.492076819615836541e-08
1.457474271320929238e-08
1.370492089303598684e-08
1.354940195081181094e-08
1.332762503299633542e-08
1.279650955034452275e-08
1.264174508903275119e-08
1.248377603813189553e-08
1.192159578233097313e-08
1.180549990362348224e-08
1.155924129646208761e-08
1.107627500416268323e-08
1.070740705684494049e-08
1.058367170006599272e-08
1.025060326114798627e-08
9.473343809287584181e-09
9.468744403234135445e-09
9.269811750657310806e-09
9.169367094361216112e-09
8.542873459449126660e-09
8.472519828307761645e-09
8.196935750148034637e-09
8.087148691116532829e-09
8.017605390194276110e-09
7.581892044289855596e-09
7.573619940206422398e-09
7.499914273690731623e-09
7.272746409793341403e-09
7.207146385361019877e-09
6.766872986667031752e-09
6.588297784057323512e-09
6.259937935616605036e-09
6.164144974779635889e-09
6.145946466705147767e-09
6.133274098441890257e-09
5.726602250873905924e-09
5.586005980649282298e-09
5.290703425013766970e-09
5.084221500662692965e-09
5.014064806165464555e-09
4.819383573401872437e-09
4.711153125962855991e-09
4.594764701975913845e-09
4.434282098980159884e-09
4.275937761005126571e-09
4.127130906936068123e-09
4.096514884359029838e-09
3.921127091529505080e-09
3.577054224983652710e-09
3.500077222696343476e-09
3.365740854730192487e-09
3.144229897208689339e-09
3.117078551441215917e-09
2.949493740699046230e-09
2.861751436890066185e-09
2.828927109739888734e-09
2.743549554028680152e-09
2.543257888265344429e-09
2.528209510704978313e-09
2.237686018699703103e-09
2.235239353974859710e-09
2.137878469300597360e-09
2.041654445155045211e-09
1.812740154610521239e-09
1.803287140406064785e-09
1.774365263206474576e-09
1.597320718812475445e-09
1.465169304633196811e-09
1.425540604817960013e-09
1.393150490612598385e-09
1.152986962080938752e-09
1.121655895460623017e-09
1.115023981253695088e-09
9.936962973686378145e-10
8.875357750278739345e-10
8.721451056493168697e-10
7.218436771093403345e-10
6.485044135444330290e-10
5.524819967021903941e-10
5.197839931345999264e-10
4.298739254969099299e-10
3.305912341776448114e-10
2.242216787134751263e-10
1.928682286182843044e-10
1.439867730143811070e-10
4.858686196195013931e-11
