2.067228794097900391e+00
1.143060922622680664e+00
2.971501946449279785e-01
1.703592836856842041e-01
1.209438890218734741e-01
8.437202125787734985e-02
6.205471605062484741e-02
5.099388211965560913e-02
3.965694457292556763e-02
3.486615046858787537e-02
2.543819695711135864e-02
1.952269673347473145e-02
1.543606910854578018e-02
1.356048136949539185e-02
1.136033702641725540e-02
1.076623704284429550e-02
9.810211136937141418e-03
7.650258485227823257e-03
6.694486830383539200e-03
6.044195033609867096e-03
5.459515377879142761e-03
4.710956476628780365e-03
4.321421962231397629e-03
3.878078423440456390e-03
3.352797124534845352e-03
2.815383952111005783e-03
2.652998780831694603e-03
2.555582905188202858e-03
2.210169797763228416e-03
2.096677199006080627e-03
2.017185557633638382e-03
1.985982991755008698e-03
1.777737168595194817e-03
1.569555839523673058e-03
1.331568346358835697e-03
1.241305493749678135e-03
1.045343116857111454e-03
9.400403941981494427e-04
8.635806734673678875e-04
8.016953361220657825e-04
7.832248811610043049e-04
7.170931785367429256e-04
6.976971053518354893e-04
5.912351771257817745e-04
5.611401866190135479e-04
4.935128963552415371e-04
4.736031987704336643e-04
4.604282148648053408e-04
4.120322410017251968e-04
3.842136065941303968e-04
3.677034692373126745e-04
3.488588554318994284e-04
3.230189031455665827e-04
3.067943034693598747e-04
2.797159249894320965e-04
2.684975916054099798e-04
2.612683456391096115e-04
2.445851860102266073e-04
2.291205018991604447e-04
2.130648499587550759e-04
2.023794804699718952e-04
1.841002231230959296e-04
1.816391450120136142e-04
1.718596467981114984e-04
1.627273013582453132e-04
1.598321105120703578e-04
1.445183879695832729e-04
1.367180811939761043e-04
1.319350558333098888e-04
1.250872301170602441e-04
1.174011413240805268e-04
1.049526617862284184e-04
9.942971519194543362e-05
9.194039739668369293e-05
9.158487955573946238e-05
8.655878627905622125e-05
8.468979649478569627e-05
8.022617839742451906e-05
7.513404852943494916e-05
7.218885730253532529e-05
6.886762275826185942e-05
6.600826600333675742e-05
6.458547431975603104e-05
6.273502367548644543e-05
5.938364120083861053e-05
5.465272261062636971e-05
5.237146979197859764e-05
4.876598904957063496e-05
4.640070255845785141e-05
4.473679291550070047e-05
4.204535798635333776e-05
4.183259443379938602e-05
4.043299486511386931e-05
3.889887375407852232e-05
3.680646841530688107e-05
3.485993875074200332e-05
3.375588494236581028e-05
3.218622077838517725e-05
3.006561746587976813e-05
2.949091685877647251e-05
2.890767427743412554e-05
2.709506225073710084e-05
2.622322426759637892e-05
2.534894156269729137e-05
2.333230077056214213e-05
2.264524482598062605e-05
2.189956830989103764e-05
2.085051528410986066e-05
1.890299972728826106e-05
1.865226295194588602e-05
1.801040889404248446e-05
1.659942245169077069e-05
1.621427873033098876e-05
1.577417242515366524e-05
1.538330070616211742e-05
1.472107851441251114e-05
1.454219182051019743e-05
1.350972888758406043e-05
1.345355758530786261e-05
1.302340115216793492e-05
1.286906172026647255e-05
1.207886816700920463e-05
1.158759550889953971e-05
1.124004393204813823e-05
1.085263102140743285e-05
1.008979870675830171e-05
9.713557119539473206e-06
9.045754268299788237e-06
8.807306585367769003e-06
8.418671313847880810e-06
8.022690963116474450e-06
7.894915142969693989e-06
7.439503406203584746e-06
7.223278316814685240e-06
6.771036169084254652e-06
6.411360573110869154e-06
6.033006684447173029e-06
5.838219294673763216e-06
5.712447546102339402e-06
5.364527623896719888e-06
5.169360974832670763e-06
5.043219061917625368e-06
4.804528543900232762e-06
4.709863333118846640e-06
4.608296421793056652e-06
4.530490514298435301e-06
4.368471763882553205e-06
3.983772330684587359e-06
3.856474904750939459e-06
3.738170335054746829e-06
3.435638518567429855e-06
3.346104222146095708e-06
3.106757048954023048e-06
3.052994770769146271e-06
2.813377250276971608e-06
2.598316314106341451e-06
2.575401367721497081e-06
2.390983354416675866e-06
2.251239948236616328e-06
2.207466877734987065e-06
2.062875864794477820e-06
2.024345803874894045e-06
1.928473693624255247e-06
1.869312654889654368e-06
1.663974785515165422e-06
1.624538754185778089e-06
1.613886524864938110e-06
1.439511606804444455e-06
1.365452817481127568e-06
1.349934791505802423e-06
1.244109625986311585e-06
1.220853278027789202e-06
1.123798256230656989e-06
1.076474973160657100e-06
9.652095513956737705e-07
9.317500939687306527e-07
8.184573516700766049e-07
7.918823143882036675e-07
6.923196451680269092e-07
6.219844976840249728e-07
5.944552867731545120e-07
-5.085960452788640396e-08
3.748915489154569514e-08
3.469334330929996213e-08
-3.147871652231515327e-08
3.016421246115896793e-08
-2.732869930355263932e-08
2.583523794896791514e-08
-2.382498465181015490e-08
-2.176950708587810368e-08
-2.026201251226211753e-08
1.884778022542832332e-08
1.708996499871773267e-08
1.644957947632974538e-08
-1.440365782201524780e-08
-1.390984394333827368e-08
1.331858268116548061e-08
-1.281666506258716254e-08
-1.213479183803656269e-08
-1.122359893912516782e-08
1.107246117015847631e-08
-1.100705393497491968e-08
1.097850788056575766e-08
-1.089614176663644685e-08
1.045822006773278190e-08
-1.013192285626018929e-08
9.867001438124134438e-09
-9.745469320421307202e-09
-9.218820373746439145e-09
9.175121995497192984e-09
-8.565803177873476670e-09
8.440631305006718321e-09
8.204817270041075972e-09
-8.155622843730725435e-09
-7.622291242626033636e-09
7.604210594536198187e-09
-7.281945268999834298e-09
7.199940643687341435e-09
-6.983305933516703590e-09
6.815561448547668988e-09
6.556946541280694873e-09
6.509314420810596857e-09
-6.319094136841840736e-09
-6.189901924358309770e-09
5.909853939556342084e-09
-5.714749118368445124e-09
5.542550862713824245e-09
5.426999294400047802e-09
-5.202672515025597022e-09
-5.076904230350010039e-09
4.972430911465153258e-09
4.788951457612711238e-09
4.706017353584002194e-09
-4.581263368663712754e-09
4.473907022628509367e-09
-4.440178003051187261e-09
-4.279340881652160533e-09
-4.179307566687384679e-09
4.170712220030736717e-09
3.998261277615711151e-09
-3.847704821424713373e-09
3.768809264670380799e-09
3.609295751161312182e-09
-3.519543101404565277e-09
-3.482181876179879509e-09
3.312312202297107433e-09
3.248167956826364389e-09
3.226550804313887966e-09
-3.034211104591122421e-09
3.013413740760029214e-09
2.839622759154281084e-09
-2.838758783596517787e-09
-2.711953106526721058e-09
2.576824753575124305e-09
-2.572910551279505853e-09
-2.481371108586927221e-09
-2.398847120943514710e-09
2.298530699107459441e-09
-2.284035183208743547e-09
-2.201326010364823560e-09
2.164959989059411782e-09
-2.156713918566310895e-09
2.054070247226036372e-09
-1.953322614767216692e-09
1.892680012716141391e-09
-1.852944797597899651e-09
1.761109036380048565e-09
-1.714753672388269479e-09
1.573325469905739737e-09
-1.521063053289140043e-09
1.463898002818098121e-09
-1.428091089827887572e-09
-1.346482259023673578e-09
1.320438980378924043e-09
1.270298199962383023e-09
-1.191252096965911278e-09
1.142304806300842301e-09
1.115630254844290903e-09
1.013231609725551152e-09
-9.674777645685139760e-10
-8.163070219779910985e-10
8.161926690064547074e-10
-8.007179919111706567e-10
7.290467674003764387e-10
-6.636681759708551454e-10
-6.313115030742721956e-10
5.751199516623728414e-10
5.079189291379293536e-10
-4.537669962001444901e-10
-3.694187178382435377e-10
3.401826875748525936e-10
2.660172360169354988e-10
2.133658250080827656e-10
-1.926316051115151140e-10
-1.116766748521236252e-10
-9.049230809132779996e-11
2.780326142926003996e-11
