1.812604245022674128e-04
2.180645407881312537e-05
6.827869734873104617e-06
3.424995429988568413e-06
3.304764562193536956e-06
2.461671596070109723e-06
1.873963762463246363e-06
1.376856676120084147e-06
1.261781023106489000e-06
1.138740212099861974e-06
1.117138846669340211e-06
1.050631255401533141e-06
9.422397448755137119e-07
8.751086592836639871e-07
8.698893175083167801e-07
8.362487133608922877e-07
8.047130430704966311e-07
7.292744443516026273e-07
7.082322328384264372e-07
6.958852891675736930e-07
6.747855429805393664e-07
6.368146437045716972e-07
6.087160001866543072e-07
5.935309435808867525e-07
5.841858769460389898e-07
5.812569295104167422e-07
5.474541764269932822e-07
5.377844831551144950e-07
5.313514264558431565e-07
5.091032835603522874e-07
5.056270897713800776e-07
4.786310383639322570e-07
4.758971204605510320e-07
4.622654283202913291e-07
4.544666541387820649e-07
4.367099839604806645e-07
4.297296772565260095e-07
4.224788853114544784e-07
4.170794563678063343e-07
4.112669545803855109e-07
4.058877194894503928e-07
3.982201091211452462e-07
3.889708662063410241e-07
3.804865954793499979e-07
3.660057812433736637e-07
3.624557011826064867e-07
3.558349667916850538e-07
3.514788755623682190e-07
3.413673245944317077e-07
3.354463449470106038e-07
3.289640199729434118e-07
3.205750553007885311e-07
3.142328495964137788e-07
3.092126073409906173e-07
2.996370959481845619e-07
2.978286710586347016e-07
2.931329885163058274e-07
2.904664607744502733e-07
2.860626494331373742e-07
2.806322479499683521e-07
2.677278701639911159e-07
2.668651521679865353e-07
2.587780878700323675e-07
2.539515847329331586e-07
2.517845275108766518e-07
2.456610439067747790e-07
2.387007892590317181e-07
2.377405074978311966e-07
2.345138218229018692e-07
2.299091478653253134e-07
2.276142212204576591e-07
2.223945871536459909e-07
2.194220916489761601e-07
2.161814188423617222e-07
2.128173372390706792e-07
2.098011464749901503e-07
2.073478891091234722e-07
2.043528973334241440e-07
1.972643070360810234e-07
1.964537991040220042e-07
1.945830487519992700e-07
1.882299656143299323e-07
1.863309493627113694e-07
1.825701335596844371e-07
1.787726405066640863e-07
1.750708637905477602e-07
1.730030043083128645e-07
1.723454032327209309e-07
1.656771263320596419e-07
1.625051173775452816e-07
1.623854282720788133e-07
1.587788272617566888e-07
1.556336874349612175e-07
1.514758259813519907e-07
1.512134916307722537e-07
1.498563816784279895e-07
1.435306328042932844e-07
1.428852002965865842e-07
1.385396054288104741e-07
1.370393623187417307e-07
1.353490640281687130e-07
1.325741111380519829e-07
1.285503387595627978e-07
1.272211855587686110e-07
1.259349102839947552e-07
1.248366878851557273e-07
1.213084494900978203e-07
1.198817427544573067e-07
1.182645300825416232e-07
1.142650500659813856e-07
1.132807827195714794e-07
1.110238119901581869e-07
1.093599495269261021e-07
1.072142077137081411e-07
1.067010898508906949e-07
1.048971050811540546e-07
1.024330705428825707e-07
9.989667443639551008e-08
9.838415052487308881e-08
9.776356524831174325e-08
9.612457831653704615e-08
9.396994279423783538e-08
9.318317674774261809e-08
9.019667178547101082e-08
8.916508414234540053e-08
8.605760697925491162e-08
8.386103000905131660e-08
8.257716176474476902e-08
8.098487365647658977e-08
8.056777918679984481e-08
7.886776159045526745e-08
7.786791179721180695e-08
7.643709705810530143e-08
7.435798087916331910e-08
7.380053380665002971e-08
7.240055182514670123e-08
7.111365740201367925e-08
6.938413902362178592e-08
6.785915456441237263e-08
6.676247000052542195e-08
6.610983390548752880e-08
6.547851148156425016e-08
6.333675282531367947e-08
6.201938227220825553e-08
6.047351334532217349e-08
5.886801680967641854e-08
5.646310161288871807e-08
5.599155446343958437e-08
5.457929769481008934e-08
5.311915306821771733e-08
5.224967236838533183e-08
5.160415567115062863e-08
5.041132092491288535e-08
4.997476770329613894e-08
4.836500298497027478e-08
4.821801556699552041e-08
4.642036379217938608e-08
4.574763049264604351e-08
4.508436003629698060e-08
4.381925649113540402e-08
4.332882104041809242e-08
4.238086433772453356e-08
4.204146778181291813e-08
4.093735544295931611e-08
3.987799013756463401e-08
3.904375641648652738e-08
3.819376100279485568e-08
3.797686477559891286e-08
3.742778244521316900e-08
3.620998442777408426e-08
3.516065261546878510e-08
3.432151580812259835e-08
3.301971680395374756e-08
3.247457369358917428e-08
3.174100974955097503e-08
3.098558308116012257e-08
3.010950846539129268e-08
2.974184489653978216e-08
2.926438379096242293e-08
2.876874539124789903e-08
2.761355756015106987e-08
2.739690386694595327e-08
2.651571158246214119e-08
2.585687133393533099e-08
2.519547331169311310e-08
2.422551334637628475e-08
2.356073085548233083e-08
2.326735775808796677e-08
2.297114048236827580e-08
2.279959334092739131e-08
2.147749034316522926e-08
2.070970259132113100e-08
2.056099531658007249e-08
1.995167281320409603e-08
1.944151726967246142e-08
1.898661915090808557e-08
1.830231189429102692e-08
1.775888028924855816e-08
1.750483229625372355e-08
1.698263582476096373e-08
1.666822460056399777e-08
1.599824006301631557e-08
1.537031394925953238e-08
1.487150839054399836e-08
1.464339082677531663e-08
1.417796754664613504e-08
1.403532223609197768e-08
1.356555395831636446e-08
1.314614793121617162e-08
1.311926181953904893e-08
1.240557590579585357e-08
1.214846155928992290e-08
1.135239723807640960e-08
1.109756089973613617e-08
1.071334746818175788e-08
1.020325145645911627e-08
1.005672233523428045e-08
9.624013830579674568e-09
9.478644306453826074e-09
9.156018551777948150e-09
8.884620905857053902e-09
8.577736747570334373e-09
8.165309896095610079e-09
7.876512488969913901e-09
7.718679018300371567e-09
7.291652077441106336e-09
6.960639154493356967e-09
6.822658859296129249e-09
6.480215830959007992e-09
6.335067866719998860e-09
5.952348665297156543e-09
5.866745359100921098e-09
5.546567060329877912e-09
5.383740545306350175e-09
5.090294595980200034e-09
4.919526187878923677e-09
4.686307463970806890e-09
4.625345344412084070e-09
4.303281645420283272e-09
4.104944071523035784e-09
3.894409475773114676e-09
3.764729785659673498e-09
3.603784110450456552e-09
3.481403468908854001e-09
3.353738892800060408e-09
3.128563390529246497e-09
2.837116982493693958e-09
2.773543183836094365e-09
2.617748933878697427e-09
2.467442892430972319e-09
2.421856303919503731e-09
2.237162499970523550e-09
2.046210638602443682e-09
1.929760299682577149e-09
1.839647560574589679e-09
1.670672259712938257e-09
1.447108125852258456e-09
1.440594819032531470e-09
1.343847537128022160e-09
1.243086042384860590e-09
1.130104951974793398e-09
1.072938859332337557e-09
9.716752771913092265e-10
9.153403720225117697e-10
8.788555222301819171e-10
7.851504007123062628e-10
7.403824929625832521e-10
6.478338524598129531e-10
5.539812629356519091e-10
4.803495815034534870e-10
4.665492540549669301e-10
4.361018010362131119e-10
4.100575673832411803e-10
3.418045905138161865e-10
3.068543504174895543e-10
2.698701797098222444e-10
2.112678918784114381e-10
1.762140658292954991e-10
1.523862811229829341e-10
1.268384457166952862e-10
4.486430451765505942e-11
2.910681258123572318e-11
1.157469578630698247e-14
9.999999999999999452e-21
9.999999999999999452e-21
9.999999999999999452e-21
9.999999999999999452e-21
9.999999999999999452e-21
9.999999999999999452e-21
9.999999999999999452e-21
9.999999999999999452e-21
9.999999999999999452e-21
9.999999999999999452e-21
9.999999999999999452e-21
9.999999999999999452e-21
9.999999999999999452e-21
9.999999999999999452e-21
