6.981192564126104116e-05
2.983002013934310526e-05
1.016309579426888376e-05
5.478971615957561880e-06
3.660222773760324344e-06
2.044895154540427029e-06
1.606731302672415040e-06
1.356105258309980854e-06
1.116309363169420976e-06
9.742893780639860779e-07
8.737746384213096462e-07
7.481911552531528287e-07
7.216152653199969791e-07
6.983941034377494361e-07
6.466539730354270432e-07
5.810634888803178910e-07
5.328431598172755912e-07
4.756286955398536520e-07
4.406267635204130784e-07
4.145441607761313207e-07
3.965976986819441663e-07
3.712935097155423136e-07
3.525467491272138432e-07
3.338426495247404091e-07
3.280641749370261095e-07
2.999144896875804989e-07
2.956965090561425313e-07
2.853034573035984067e-07
2.799273488562903367e-07
2.693174678825016599e-07
2.598321202640363481e-07
2.538366459248209139e-07
2.478151657214766601e-07
2.405371333225048147e-07
2.363663895721401786e-07
2.319320913102274062e-07
2.268740928457191330e-07
2.259427560602489393e-07
2.211494489756660187e-07
2.190431871440523537e-07
2.159468124318664195e-07
2.051899770094678388e-07
2.013342168538656551e-07
1.988342859249314643e-07
1.964020981404246413e-07
1.906225577386067016e-07
1.859607010601393995e-07
1.819615818021702580e-07
1.799224662590859225e-07
1.757048693207252654e-07
1.717936157774602179e-07
1.700380209967988776e-07
1.668926330467002117e-07
1.650798111541007529e-07
1.620984022565608029e-07
1.616938902770925779e-07
1.561217715106977266e-07
1.545647876355360495e-07
1.509649081299357931e-07
1.495917416605152539e-07
1.477295938911993289e-07
1.461083485310155083e-07
1.446117323666840093e-07
1.428131071179450373e-07
1.419896022980537964e-07
1.391868096334292204e-07
1.352428000700456323e-07
1.340743835953617236e-07
1.322079157262123772e-07
1.307197408095817082e-07
1.295280043223101529e-07
1.271844638495167601e-07
1.250489845006086398e-07
1.236053179809459834e-07
1.203739259381109150e-07
1.197138743691539275e-07
1.177992103862379736e-07
1.166787200190810836e-07
1.153290085653679853e-07
1.121764512390655000e-07
1.094353692110416887e-07
1.089804300136165693e-07
1.081655511825374560e-07
1.060153778098538169e-07
1.038144361587001185e-07
1.032437637604743941e-07
1.019825504045002162e-07
1.002622127543872921e-07
9.884389839953655610e-08
9.749048501817014767e-08
9.643118659141691751e-08
9.526797839498613030e-08
9.457855298933282029e-08
9.307694170956892776e-08
9.117206190012439038e-08
8.971956333425623598e-08
8.805399431821570033e-08
8.699030473735547275e-08
8.626766145880537806e-08
8.559773334582132520e-08
8.241902804684286821e-08
8.093386583141182200e-08
8.056995426386492909e-08
7.821228109605726786e-08
7.731595985660533188e-08
7.644976562914962415e-08
7.477787988818818121e-08
7.380414501767518232e-08
7.222676856599719031e-08
7.149758829427810269e-08
6.922354600646940526e-08
6.844278033213413437e-08
6.807795926988546853e-08
6.674256525229793624e-08
6.603482916034408845e-08
6.460058443735761102e-08
6.352849624136069906e-08
6.241612737767354702e-08
6.155872966928654932e-08
6.138409958111878950e-08
6.060455604028902599e-08
5.894239052395278122e-08
5.876670883253609645e-08
5.770058919551956933e-08
5.712032802307476231e-08
5.613779308077937458e-08
5.604122677027589816e-08
5.384769252714249888e-08
5.337809128036496986e-08
5.236317335288731556e-08
5.094362265367635700e-08
4.996678626412176527e-08
4.904566708319180179e-08
4.882548765294814075e-08
4.807602138612310227e-08
4.739893455507626641e-08
4.713855261684329889e-08
4.667726472007416305e-08
4.472439485425638850e-08
4.435280231973592890e-08
4.403450759582483443e-08
4.322214408603031188e-08
4.271143438927538227e-08
4.135690900852750929e-08
3.998728814735841297e-08
3.900185774341480283e-08
3.894978917173830268e-08
3.828598948985018069e-08
3.751295096776630089e-08
3.690242067477811361e-08
3.651348734479142877e-08
3.522929148402909050e-08
3.433392592455675185e-08
3.362164946452139702e-08
3.304068840748186631e-08
3.262879033627541503e-08
3.210941201814421220e-08
3.136622694910329301e-08
3.091985689707144047e-08
3.000490877980155346e-08
2.973852097909457370e-08
2.935614595855895459e-08
2.824736000661687285e-08
2.802805987300871493e-08
2.762170225878435303e-08
2.671571230905556149e-08
2.591347758595929918e-08
2.519880304419075401e-08
2.508366669928818737e-08
2.467382209658808279e-08
2.428619971794887533e-08
2.396676990201740409e-08
2.332302173613243212e-08
2.270557075689794146e-08
2.250606634390805993e-08
2.199784709944196948e-08
2.170628299325016997e-08
2.081514693941244332e-08
2.017498701434305985e-08
1.990219011815952399e-08
1.940120597510031075e-08
1.931385540387964284e-08
1.865392995625825279e-08
1.828213846977178036e-08
1.802778726300857670e-08
1.723875264758589765e-08
1.710556851719502447e-08
1.662392534740320116e-08
1.649858205610144068e-08
1.607006616666240006e-08
1.587857134666137426e-08
1.514638015009950323e-08
1.478133526688907295e-08
1.436768570783897303e-08
1.373285218875253122e-08
1.341168509583212654e-08
1.305460362033272759e-08
1.272828775711332128e-08
1.240021507697974812e-08
1.195852128432761674e-08
1.166220719994726096e-08
1.106891023283651521e-08
1.077927969106440287e-08
1.048865172492696729e-08
1.020363438186677740e-08
1.002402427729975898e-08
9.927030752976406802e-09
9.713824411505811440e-09
9.326639904827516148e-09
9.158173774892475194e-09
8.790564720584370662e-09
8.666957818093123933e-09
8.356465741599095054e-09
8.048847810471215780e-09
7.774084487266463839e-09
7.586538508519424795e-09
7.247512812114109693e-09
7.018708281236740731e-09
6.934447238648999701e-09
6.735615176722831166e-09
6.314142986241222388e-09
6.131738228276617519e-09
6.018881837377421107e-09
5.862264895739599524e-09
5.519560808409096353e-09
5.299247707313270439e-09
5.183279583320654638e-09
5.071232767051014889e-09
4.664689079447725817e-09
4.633894157279883075e-09
4.573731171575445842e-09
4.360517724677492879e-09
4.144244503123672985e-09
3.942537407652935144e-09
3.778696466838482593e-09
3.763741318607571884e-09
3.598123798909114157e-09
3.360396405582832813e-09
3.094821954263693442e-09
2.925783171292550833e-09
2.868872250871845608e-09
2.770848439581641287e-09
2.610523797130781531e-09
2.471231219658420741e-09
2.427702927576547154e-09
2.339390015038134152e-09
2.224934902983477514e-09
2.147906741356564453e-09
2.010670518970414378e-09
1.865013921076297265e-09
1.749764000358311478e-09
1.662397219881484034e-09
1.590199194545505179e-09
1.448861253194877463e-09
1.320253795178416567e-09
1.223452894549836856e-09
1.150263440052867736e-09
1.062663179673961622e-09
1.005254102182107090e-09
9.321994287603274643e-10
9.088531038869973600e-10
8.515581018109230627e-10
7.455707162762337248e-10
6.686034503822213537e-10
6.473733216161292603e-10
6.196224644483550037e-10
5.572454164770590523e-10
5.312076334362814123e-10
4.182769963723131923e-10
3.885248234247740129e-10
3.612805610231362152e-10
3.502599044136189832e-10
3.054030917049033178e-10
2.549317978939313889e-10
2.371000062950656684e-10
2.172229618402354845e-10
1.678736039067985075e-10
1.379599767759032147e-10
1.163726476294257850e-10
9.200881029292062863e-11
3.581572538546851092e-11
2.092355282090618829e-11
8.105998579072300203e-15
-3.898243568937928325e-23
2.084430835692636124e-23
1.212036108154232503e-23
-1.192831841619260625e-23
-6.218608265227603535e-24
5.772505056742405696e-24
-4.536266932674264117e-24
4.240270149386783457e-24
-2.526950643515867517e-24
2.211325423184677641e-24
1.524031740017455242e-24
8.221191330737099342e-25
-5.919944047396731176e-25
-2.039200632875174326e-25
