2.702519966547341917e-02
4.090693995617308495e-03
1.335434620998587115e-03
6.032437417377525422e-04
4.830376048880068336e-04
2.867032337625707384e-04
1.284359615368580148e-04
6.818629362050292566e-05
2.745380304941214081e-05
1.873883725702126730e-05
1.411437679639955817e-05
1.189271579526791767e-05
6.430988890954857767e-06
4.494136745298034133e-06
2.801050326057034298e-06
2.471281960276302307e-06
1.844510298202329661e-06
1.650943798370227512e-06
1.365176890387669504e-06
1.237031581256005198e-06
1.165686717335347233e-06
1.137006960254476781e-06
1.082065187273150773e-06
1.058275942228420719e-06
1.024745909489544489e-06
9.556915138307875296e-07
9.426372270438816288e-07
8.882306728704159362e-07
8.831439138443446885e-07
8.563917886751850319e-07
8.129939471683773917e-07
7.957394371981242618e-07
7.491522370606482173e-07
7.415740637815719752e-07
7.231222637723769285e-07
7.124371288318025041e-07
6.952156728775934967e-07
6.781040412652450438e-07
6.535530956262013759e-07
6.433849472525127837e-07
6.366652815934495245e-07
6.283242848521919932e-07
6.148250111594696372e-07
5.999855741728286553e-07
5.858311782625518220e-07
5.726520947925939363e-07
5.704352962610945185e-07
5.516417635475154511e-07
5.485123807943264649e-07
5.243161232442382884e-07
5.128086093745921491e-07
5.029865127629610951e-07
4.983032637083637406e-07
4.889244292446182304e-07
4.817112832960229130e-07
4.740638007642174953e-07
4.605589628189606701e-07
4.464745940497701098e-07
4.440375954030745597e-07
4.410056162142569660e-07
4.307298048083457994e-07
4.281848714966338409e-07
4.233449151052647211e-07
4.155694937682395821e-07
4.051201561616712206e-07
4.000097528091897322e-07
3.906536500895927655e-07
3.847011735549113119e-07
3.781653137443156397e-07
3.652427097771168230e-07
3.615409807792888948e-07
3.579342456182554060e-07
3.554084669291398460e-07
3.469265999329114421e-07
3.416275532246746290e-07
3.352481518317009665e-07
3.233601766923194230e-07
3.205982054488965973e-07
3.175549338768401778e-07
3.125363472635197866e-07
3.078404465003054223e-07
3.058728352134375184e-07
2.977128596187210183e-07
2.946494659215014101e-07
2.899646897319824204e-07
2.869697656335046524e-07
2.798681996729123637e-07
2.773555005970510500e-07
2.760556419420202429e-07
2.712255852222087172e-07
2.660473831661079913e-07
2.627646021845077803e-07
2.583444751560234189e-07
2.492572877364376043e-07
2.482418883458234595e-07
2.412143448575618934e-07
2.373575526781574638e-07
2.361673361409638593e-07
2.339334351888389256e-07
2.318836746091320136e-07
2.269439922830054813e-07
2.257430654660323753e-07
2.150595802290489915e-07
2.141417958515304906e-07
2.099077660141391513e-07
2.076759163583815716e-07
2.067231547850439730e-07
2.018478175476037231e-07
1.980492253732987202e-07
1.947656418197231292e-07
1.912097037795047916e-07
1.896323021907209532e-07
1.873734951940664072e-07
1.828807718500069309e-07
1.811127858421281529e-07
1.803521894570583397e-07
1.771594677982853591e-07
1.746515870817737305e-07
1.737663826175795354e-07
1.710465896409718815e-07
1.688823190350467117e-07
1.624675804803416719e-07
1.621896133815436858e-07
1.578882787590131678e-07
1.565094560667343132e-07
1.546726966076182712e-07
1.510115148717512346e-07
1.488949840208701563e-07
1.455385548961266201e-07
1.441951896314937928e-07
1.421417037995071573e-07
1.416931020668609127e-07
1.377595753251910934e-07
1.362160144218842724e-07
1.346933954080608527e-07
1.319306844611117502e-07
1.288072694094656194e-07
1.277246971957349674e-07
1.264757361912858697e-07
1.232107070918166773e-07
1.210691689851338187e-07
1.186631963698918945e-07
1.174437469504733199e-07
1.150090269238612139e-07
1.140940379605590305e-07
1.125480483772388403e-07
1.101291434967558216e-07
1.056778119159866480e-07
1.051604490551282634e-07
1.028414519301292177e-07
1.016574948347386084e-07
1.000687783345634521e-07
9.861148517515150551e-08
9.809154802278767842e-08
9.460303865190181733e-08
9.316426854522273919e-08
9.176858917346763340e-08
8.860171144405457289e-08
8.686820732698017216e-08
8.456507499202105282e-08
8.286292264604420550e-08
8.145840799111689906e-08
8.108088278349613768e-08
7.944702566468550225e-08
7.749242645569131143e-08
7.671924481174098729e-08
7.508095036490060226e-08
7.373339228823571180e-08
7.255590890588118508e-08
7.147489194262527216e-08
6.959892943795861757e-08
6.838087200692922671e-08
6.746407373590681831e-08
6.558562026732149423e-08
6.475633209305840216e-08
6.283633504902656335e-08
6.145177493027470058e-08
6.044556468182779085e-08
5.861665048846530135e-08
5.818065398628940744e-08
5.687212704683438934e-08
5.516886117892611605e-08
5.419408402684809469e-08
5.274921621183097652e-08
5.229633966250004949e-08
5.078071653423617889e-08
4.887641920681456039e-08
4.843382612439301490e-08
4.760503494055116765e-08
4.652385409081162651e-08
4.600480919020617434e-08
4.553768458757302999e-08
4.389059797133865828e-08
4.316156354241738287e-08
4.143444211184434224e-08
4.124187106714595763e-08
3.960460629955219239e-08
3.874030357973075864e-08
3.845465062988731968e-08
3.716403220778348647e-08
3.633527528214617091e-08
3.586998756527400392e-08
3.496937322859425090e-08
3.389144384374579218e-08
3.320650152948283369e-08
3.293723711482715974e-08
3.217231973983944971e-08
3.118056542330537388e-08
3.027973916499464299e-08
3.000532783357892542e-08
2.895906496227846864e-08
2.727338750801991792e-08
2.670439885435540141e-08
2.659934181792528702e-08
2.595581665850229461e-08
2.516815077826848883e-08
2.470243131802988569e-08
2.334286623116720563e-08
2.315324687115297600e-08
2.259976211374379032e-08
2.202191472579507273e-08
2.119945081692759102e-08
2.002423636512676393e-08
1.921110334294953742e-08
1.859525134652119793e-08
1.828968350080023804e-08
1.731862176161773397e-08
1.701562288239944832e-08
1.613866827294325463e-08
1.609983125648187186e-08
1.539117105105198290e-08
1.480167042962998338e-08
1.461878942581772713e-08
1.442701296994314663e-08
1.338584313365462855e-08
1.301364110201398098e-08
1.277350675663440693e-08
1.249880960244208579e-08
1.208283647906416513e-08
1.136630124959129163e-08
1.121208591493835643e-08
1.057305252038639722e-08
1.016337386296740835e-08
9.623525134971832948e-09
9.454208967947322287e-09
9.240321638715917554e-09
8.972220793613623152e-09
8.675425536862678555e-09
8.001741428387245214e-09
7.571014739657773376e-09
7.213269783338266139e-09
6.739981847785151422e-09
6.554705844592919192e-09
6.341454816346364971e-09
6.080142093682731813e-09
5.913228204519238106e-09
5.625044763476725266e-09
5.270569364197349731e-09
5.105943942525825804e-09
4.799124266173417885e-09
4.736697070735280399e-09
4.593769514378006873e-09
4.271002118049959104e-09
4.052865690212992718e-09
3.954943079540919788e-09
3.609857640946778536e-09
2.981140574406170019e-09
2.854007125685189751e-09
2.736863560474959389e-09
2.455571010289983654e-09
2.380782199568573613e-09
2.077983930656157532e-09
1.967939788768468507e-09
1.801244149234908759e-09
1.424420420249736516e-09
1.298902595804764651e-09
1.237344770646904808e-09
1.026772349375706408e-09
9.162489472013910357e-10
7.899626620197824156e-10
6.682669461141872084e-10
5.491716504087053763e-10
4.753566959018614370e-10
4.062057740243309899e-10
2.318870540070627062e-10
