4.125039651989936829e-02
4.748726263642311096e-03
2.086273161694407463e-03
1.283693360164761543e-03
5.419687367975711823e-04
2.010397292906418443e-04
1.532698661321774125e-04
4.743814861285500228e-05
3.537666998454369605e-05
3.242351158405654132e-05
9.029634384205564857e-06
6.500234576378716156e-06
4.478107712202472612e-06
3.632788548202370293e-06
2.475125029377522878e-06
2.145253802154911682e-06
1.628729592084710021e-06
1.357339556307124440e-06
1.268647110919118859e-06
1.139894152402121108e-06
9.671575753600336611e-07
9.109672873819363303e-07
8.012387411326926667e-07
6.704789825562329497e-07
6.179182037158170715e-07
5.403755949373589829e-07
5.033892307437781710e-07
4.798481541001820005e-07
4.586511010984395398e-07
3.850819894068990834e-07
3.793570328980422346e-07
3.625307840593450237e-07
3.551495808551408118e-07
3.311298542030272074e-07
3.155005003918631701e-07
3.008727844644454308e-07
2.949840904875600245e-07
2.902787912262283498e-07
2.852202385383861838e-07
2.777582892576901941e-07
2.714087372623907868e-07
2.650681949489808176e-07
2.614154084312758641e-07
2.577619397925445810e-07
2.535373084810998989e-07
2.476481881785730366e-07
2.428497225537284976e-07
2.384424249157746090e-07
2.352935126737065730e-07
2.316802749646740267e-07
2.292725156394226360e-07
2.252517816714316723e-07
2.246183470333562582e-07
2.188772185718335095e-07
2.160580265808675904e-07
2.144139727988658706e-07
2.107432948150744778e-07
2.096949742735887412e-07
2.052478436098681414e-07
2.018471008113920107e-07
1.976724064434165484e-07
1.965845797258225502e-07
1.952816148786951089e-07
1.929460182736875140e-07
1.921533225868188310e-07
1.901964736816807999e-07
1.860638292328076204e-07
1.810545597891177749e-07
1.799420061843193253e-07
1.773462372511858121e-07
1.746471838259822107e-07
1.711225223743895185e-07
1.676116738735800027e-07
1.669838667339718086e-07
1.636507676039400394e-07
1.620130518631412997e-07
1.604219477258084225e-07
1.580282855684345122e-07
1.579831661047137459e-07
1.571703478475683369e-07
1.553048036839754786e-07
1.519043593134483672e-07
1.508221743051763042e-07
1.493346246661531040e-07
1.464690484453967656e-07
1.452871316587334150e-07
1.448936330916694715e-07
1.425715510094960337e-07
1.413163630559211015e-07
1.389832959830528125e-07
1.378799510121098137e-07
1.360930070859467378e-07
1.340256119419791503e-07
1.328080259099806426e-07
1.317866349381802138e-07
1.287664588289771928e-07
1.270880432002741145e-07
1.254361308156148880e-07
1.240187685880300705e-07
1.232914286219966016e-07
1.218926257706698379e-07
1.213299611890761298e-07
1.192742900002485840e-07
1.176507709033103311e-07
1.173120622866008489e-07
1.157691755793166521e-07
1.150063155819225358e-07
1.129320281734180753e-07
1.114802472557130386e-07
1.099181758945633192e-07
1.092669634772391873e-07
1.082016112263772811e-07
1.061301304616790731e-07
1.043367774400394410e-07
1.026821792038390413e-07
1.007341339231970778e-07
9.927342858873089426e-08
9.874931805597952916e-08
9.756116980952356244e-08
9.517533072767037083e-08
9.393348676667301334e-08
9.293566449741774704e-08
9.153051649946064572e-08
9.010845047896509641e-08
8.911433013736314024e-08
8.884793345487196348e-08
8.824108022054133471e-08
8.661758243988515460e-08
8.487782565680390690e-08
8.438137655275568250e-08
8.365447001779102720e-08
8.215573643610696308e-08
8.119098993120132945e-08
8.102518478381171008e-08
7.879338426164395059e-08
7.785589417608207441e-08
7.693704873190654325e-08
7.591115291916139540e-08
7.484432273940910818e-08
7.396383949753726483e-08
7.162706339158830815e-08
7.087279385586953140e-08
6.999150770070627914e-08
6.915992400990944589e-08
6.784468098430807004e-08
6.742906322187991464e-08
6.558116893984333728e-08
6.538391517096897587e-08
6.469163338351791026e-08
6.326426671421359060e-08
6.223624637868852005e-08
6.152408360549088684e-08
5.993617691046893015e-08
5.936019675800707773e-08
5.857402030073899368e-08
5.785268442082269758e-08
5.752400511482846923e-08
5.686018411665827443e-08
5.536221436841515242e-08
5.483523679572499532e-08
5.355011012397881132e-08
5.295600757904139755e-08
5.245449941071456124e-08
5.135661140798220003e-08
5.124983104565217218e-08
5.004362790828054131e-08
4.894700822433151188e-08
4.832046585079297074e-08
4.683507981440016010e-08
4.614854276496771490e-08
4.542996734357984678e-08
4.502818029550326173e-08
4.395520392108664964e-08
4.340799009128204489e-08
4.337506354090692184e-08
4.306100365170095756e-08
4.239455719812212919e-08
4.169567802136953105e-08
4.051468849297634733e-08
3.985338281609074329e-08
3.955623739670954819e-08
3.882701093971263617e-08
3.773899948100734036e-08
3.709845231014696765e-08
3.666795933554567455e-08
3.586717767234404164e-08
3.500213452412026527e-08
3.459645014913803607e-08
3.400104020556682372e-08
3.311396312710712664e-08
3.272170090440340573e-08
3.223648192829386971e-08
3.179066965230958886e-08
3.100090850693959510e-08
3.039344065314253385e-08
2.952119437793498946e-08
2.924420705596730841e-08
2.845329838407906209e-08
2.793070663642538420e-08
2.740842219850492256e-08
2.679157695695266739e-08
2.635053597543901560e-08
2.550125621780807705e-08
2.500965656793141534e-08
2.463480619496749568e-08
2.456046388488175580e-08
2.356633643785244203e-08
2.310936864091672760e-08
2.273989174739199370e-08
2.201359450282325270e-08
2.125102582795079798e-08
2.109035435182704532e-08
2.046912506159515033e-08
1.974224339562624664e-08
1.937934790419149067e-08
1.920003356303823239e-08
1.862599141588816565e-08
1.856022713297988957e-08
1.736196608703721722e-08
1.705873131641055807e-08
1.665471671685736510e-08
1.600754373498602945e-08
1.568172081078955671e-08
1.541061855903080868e-08
1.514147562886591913e-08
1.504205471292152652e-08
1.430289930937078680e-08
1.415047368169553010e-08
1.362475465782608808e-08
1.300170460183380783e-08
1.282003481151150481e-08
1.248791647867619758e-08
1.202760557816873188e-08
1.147942096935139489e-08
1.110613911947666566e-08
1.081989875473254870e-08
1.051684872521718717e-08
9.841487624839828641e-09
9.824949742665012309e-09
9.428369196484709391e-09
9.197753669809571875e-09
8.866964051890136034e-09
8.707556453657616657e-09
8.030930587210605154e-09
7.978690597099102888e-09
7.815959435220065643e-09
7.225746667671728574e-09
7.073627905640478275e-09
6.743703817591040206e-09
6.486389203530507075e-09
6.431672083806461160e-09
6.006957598003737075e-09
5.899027044620197557e-09
5.507974076834898369e-09
5.395429880650226551e-09
4.959010979632694216e-09
4.880228665626873408e-09
4.726453006753672526e-09
4.473878600919078963e-09
4.269019804326035228e-09
3.955571425962034482e-09
3.760149525078304578e-09
3.721251973232142518e-09
3.561287931219681013e-09
3.121280345297350323e-09
3.017221583689888575e-09
2.998882919769130240e-09
2.675329069390386394e-09
2.582849711885160104e-09
2.478055538546186654e-09
2.178478730741062463e-09
2.016370181934235006e-09
1.945875238718031142e-09
1.808144856063620409e-09
1.519466663602031531e-09
1.421326834005753881e-09
1.309544916949789695e-09
1.184855658031835901e-09
1.045510122921200491e-09
8.112392424486358777e-10
6.657287499045594359e-10
5.870439689914519477e-10
4.909135320474433684e-10
4.490612603991195328e-10
3.389587499569302054e-10
