2.271778066983062561e-01
3.688559222704138746e-02
9.675109241613903677e-03
7.649289149795081809e-03
3.701633173202812082e-03
2.854299245763103256e-03
2.305305009464339583e-03
1.569771303573516989e-03
1.219734531063402768e-03
8.504535796041122475e-04
4.820239843854689610e-04
4.239307264039996566e-04
3.366723927859098541e-04
2.319164322810695353e-04
1.939180674986906467e-04
1.463577845430021323e-04
1.323548158912081106e-04
1.191426771541076132e-04
8.574820104272149867e-05
8.240556540095750630e-05
8.035809644668998183e-05
6.423271211786320343e-05
5.451989260113690184e-05
4.835910592361393077e-05
4.133420623387416322e-05
3.934935693540943019e-05
3.613075571716870856e-05
2.960777882001711719e-05
2.750582031798261756e-05
2.673523343218102237e-05
2.417959132348224856e-05
2.208337389992713140e-05
2.099911159204389066e-05
1.954314186753622486e-05
1.891645926864238991e-05
1.807740244238941417e-05
1.548923944745456396e-05
1.508611169286882194e-05
1.346216429287860197e-05
1.246798978270707630e-05
1.205880954295401972e-05
1.162436695273885965e-05
1.111253849880010945e-05
1.076343674309282054e-05
9.995017546099821913e-06
9.822171259451420902e-06
9.423535563818273645e-06
8.872782153121571192e-06
7.948490311581794224e-06
7.750856551925669181e-06
7.520528730074638071e-06
7.318616029138567098e-06
6.722554412370100066e-06
6.510269710700621373e-06
6.303010399130475019e-06
5.872770234918741208e-06
5.718146288388739553e-06
5.685226691508482085e-06
5.592936789749497737e-06
5.251285564584613415e-06
5.008378919725600247e-06
4.889942092711839060e-06
4.613598795817703733e-06
4.436462608167645284e-06
4.276877206790620747e-06
4.074105473348608626e-06
4.012329048814725440e-06
3.940594589113076967e-06
3.868485839417937366e-06
3.724687393200080196e-06
3.498657207372814295e-06
3.452673361973564240e-06
3.342323251050125631e-06
3.210692644754248133e-06
3.122170230529670612e-06
3.069015999795305367e-06
2.974915698387354597e-06
2.851966281042395636e-06
2.797434494920060395e-06
2.677536061428600403e-06
2.620808304471887153e-06
2.494514431091147463e-06
2.470595226216072971e-06
2.389725301447010150e-06
2.327300402617457072e-06
2.310635134192050878e-06
2.279427632432256169e-06
2.233304897585632805e-06
2.131561400871519194e-06
2.125794269302481719e-06
2.087148266581700149e-06
2.071585178640012604e-06
2.006587891990363836e-06
1.952613607040246844e-06
1.881956719466236536e-06
1.874502863346081906e-06
1.790591609131435593e-06
1.765706185761355119e-06
1.741122008128720574e-06
1.696680966967766886e-06
1.672192665152952789e-06
1.615428833779825021e-06
1.552956176041904046e-06
1.510183192638641427e-06
1.467233483368776465e-06
1.454400097874059474e-06
1.421329469920631973e-06
1.406573271618144245e-06
1.376380477025246112e-06
1.338018454665240159e-06
1.296807205194331383e-06
1.285825168319227304e-06
1.270269787472895239e-06
1.240372410683279339e-06
1.220369503846150774e-06
1.197457183276015403e-06
1.173805662087748895e-06
1.145743135523752637e-06
1.133017678316500384e-06
1.127045145192472291e-06
1.101292907313933644e-06
1.073760019793132976e-06
1.037577034733768064e-06
1.011019378753585655e-06
1.003978185577838467e-06
9.855464179412025301e-07
9.695629690083606698e-07
9.542095983242990479e-07
9.298195991632328031e-07
9.008445843260452862e-07
8.987468464536655177e-07
8.788828793611066695e-07
8.579584166846519790e-07
8.305318949188109439e-07
8.045844173905048508e-07
7.981424834494045330e-07
7.850833299182483990e-07
7.795167727264893309e-07
7.620193907238735107e-07
7.534083004372228385e-07
7.487305664441706806e-07
7.351553303897572610e-07
7.085662134629945868e-07
6.916459513916503587e-07
6.840131732291521287e-07
6.610534696447471766e-07
6.405342237933643029e-07
6.368518442079863004e-07
6.241299073985927917e-07
6.032944095807398212e-07
5.964591006929673947e-07
5.740006182820289867e-07
5.655365933513052172e-07
5.620115760534801125e-07
5.505190411344768542e-07
5.419811970369308889e-07
5.285286322642022777e-07
5.176226812571314987e-07
5.175190470565926818e-07
5.046877728433139624e-07
4.986136771080269162e-07
4.858476974986877724e-07
4.823344024416935745e-07
4.725243019598379198e-07
4.569105456663222778e-07
4.534043817045535687e-07
4.389917068217402093e-07
4.294069178636017240e-07
4.233087858023166849e-07
4.174435244543108687e-07
4.113267882898687695e-07
4.080748479829894980e-07
3.866191979698979375e-07
3.860669167917348232e-07
3.766924725980422530e-07
3.741384709478266345e-07
3.733923074204037214e-07
3.564706514844741468e-07
3.520923779429013190e-07
3.488062455438042532e-07
3.352378717211131708e-07
3.257596437551976901e-07
3.154379958346729403e-07
3.124590178796912697e-07
3.032771313372255432e-07
2.970356999159791333e-07
2.957329113871931994e-07
2.895172147400358179e-07
2.780796202820199479e-07
2.747697390061621887e-07
2.705011440976326845e-07
2.673681877394812356e-07
2.547281263378112284e-07
2.456644758122380758e-07
2.403724045010233894e-07
2.382838097648478419e-07
2.361775195896118139e-07
2.293399667376065574e-07
2.246410750864375024e-07
2.222903297897067529e-07
2.195115543863066179e-07
2.149281293441369617e-07
2.100245440566410037e-07
2.040916213806615302e-07
2.004693546124972073e-07
1.938977066632090092e-07
1.889262740723568847e-07
1.852834030499269922e-07
1.753305614939045865e-07
1.736251519751875099e-07
1.713775991399244850e-07
1.675786880129438821e-07
1.651877504972788849e-07
1.631022621673810932e-07
1.556875905406947527e-07
1.509790555714426839e-07
1.480312775084264273e-07
1.463707948951149592e-07
1.412211096104671431e-07
1.383721964796350131e-07
1.371569311893215282e-07
1.313916633631630845e-07
1.264743333487057446e-07
1.235348586985419456e-07
1.188373556179725782e-07
1.160965954013714562e-07
1.118231823276811344e-07
1.051999152604442861e-07
1.041306030431832455e-07
1.000954642019907290e-07
9.713738860482640003e-08
9.357015601775478354e-08
9.312503764832936450e-08
9.184584076579223319e-08
8.570719360825299598e-08
8.417733403131672106e-08
8.347051000364179444e-08
8.033176934415495588e-08
7.545660034666091618e-08
7.419549849364544508e-08
7.340399081468451102e-08
6.989407238593904824e-08
6.684144156581092254e-08
6.277265264177374006e-08
6.194963233361346599e-08
6.001827992919996867e-08
5.457817431608487283e-08
5.352714821249612924e-08
5.184035337946250479e-08
5.126318624480187907e-08
4.887106536286860247e-08
4.631457841811097997e-08
4.509891336632572333e-08
4.336086000460157465e-08
4.103937722644640237e-08
3.931295403379266524e-08
3.808444815129733867e-08
3.539459760497732879e-08
3.460892361631133121e-08
3.295088822411891491e-08
3.076583000148674573e-08
2.898095587101702806e-08
2.815764143451110798e-08
2.710900576821545918e-08
2.514735077600951175e-08
2.368105754120380412e-08
2.342311969797192930e-08
2.188350264315920349e-08
2.065776997916668689e-08
1.905500697775540253e-08
1.808623036014973485e-08
1.555891285847081923e-08
1.487880786542692460e-08
1.462559549685525933e-08
1.228051861257906924e-08
1.205834579233717969e-08
1.102917295108297834e-08
1.038852327785228029e-08
9.615088978864771682e-09
9.442241566233511685e-09
8.592821367427173209e-09
7.371190268070042277e-09
6.972620121424089007e-09
6.426951116827860006e-09
5.382196726194013785e-09
4.760221859220543099e-09
3.618506622611235058e-09
3.213706973049234244e-09
2.618427840901657802e-09
2.438486589035955977e-09
1.800256644111277348e-09
1.472405082349742072e-09
1.014048994871916871e-09
7.742159165417167422e-10
6.203558980009533913e-10
3.852986605580925865e-10
3.114324643662039254e-10
