3.446130454540252686e-01
5.130755901336669922e-02
1.738964766263961792e-02
1.114953774958848953e-02
4.074614960700273514e-03
3.100453177466988564e-03
2.522495575249195099e-03
1.776964520104229450e-03
1.628614612855017185e-03
1.170061761513352394e-03
5.843479884788393974e-04
4.345797642599791288e-04
2.739953633863478899e-04
2.650358655955642462e-04
2.204377378802746534e-04
1.872977445600554347e-04
1.554031769046559930e-04
1.257829135283827782e-04
1.040237693814560771e-04
8.740071643842384219e-05
6.555543950526043773e-05
6.216653127921745181e-05
5.467230948852375150e-05
4.694785820902325213e-05
4.141782483202405274e-05
3.956715590902604163e-05
3.309442763566039503e-05
3.130021286779083312e-05
2.742848118941765279e-05
2.690644214453641325e-05
2.521858368709217757e-05
2.074278563668485731e-05
2.057548590528313071e-05
1.789420457498636097e-05
1.730862095428165048e-05
1.483217056374996901e-05
1.350576530967373401e-05
1.295934816880617291e-05
1.249078377441037446e-05
1.225599135068478063e-05
1.088937642634846270e-05
1.053900723491096869e-05
9.501035492576193064e-06
9.246541594620794058e-06
8.696862096257973462e-06
8.059989340836182237e-06
7.803714652254711837e-06
7.118314897525124252e-06
6.948493592062732205e-06
6.686999768135137856e-06
6.274039151321630925e-06
6.055619451217353344e-06
5.555291409109486267e-06
5.277544914861209691e-06
4.818932666239561513e-06
4.683762199420016259e-06
4.649783932109130546e-06
4.372552666609408334e-06
3.964823918067850173e-06
3.891673713951604441e-06
3.728267074620816857e-06
3.630511173469130881e-06
3.458326318650506437e-06
3.369093974470160902e-06
3.291912207714631222e-06
3.150643124172347598e-06
2.888228664232883602e-06
2.792479790514335036e-06
2.600411107778199948e-06
2.559481799835339189e-06
2.444794745315448381e-06
2.332252279302338138e-06
2.263489022880094126e-06
2.187573954870458692e-06
2.151445414710906334e-06
2.105280827890965156e-06
2.030312543865875341e-06
1.979908802240970545e-06
1.883034201455302536e-06
1.826497623369505163e-06
1.755489392962772399e-06
1.678330136201111600e-06
1.630492761250934564e-06
1.599811412233975716e-06
1.522025172562280204e-06
1.506882199464598671e-06
1.456518816667085048e-06
1.402428438268543687e-06
1.374592557112919167e-06
1.347530769635341130e-06
1.266344725081580691e-06
1.236056846209976356e-06
1.202801854560675565e-06
1.172186330222757533e-06
1.132563852479506750e-06
1.086241240955132525e-06
1.070307007466908544e-06
1.053855271493375767e-06
1.017298814076639246e-06
9.760659622770617716e-07
9.337256869912380353e-07
9.134462857218750287e-07
8.997857889880833682e-07
8.647614322399022058e-07
8.557259434383013286e-07
8.038216492423089221e-07
7.976640290507930331e-07
7.922213285382895265e-07
7.614294759150652681e-07
7.450959174093441106e-07
7.324521789087157231e-07
7.214583774839411490e-07
6.942980235180584714e-07
6.776450049983395729e-07
6.579043088095204439e-07
6.444616929002222605e-07
6.311288984761631582e-07
6.241126584427547641e-07
6.112624078014050610e-07
6.024748699928750284e-07
5.870819563824625220e-07
5.729159511247416958e-07
5.586723546002758667e-07
5.483885843204916455e-07
5.343692919268505648e-07
5.172373676032293588e-07
5.070796191830595490e-07
4.899469558949931525e-07
4.862759510615433101e-07
4.825372457162302453e-07
4.703439628883643309e-07
4.681327538946788991e-07
4.547533762888633646e-07
4.473546368899405934e-07
4.412798659814143321e-07
4.250550205142644700e-07
4.173428465037432034e-07
4.161912556810420938e-07
4.094142411759094102e-07
3.945539788219321053e-07
3.875199183767108480e-07
3.777983579311694484e-07
3.726668751369288657e-07
3.656694502751633991e-07
3.632877678683144040e-07
3.532591392740869196e-07
3.466638816007616697e-07
3.419925178604898974e-07
3.364372958003514213e-07
3.299111313026514836e-07
3.183202466061629821e-07
3.117428377663600259e-07
3.050367922696750611e-07
2.972163599679333856e-07
2.915754748755716719e-07
2.891617896239040419e-07
2.841145487764151767e-07
2.806617374062625458e-07
2.755802199772006134e-07
2.730958783558889991e-07
2.682627666672487976e-07
2.633625229009339819e-07
2.549451494360255310e-07
2.494913644568441669e-07
2.414143693840742344e-07
2.368900027249765117e-07
2.357075743475434138e-07
2.290890392941946629e-07
2.246492272206523921e-07
2.233579294852461317e-07
2.192491450614397763e-07
2.128440570459133596e-07
2.097215201501967385e-07
2.042498294940742198e-07
2.013626669850054896e-07
1.986154103406079230e-07
1.886987064381173695e-07
1.874035007176644285e-07
1.811270777807294508e-07
1.808850100815106998e-07
1.769677879792652675e-07
1.744247839496892993e-07
1.705262633322490728e-07
1.685798309836172848e-07
1.632075452562276041e-07
1.599340606617261074e-07
1.588299909371926333e-07
1.552865285248117289e-07
1.513411547193754814e-07
1.496809005629984313e-07
1.472672295221855165e-07
1.422314568344518193e-07
1.393049160469672643e-07
1.364693815730788629e-07
1.349826703744838596e-07
1.309547315031522885e-07
1.261993389789495268e-07
1.222827563651662786e-07
1.195909362650127150e-07
1.185167093353811651e-07
1.149684294432518072e-07
1.134291878202020598e-07
1.122301540590342483e-07
1.114476333441416500e-07
1.069748591930874682e-07
1.060347116776938492e-07
1.007402445907246147e-07
9.945666334942870890e-08
9.675706991174592986e-08
9.499788689026900101e-08
9.138298651123477612e-08
9.117664490077004302e-08
8.691444008945836686e-08
8.621734082225884777e-08
8.319824473801418208e-08
8.311279486861167243e-08
8.016773733743320918e-08
7.700860749082494294e-08
7.495206233443241217e-08
7.291913561857654713e-08
7.058408613147548749e-08
7.028438631095923483e-08
7.015086112005519681e-08
6.915955452768685063e-08
6.539796260085495305e-08
6.385754858229120146e-08
6.059799773083796026e-08
5.968509242393338354e-08
5.816836790017987369e-08
5.708444561491887725e-08
5.551804704850837879e-08
5.324976370957301697e-08
5.283954962465031713e-08
5.136078229384111182e-08
4.913965767627814785e-08
4.730276970121849445e-08
4.666634723093920911e-08
4.330809844077521120e-08
4.315101165275336825e-08
4.253213958804735739e-08
4.078644622040883405e-08
3.964863282135411282e-08
3.934259851234855887e-08
3.701185136151252664e-08
3.571626550069595396e-08
3.513073565386548580e-08
3.205836307529352780e-08
3.172335283352367696e-08
3.104616297378015588e-08
2.973103185865966225e-08
2.884397254376835917e-08
2.743996141418847401e-08
2.615541561112877389e-08
2.468247828346648021e-08
2.427963075035677321e-08
2.377938379538591107e-08
2.301261403658827476e-08
2.106787810873811395e-08
2.015117672726773890e-08
1.953470452065175778e-08
1.829016049725851190e-08
1.796022353062198817e-08
1.756811229824961629e-08
1.702061958042122569e-08
1.608826316612521623e-08
1.511961400524342025e-08
1.420959083731077044e-08
1.341384958664093574e-08
1.276328820409844411e-08
1.207876820785713790e-08
1.193201892846218470e-08
1.139456173859798582e-08
1.041799713163982233e-08
9.887397567354128114e-09
8.537864637503389531e-09
8.470641965629965853e-09
8.037105203584360424e-09
7.355415387877428657e-09
6.882866721014124778e-09
6.231117843924494082e-09
6.057244039681108916e-09
5.740357522654448985e-09
5.317892348699615468e-09
4.658205376983914903e-09
4.352237237270628611e-09
3.775923573812178802e-09
3.616052124399971035e-09
3.352233157727368962e-09
3.153539873679278571e-09
2.365264428760838200e-09
1.797674342718380558e-09
1.541420657780179226e-09
1.495751522639920950e-09
1.267388971548655263e-09
6.926383355754239801e-10
6.433737431699171339e-10
5.333026797949003139e-10
