1.361042075838087229e+00
7.413840786351738599e-01
3.921397171140788007e-01
2.235723684993928817e-01
2.151641524046839782e-01
1.598304629088051210e-01
1.203325162008957450e-01
1.004903612423613118e-01
9.409826566452404728e-02
8.405419764554906970e-02
7.040581998220286908e-02
5.681731720854853174e-02
5.571154839272191017e-02
5.210108876683272605e-02
4.926547463422725065e-02
4.587225468609612555e-02
4.302830924535235718e-02
3.782063049033979052e-02
3.589140453856352886e-02
3.292376854114578699e-02
3.260704696852995826e-02
3.036220827525484833e-02
2.965995639269091919e-02
2.717900313586769576e-02
2.472183915190358586e-02
2.310701849026476976e-02
2.132441158297834413e-02
2.102324911842586019e-02
2.020934999856514522e-02
1.867517439976983801e-02
1.803561853635263570e-02
1.739167966072370161e-02
1.544048920349270007e-02
1.470438761282044995e-02
1.407834980208187703e-02
1.372101382341800978e-02
1.350560050165291667e-02
1.293627521656829857e-02
1.244622564083804929e-02
1.204153399014551949e-02
1.176980288933130239e-02
1.082994196802345571e-02
1.043882037386496993e-02
1.038485248109527123e-02
9.861867971369708483e-03
9.289253050349144045e-03
9.142794450306208215e-03
9.015782166357302896e-03
8.652973750625162289e-03
8.550642200958188249e-03
7.891287340160216268e-03
7.595935938969296253e-03
7.366931664427776860e-03
7.078234864367418007e-03
6.564840564307929116e-03
6.334833095971764173e-03
6.156337990418941745e-03
6.088330452191771311e-03
5.954449405346942323e-03
5.807014027059144087e-03
5.614266843119004001e-03
5.475309956868304462e-03
5.218738531461323410e-03
5.112591370937582397e-03
4.951674344072151505e-03
4.633715616737204765e-03
4.462342792870136951e-03
4.393860037269648605e-03
4.296381992820304425e-03
4.277018849973989248e-03
4.225975901187017242e-03
4.005387281747672945e-03
3.881957074884533586e-03
3.614459117265779974e-03
3.565250046774548487e-03
3.519855208038444663e-03
3.453183865733604457e-03
3.265179373273423887e-03
3.155909263578533710e-03
3.100836952966460995e-03
2.962929211460416448e-03
2.919200770427617369e-03
2.765272558553179879e-03
2.711038430464223544e-03
2.673970254839699162e-03
2.566384726014585369e-03
2.468986530306534633e-03
2.400972358421747492e-03
2.323353178118916541e-03
2.198176427996783883e-03
2.173528844978377290e-03
2.083151870224628568e-03
2.028773712188426497e-03
1.977573155578644850e-03
1.935450436577200190e-03
1.901382650565589536e-03
1.804416083914243485e-03
1.784543709211174577e-03
1.710250101233647515e-03
1.670127579815802992e-03
1.600935535034282231e-03
1.555486326511378720e-03
1.449485535225105261e-03
1.429274273388413596e-03
1.397409966283139938e-03
1.312844384899220429e-03
1.288239094121879829e-03
1.228417591447089315e-03
1.218034209122614191e-03
1.141072295881459661e-03
1.131041769741110209e-03
1.099471600608403809e-03
1.081673128298850720e-03
1.045574709989688855e-03
9.835090482498182358e-04
9.449178754105348396e-04
9.230630545669910167e-04
9.040731178436328848e-04
8.940976464534874761e-04
8.309584529700875678e-04
7.790223173597438273e-04
7.160128604580206189e-04
7.123275775280842872e-04
6.760585575144058409e-04
6.666476889109178164e-04
6.533644089339723246e-04
6.029131875817392641e-04
5.861563549546261334e-04
5.439827850100780295e-04
5.301969506557797137e-04
5.026179193872276066e-04
4.834741255595179825e-04
4.671716354494063138e-04
4.265354197894500763e-04
3.645610902994285332e-04
3.562320214461075856e-04
3.385111117989012442e-04
3.062035393331711229e-04
2.880920174329943849e-04
2.688829277546656992e-04
2.227349584689752339e-04
5.539997623636993589e-08
5.291109149792661306e-08
4.836114636973952867e-08
4.187297128908578154e-08
3.893420860504456436e-08
3.832670658107222703e-08
3.611700791400481557e-08
3.533726539095171210e-08
3.494405374060132393e-08
3.388765519288974211e-08
3.107542787366809593e-08
2.947778000191410620e-08
2.847908517734464846e-08
2.839464542527863285e-08
2.731424861879018394e-08
2.641048069176061501e-08
2.537003427834617599e-08
2.508376497938758162e-08
2.444271001778035590e-08
2.421578591999916207e-08
2.278123056611246637e-08
2.246535559452830003e-08
2.149309680524924884e-08
2.111309215767612421e-08
1.944152123799548188e-08
1.941604017669777574e-08
1.904936706888764301e-08
1.904068874161725980e-08
1.851413670948373668e-08
1.817040416332907477e-08
1.729202416637140368e-08
1.725256161917595731e-08
1.643638143514791162e-08
1.642260344597130388e-08
1.594734129724606931e-08
1.547842625587155538e-08
1.539043005571340906e-08
1.462478171235469700e-08
1.451976327672075128e-08
1.441838617105625503e-08
1.378375370713619678e-08
1.343311418863555276e-08
1.313029225395400320e-08
1.299144348334098059e-08
1.249877701760221154e-08
1.202785428978711211e-08
1.189156513261042127e-08
1.179343870589268513e-08
1.115442815012074701e-08
1.111671508816224611e-08
1.077483077273145132e-08
1.064951396377966515e-08
1.053847301296527693e-08
1.008509700039851920e-08
9.760689191296619712e-09
9.724150254173767096e-09
9.636678571293708306e-09
9.628712010036189560e-09
9.370733489728537106e-09
9.092862117801229341e-09
8.833989123629636498e-09
8.782314156487733594e-09
8.386909988235205717e-09
8.352832563407205562e-09
7.726836342778445495e-09
7.655919638716765988e-09
7.642574825193856285e-09
7.340315996891918177e-09
6.961805763061024565e-09
6.883514168379648419e-09
6.734165394418236411e-09
6.683436824125113454e-09
6.597349821265275106e-09
6.280547719490383503e-09
6.262237294234020541e-09
6.192234848762942836e-09
5.954576299839462427e-09
5.696685083890116792e-09
5.554546577947731482e-09
5.489243020842249124e-09
5.487590474216687894e-09
5.417772007684856354e-09
5.153714215195732274e-09
5.148690471065199928e-09
5.091958550391266578e-09
4.953718481455639337e-09
4.733879172740919640e-09
4.712647359137386777e-09
4.477711364853259006e-09
4.452762771967639722e-09
4.279015488752819201e-09
4.167654603833387804e-09
4.159453079781043031e-09
4.099137522547992242e-09
4.011163433630183664e-09
4.005383317575222171e-09
3.842424522796055683e-09
3.796760522459263659e-09
3.576431000107399200e-09
3.491417826953019805e-09
3.394534593413284115e-09
3.202571553420768731e-09
3.169305517390467252e-09
3.089638876166489838e-09
3.027790670595899912e-09
2.896021073632763945e-09
2.804154153515035108e-09
2.723178382461394530e-09
2.702608181374321499e-09
2.463391561241882681e-09
2.406050505099439988e-09
2.395254254127633413e-09
2.312093078404577973e-09
2.134607851498757872e-09
2.012523431297182747e-09
1.977873322816759075e-09
1.843623096332968597e-09
1.701980115666382435e-09
1.681058697742525656e-09
1.658241782199244867e-09
1.537376354203565190e-09
1.502868008072592274e-09
1.408691613603205530e-09
1.408003225499402118e-09
1.346777759587846636e-09
1.237293485516840944e-09
1.180681429715454689e-09
1.126048620080898170e-09
9.729102018411623531e-10
9.582042050179871212e-10
8.834844174716764211e-10
7.881024843893329864e-10
7.317529751753548435e-10
5.938663167915535360e-10
5.884619455452952776e-10
5.773816395359882701e-10
5.437202282120325117e-10
3.891593438482089579e-10
3.667345897755338487e-10
2.754953330996850794e-10
2.046206694249540927e-10
7.736488215471846505e-11
7.717194575504637419e-11
6.761512455479387331e-11
