2.878692626953125000e+00
1.549629926681518555e+00
7.825239300727844238e-01
3.603008389472961426e-01
3.088112175464630127e-01
2.753157019615173340e-01
2.098299264907836914e-01
1.638222336769104004e-01
1.545353233814239502e-01
1.011903509497642517e-01
9.317563474178314209e-02
7.992582768201828003e-02
6.177119165658950806e-02
5.198514461517333984e-02
4.671149328351020813e-02
4.583730548620223999e-02
4.246812313795089722e-02
3.849679604172706604e-02
3.406446799635887146e-02
3.370272368192672729e-02
3.050746582448482513e-02
2.892231196165084839e-02
2.453586459159851074e-02
2.302334457635879517e-02
2.220370993018150330e-02
2.067999541759490967e-02
1.962028443813323975e-02
1.900389231741428375e-02
1.812620460987091064e-02
1.656811498105525970e-02
1.572305150330066681e-02
1.466940622776746750e-02
1.446266192942857742e-02
1.349652558565139771e-02
1.304099708795547485e-02
1.248862594366073608e-02
1.201066933572292328e-02
1.145909260958433151e-02
1.062877476215362549e-02
1.033871341496706009e-02
1.017886865884065628e-02
9.294197894632816315e-03
9.114166721701622009e-03
8.885611779987812042e-03
8.524222299456596375e-03
8.168681524693965912e-03
7.696337997913360596e-03
7.339672651141881943e-03
6.950652692466974258e-03
6.844109855592250824e-03
6.292313337326049805e-03
5.909377709031105042e-03
5.704373586922883987e-03
5.645614117383956909e-03
5.251999944448471069e-03
5.178235471248626709e-03
5.104586947709321976e-03
4.869755823165178299e-03
4.684604238718748093e-03
4.249283112585544586e-03
4.033142235130071640e-03
3.897010348737239838e-03
3.742606146261096001e-03
3.656890708953142166e-03
3.462911816313862801e-03
3.395400475710630417e-03
3.283711615949869156e-03
3.206908935680985451e-03
3.057869384065270424e-03
2.954714698716998100e-03
2.877935301512479782e-03
2.830202691256999969e-03
2.715571084991097450e-03
2.580054337158799171e-03
2.480935538187623024e-03
2.416864270344376564e-03
2.397840609773993492e-03
2.241380512714385986e-03
2.102663973346352577e-03
2.094602212309837341e-03
2.012006239965558052e-03
1.883337972685694695e-03
1.847187755629420280e-03
1.815518946386873722e-03
1.736978068947792053e-03
1.671204925514757633e-03
1.605537370778620243e-03
1.562422956340014935e-03
1.527834450826048851e-03
1.459237653762102127e-03
1.380561734549701214e-03
1.313103712163865566e-03
1.285282778553664684e-03
1.238501630723476410e-03
1.173714059405028820e-03
1.141098910011351109e-03
1.103617250919342041e-03
1.087836571969091892e-03
1.018561888486146927e-03
9.806752204895019531e-04
9.608510881662368774e-04
9.157922468148171902e-04
8.977111428976058960e-04
8.710850379429757595e-04
8.266320801340043545e-04
8.134659728966653347e-04
7.678921683691442013e-04
7.456999155692756176e-04
7.102687959559261799e-04
6.917974096722900867e-04
6.539504975080490112e-04
6.361217238008975983e-04
6.239858339540660381e-04
5.919180694036185741e-04
5.763319786638021469e-04
5.527710309252142906e-04
5.256654694676399231e-04
5.088785546831786633e-04
4.857387975789606571e-04
4.291885124985128641e-04
4.214749787934124470e-04
4.170601023361086845e-04
4.081434162799268961e-04
3.924391639884561300e-04
3.582790959626436234e-04
3.514622221700847149e-04
3.342371783219277859e-04
3.189973067492246628e-04
2.982217702083289623e-04
2.892658230848610401e-04
2.851717581506818533e-04
2.600725565571337938e-04
2.445409190841019154e-04
2.246569056296721101e-04
2.093566872645169497e-04
1.935258042067289352e-04
1.895023597171530128e-04
1.745171175571158528e-04
1.581598917255178094e-04
1.428484683856368065e-04
1.284814934479072690e-04
3.311564711339087808e-08
-3.215340171891512000e-08
-2.814873489853653155e-08
2.685560041015833121e-08
2.316186886730520200e-08
-2.274329347073944518e-08
-2.039540980547371873e-08
1.920710523961588478e-08
-1.853399922424614488e-08
1.767145541009540466e-08
1.685584116728477966e-08
-1.656383652459680889e-08
1.606842658929963363e-08
-1.509422098422419367e-08
-1.441818309189102365e-08
1.409228289617203700e-08
-1.368457347439289151e-08
1.326635690190869354e-08
-1.302054997154300509e-08
1.279988204316850897e-08
1.249393832836176443e-08
-1.238929669966637448e-08
1.212094868918711654e-08
-1.132035087891836156e-08
1.121716319829602071e-08
-1.085130918454524362e-08
-1.038557506660708896e-08
1.013416461859151241e-08
9.854870697267870128e-09
-9.833267533565503982e-09
-9.669793854527597432e-09
-9.396119438065397844e-09
-9.313557036705333303e-09
8.881791302428609924e-09
8.679886143170278956e-09
-8.469370982311374974e-09
-8.321599409555346938e-09
8.267785567284136050e-09
8.053429034760029026e-09
-7.756253417312564125e-09
-7.551728131716117787e-09
-7.484628916643032426e-09
7.480248420677071408e-09
7.157761050535782488e-09
6.995397150433291245e-09
6.755172421435418073e-09
-6.654554685070479536e-09
6.498123372722375279e-09
-6.433092725188771510e-09
-6.220217230179514445e-09
6.124594165157759562e-09
5.895679056067137935e-09
-5.805352643051264749e-09
5.677358583255909252e-09
-5.577724504490788604e-09
-5.491221699571724457e-09
5.291355353875815126e-09
-5.158819593731323039e-09
5.144086490105337361e-09
-4.979631373913662173e-09
4.934912034570970718e-09
-4.857721780382462384e-09
4.694578947805894131e-09
4.682978449466190796e-09
4.480925408500979756e-09
-4.472900272389779275e-09
4.272245668346386083e-09
-4.267619146958168130e-09
4.081068372130403077e-09
4.055216606957401382e-09
-4.029376832193065638e-09
-3.898056100126723322e-09
3.828834582719764512e-09
-3.796432501701474393e-09
3.610509446971832404e-09
-3.551473559681994629e-09
-3.489345923313180720e-09
-3.440278728561452226e-09
3.439319273823571166e-09
-3.200858467167222443e-09
3.191530373314321878e-09
-3.181360064274940669e-09
3.178620699983980558e-09
3.089468680883555862e-09
2.978553625965218998e-09
-2.955099054346987941e-09
2.749669159030077026e-09
-2.747537086733586875e-09
2.728552273012496698e-09
-2.621728834029113386e-09
-2.552526190413573204e-09
2.543605992499919921e-09
2.462203108066773893e-09
-2.438141244454072876e-09
-2.408682808763273897e-09
2.381514541127671691e-09
-2.234907148235265595e-09
-2.158282663700106241e-09
-2.081639527418133184e-09
2.072866545077545197e-09
1.975128505193879391e-09
1.927341619634148628e-09
-1.923818659932408082e-09
1.844288388674897305e-09
-1.776465752278966193e-09
-1.713375552547802272e-09
1.679868244508497810e-09
1.640288904702913442e-09
-1.555544471010250618e-09
1.515717884537082227e-09
-1.428964502281360183e-09
1.420661255302491099e-09
1.358428924902455037e-09
1.299307550439721126e-09
-1.278103400892405261e-09
-1.211438060977343412e-09
-1.120157522294107366e-09
1.090227685907052546e-09
-1.013920725156935987e-09
9.913146969964259370e-10
-9.894565167201108125e-10
9.640169773561524380e-10
9.456139204999658432e-10
8.509399296308117755e-10
-8.317102007104892891e-10
-7.667701473756949326e-10
-7.468655693898540449e-10
6.703339550107045852e-10
-6.472775648802553405e-10
5.898265764692212088e-10
-5.749375420194269282e-10
-5.237116296186172804e-10
5.163864336132917288e-10
-4.166161027274739581e-10
3.711604357192754833e-10
-3.592484365544379443e-10
3.184824071134073620e-10
3.069980936132310489e-10
2.580849978173205272e-10
1.893373235972717339e-10
-1.565558932492550070e-10
9.184760590974505590e-11
-6.829338483615998712e-11
5.515207734951843577e-11
