7.500223384628310619e-01
9.547037296298532816e-02
5.796245872155734308e-02
4.746914550345252698e-02
3.400721528522485798e-02
2.158972619593277006e-02
1.237979474525865813e-02
6.203356857078639111e-03
4.479205764621715762e-03
3.278137672222537595e-03
3.222950701014252323e-03
2.271720334907626013e-03
1.980528432945713197e-03
1.675913734507478289e-03
1.532238394581990132e-03
1.392995795412916692e-03
1.312291544718649896e-03
1.245938971024925651e-03
1.191983697418736669e-03
9.950097409875387298e-04
8.965585554658136351e-04
8.190951609717184211e-04
7.501046096623555657e-04
6.377271179389751429e-04
5.522956143441186102e-04
5.083052689596717199e-04
4.817261653995906999e-04
4.535615454881491201e-04
4.443435333624912013e-04
4.131493809355837204e-04
3.777103660789240787e-04
3.496749550305978580e-04
3.223479517682226203e-04
3.064657083700974031e-04
2.857398218256090535e-04
2.646904183160216214e-04
2.362762868571918350e-04
2.333688876205783759e-04
2.259166659465804562e-04
2.199825263380628647e-04
2.048782803357597048e-04
1.956718648246889305e-04
1.827885502861768135e-04
1.712478034005448710e-04
1.642409813709280839e-04
1.527665959441087387e-04
1.456634074654630676e-04
1.409404547387430962e-04
1.336519045655881353e-04
1.256606040843055131e-04
1.194246416818239148e-04
1.164402671389498938e-04
1.090468849004144042e-04
1.044261169737036379e-04
1.030832356319958646e-04
9.371854237013019825e-05
8.997244890544506843e-05
8.733886564030081000e-05
8.332800740788840225e-05
8.141396416696308064e-05
7.628880797275566198e-05
7.300806091407577487e-05
7.256196713954371502e-05
7.002360768552243014e-05
6.712975593190904260e-05
6.574317983753637999e-05
6.337700252407906301e-05
6.184676393374118010e-05
5.769686467305351287e-05
5.599832356089566831e-05
5.515328876640344713e-05
5.398540049706767821e-05
5.135235026378603252e-05
4.836087474938829890e-05
4.701954947827147521e-05
4.599601853763008108e-05
4.418119528381462093e-05
4.133309825040866215e-05
4.103538011525002224e-05
3.942543235225392942e-05
3.836703813880237195e-05
3.688072703222713164e-05
3.488035296338972872e-05
3.398978163460120313e-05
3.255298676273265715e-05
3.192677463353710320e-05
3.140319183200650807e-05
3.102465928379463065e-05
2.906573397058529511e-05
2.809358653346845835e-05
2.736946884913828685e-05
2.713322387484852594e-05
2.634241220845948722e-05
2.545548581474112678e-05
2.390599445054354474e-05
2.373313487900667021e-05
2.320149781964498038e-05
2.293822206325599381e-05
2.155995519325828218e-05
2.078981094473091604e-05
2.047820185469408847e-05
1.982804760489532403e-05
1.940131092751669391e-05
1.841724654910332427e-05
1.790077362930950048e-05
1.759234682005765172e-05
1.713137490643030822e-05
1.642353771272207438e-05
1.608843469310525438e-05
1.587469908793185525e-05
1.507611976868650420e-05
1.504384103158598263e-05
1.439551269806331547e-05
1.376959527080118416e-05
1.332664968646850202e-05
1.302408656241038123e-05
1.242501079385865267e-05
1.195886336011100117e-05
1.163199981721198381e-05
1.127437693172458276e-05
1.122429520247504700e-05
1.108099211730511606e-05
1.075609107452666036e-05
1.006783903465953492e-05
9.868934379419104231e-06
9.568738680755330714e-06
9.460536738141927526e-06
9.133616466922125286e-06
8.867598847040950835e-06
8.712738204571375094e-06
8.402788300033212749e-06
8.172233040699533038e-06
8.081952900657700446e-06
7.855776693739851383e-06
7.189743466793915383e-06
7.169149159926237116e-06
7.094286853757274189e-06
6.665324780209400149e-06
6.518688164886701828e-06
6.423785252910465220e-06
6.168896352275236400e-06
6.082059838397554036e-06
5.952624717803270315e-06
5.766345010343673209e-06
5.551440885245099028e-06
5.509631327248126840e-06
5.461970546783074397e-06
5.125132632715449833e-06
5.038238486787166726e-06
5.011285783579427689e-06
4.815739950141975195e-06
4.780302705226993569e-06
4.390372157324346744e-06
4.326482656827417120e-06
4.281130536152232354e-06
4.056534369116408255e-06
4.002166269057852266e-06
3.887439934452511741e-06
3.862091740605658145e-06
3.543959499930567351e-06
3.529670832836658410e-06
3.464780070639034871e-06
3.415792694543200477e-06
3.254823754462427192e-06
3.178835954539040481e-06
3.074306659710770395e-06
3.045236477968830940e-06
3.001736674721257279e-06
2.907231955352541748e-06
2.780740943646438906e-06
2.748856757439579396e-06
2.684789019272904046e-06
2.511638610408388779e-06
2.502542881465130550e-06
2.433730368944587565e-06
2.330430747875489019e-06
2.244172360559161755e-06
2.149958481888926573e-06
2.135320454920347452e-06
2.043632486246499407e-06
2.007873954144407725e-06
1.877846832313252364e-06
1.845126311359384821e-06
1.794699102422160872e-06
1.718115224476437896e-06
1.631555554955769212e-06
1.586463166749880151e-06
1.505407896001924323e-06
1.473487713402552789e-06
1.434216757680733780e-06
1.395930556393995402e-06
1.347629809576802596e-06
1.294397144880604952e-06
1.194145239273898291e-06
1.166103110034672657e-06
1.114180366651650179e-06
1.100358240911593596e-06
1.038880848836295006e-06
9.965802374760720162e-07
9.720506540967713063e-07
9.321565752314379560e-07
8.857258349623649067e-07
8.620774383737855528e-07
8.468939780418069648e-07
8.412023959498662354e-07
7.709968486358131154e-07
7.575809872432182235e-07
6.824809759140646437e-07
6.550596303649778928e-07
6.486671332524135157e-07
6.258187354115402668e-07
5.984764768514885238e-07
5.659836499688075305e-07
5.058462553494083573e-07
5.028586353616225744e-07
4.765562977762737616e-07
4.389479433541362688e-07
4.282824682484366958e-07
3.961303361488416771e-07
3.872711474212840435e-07
3.688651644078930309e-07
3.494837465105135994e-07
3.363016784766091466e-07
3.103412260031520862e-07
2.877598342939383368e-07
2.573129967214542063e-07
2.405328077202766524e-07
2.288497724573836910e-07
2.083334877854016222e-07
1.965864398490775411e-07
1.826946911170520123e-07
1.629589923336266847e-07
1.497929058723701606e-07
1.305904739691359779e-07
1.167825223876260803e-07
9.061902774690158699e-08
8.171509471996835463e-08
7.190784343128307489e-08
5.716204886522058562e-08
3.773734387353571731e-08
8.426656329069425868e-09
7.483777499927230863e-09
7.028756643857311070e-09
6.632810080536904650e-09
6.033916252657822534e-09
5.900614465379068226e-09
5.294499708855074104e-09
5.243622515170723325e-09
5.179665026550714903e-09
4.559417211107840656e-09
4.383165915051744255e-09
4.035540451750282374e-09
3.998478873719523257e-09
3.807926791327840852e-09
3.685765827415457649e-09
3.683215667809384997e-09
3.387981405096198698e-09
3.097771566334947073e-09
2.978559074460528330e-09
2.937921597322535696e-09
2.747289214511072823e-09
2.389598028831199804e-09
2.225689580820013283e-09
2.207937894944012238e-09
2.191765617408441591e-09
1.854091920000292229e-09
1.832425209167801516e-09
1.594001519789500758e-09
1.389530635041524978e-09
1.369947580572299366e-09
1.283881602371148184e-09
1.203265217407792490e-09
8.232906122978161164e-10
7.203434598616427959e-10
6.286911877263597256e-10
6.126187059011916887e-10
5.104377093888737742e-10
4.948636299489280331e-10
3.741437594539832596e-10
3.064690455122024497e-10
1.211223671177439585e-10
6.380257271289823130e-11
6.062904054221726949e-11
4.455016620350062474e-11
1.830978494699400262e-11
