1.771628499031066895e+00
2.087490856647491455e-01
1.296981871128082275e-01
6.670389324426651001e-02
4.682940617203712463e-02
2.775212563574314117e-02
1.241640094667673111e-02
6.123451050370931625e-03
5.170532036572694778e-03
3.701280336827039719e-03
2.887206384912133217e-03
2.473332453519105911e-03
2.024260815232992172e-03
1.791276270523667336e-03
1.656676759012043476e-03
1.391769270412623882e-03
1.359666581265628338e-03
1.203816849738359451e-03
1.003653276711702347e-03
8.864505216479301453e-04
7.955453475005924702e-04
7.662357529625296593e-04
6.544790230691432953e-04
5.515855154953896999e-04
5.332035943865776062e-04
4.854719154536724091e-04
4.509197024162858725e-04
4.244342271704226732e-04
3.881278098560869694e-04
3.743888810276985168e-04
3.628343692980706692e-04
3.171157441101968288e-04
3.109596436843276024e-04
2.899442915804684162e-04
2.795340260490775108e-04
2.550343342591077089e-04
2.306995302205905318e-04
2.231530670542269945e-04
2.027500740950927138e-04
1.905641256598755717e-04
1.810870307963341475e-04
1.643579889787361026e-04
1.616816007299348712e-04
1.519550132798030972e-04
1.475075696362182498e-04
1.388395467074587941e-04
1.345394121017307043e-04
1.226754975505173206e-04
1.208205358125269413e-04
1.104051043512299657e-04
1.010211490211077034e-04
9.639852214604616165e-05
9.337678056908771396e-05
9.081845928449183702e-05
8.645129855722188950e-05
8.463179983664304018e-05
7.802002073731273413e-05
7.537774945376440883e-05
6.941898755030706525e-05
6.514168489957228303e-05
6.269729055929929018e-05
6.036246122675947845e-05
5.843920371262356639e-05
5.392682942328974605e-05
5.107274773763492703e-05
4.917104524793103337e-05
4.615370926330797374e-05
4.381071994430385530e-05
4.286568218958564103e-05
4.229750265949405730e-05
4.021854692837223411e-05
3.895595364156179130e-05
3.723733243532478809e-05
3.641270450316369534e-05
3.571648267097771168e-05
3.323244527564384043e-05
3.160932828905060887e-05
3.057389039895497262e-05
2.971169669763185084e-05
2.691057306947186589e-05
2.564419992268085480e-05
2.537683758419007063e-05
2.381504054937977344e-05
2.340258470212575048e-05
2.297909304616041481e-05
2.243486778752412647e-05
2.069247057079337537e-05
1.998917650780640543e-05
1.885475285234861076e-05
1.822334161261096597e-05
1.758734651957638562e-05
1.693259036983363330e-05
1.609802529856096953e-05
1.570315362187102437e-05
1.463854368921602145e-05
1.404192516929470003e-05
1.378017441311385483e-05
1.361370777885895222e-05
1.322976822848431766e-05
1.288004659727448598e-05
1.265703667741036043e-05
1.241736026713624597e-05
1.194630112877348438e-05
1.132018587668426335e-05
1.105099181586410850e-05
1.044438704411732033e-05
1.012204938888316974e-05
9.777107152331154794e-06
9.519233572063967586e-06
9.317400326835922897e-06
8.785519639786798507e-06
8.548794539819937199e-06
8.145824722305405885e-06
7.995894520718138665e-06
7.812831427145283669e-06
7.418226687150308862e-06
7.145154086174443364e-06
6.852461865491932258e-06
6.831171958765480667e-06
6.549242698383750394e-06
6.271119673328939825e-06
6.231017778191016987e-06
5.905726993660209700e-06
5.826221240567974746e-06
5.516158580576302484e-06
5.354137101676315069e-06
5.125208190293051302e-06
4.986050953448284417e-06
4.914209057460539043e-06
4.697410531662171707e-06
4.650616119761252776e-06
4.457017894310411066e-06
4.340825853432761505e-06
4.027810973639134318e-06
3.933543666789773852e-06
3.916816694982117042e-06
3.779398866754490882e-06
3.652232408057898283e-06
3.577574034352437593e-06
3.428506033742451109e-06
3.382310524102649651e-06
3.285480715931043960e-06
3.189048811691463925e-06
3.054549779335502535e-06
2.936407781817251816e-06
2.922235125879524276e-06
2.780036311378353275e-06
2.714917854973464273e-06
2.652414423209847882e-06
2.559960194048471749e-06
2.421870249236235395e-06
2.396168383711483330e-06
2.322260797882336192e-06
2.251968226119061001e-06
2.199520395151921548e-06
2.150876980522298254e-06
2.114787548634922132e-06
2.101387053698999807e-06
2.030128371188766323e-06
1.984820755751570687e-06
1.884304083432652988e-06
1.814145548451051582e-06
1.792550960999506060e-06
1.711276468085998204e-06
1.675584144322783686e-06
1.591408704371133354e-06
1.534649186396563891e-06
1.498722781434480567e-06
1.483644609834300354e-06
1.406318574481701944e-06
1.367017262055014726e-06
1.333164391326135956e-06
1.307088041357928887e-06
1.255125766874698456e-06
1.219109549310815055e-06
1.139403366323676892e-06
1.127748987528320868e-06
1.069787231244845316e-06
1.021309458337782416e-06
1.008535150504030753e-06
9.517639227851759642e-07
9.475036222283961251e-07
9.309527513323700987e-07
8.781599944995832630e-07
8.562477660234435461e-07
8.148237498062371742e-07
8.133279720823338721e-07
7.791481380081677344e-07
7.497590672755904961e-07
7.132259725040057674e-07
6.859281143078987952e-07
6.709076956212811638e-07
6.470664857260999270e-07
6.363124498420802411e-07
6.317374072750681080e-07
5.832447413922636770e-07
5.455586915559251793e-07
5.372419309424003586e-07
5.255122914604726247e-07
4.946882654621731490e-07
4.748418689359823475e-07
4.514869544891553232e-07
4.323134703554387670e-07
4.220264031573606189e-07
4.011127145986392861e-07
3.705733035985758761e-07
3.531820027546928031e-07
3.352882629314990481e-07
3.335545954996632645e-07
3.186869150795246242e-07
3.069401657285197871e-07
2.924472823906398844e-07
2.730087373947753804e-07
2.597228672129858751e-07
2.412684523278585402e-07
2.355564561185019556e-07
2.270739685172884492e-07
2.218372259221723652e-07
2.045090923274983652e-07
1.863263747736709774e-07
1.817799386572005460e-07
1.692678921472179354e-07
1.667238649361024727e-07
1.580244202159519773e-07
1.393723323417361826e-07
1.261909261529581272e-07
1.227958676963680773e-07
1.188525544648655341e-07
1.115704080234536377e-07
1.018907980210315145e-07
9.195058936484201695e-08
8.599938183806443703e-08
7.593735773525622790e-08
6.523342221953498665e-08
5.868188424074105569e-08
5.155678195478685666e-08
4.331372593924243120e-08
3.765199707572719490e-08
2.964117307158176118e-08
2.494674511410721607e-08
-1.426685791727777541e-08
9.550675805769515136e-09
4.999917369019613034e-09
-4.235651829276321223e-09
-3.989280905614123185e-09
3.720392660611082647e-09
-3.394691860947318673e-09
-3.334011733358011043e-09
3.013684635178037752e-09
-2.756385120150639523e-09
2.657463804567328225e-09
-2.398127030289742834e-09
2.267982690540293333e-09
-2.203366822328689523e-09
2.145312150148015462e-09
-2.002564114533811335e-09
1.940825500312826080e-09
-1.887541234424361392e-09
1.809554728282591896e-09
-1.606254684816121880e-09
1.561296869567740941e-09
-1.518703829361811586e-09
1.462088006221051728e-09
1.397133297942332320e-09
-1.373813174332383369e-09
1.205699429185358440e-09
-1.154845663542403145e-09
-1.060837195865360627e-09
1.042928854388947002e-09
9.154892399720893081e-10
-7.896155951314653976e-10
-7.298727733306975551e-10
6.553311782120374573e-10
5.469158459447953646e-10
-5.288083304577639865e-10
4.462332447996431029e-10
3.937832282474573731e-10
-3.761508882149655619e-10
2.815405686362737470e-10
-2.722001235522242268e-10
1.677091521212759062e-10
1.133130395070125473e-10
-7.826837788993401546e-11
3.086881444902545013e-11
-1.284804901358072016e-11
