3.801672166934224120e-03 1.703667765923839658e-02
5.601430916221081767e-03 1.378172374208315107e-02
6.856922765562567870e-03 1.374501490612380257e-02
4.127074202633295233e-03 2.007634813235188720e-02
4.527695113192659222e-03 1.691914807195213366e-02
5.946417573061494807e-03 1.665999982971219651e-02
8.131739337346842109e-03 1.537754405485045051e-02
5.956157043105228706e-03 1.747688200013300039e-02
7.074888922933708288e-03 1.863544051493665893e-02
2.900083336152838986e-03 1.828223736035148456e-02
5.081795508946120553e-03 1.869198089908708643e-02
2.441358142999620635e-03 1.947755964298416437e-02
4.873616410959295993e-03 1.625421774982672984e-02
4.423169150039722199e-04 1.990483030415124421e-02
5.348113326710916826e-03 2.049664861553603112e-02
4.276064660216196485e-04 1.989254892103127850e-02
3.647221663349995997e-03 1.255180158215216460e-02
4.381292961676702853e-03 1.035993696150093110e-02
4.463987570947429082e-03 2.019982523189651352e-02
6.074140127048757373e-03 1.624451225997671291e-02
3.075255956331834732e-03 2.233511769805467118e-02
5.799581673396259594e-03 5.799581673396259594e-03
1.641084573269681736e-04 1.552252653941187804e-02
3.267820438865964242e-03 2.050590628997336212e-02
2.308739358068106172e-03 2.065733545582536940e-02
3.418447336665866431e-03 1.855525534852613123e-02
3.630827477673122510e-03 1.803966524884408409e-02
4.383647827982068389e-03 1.034952347328188874e-02
2.270208267993737566e-03 1.634138454540837865e-02
5.010833934337287354e-03 1.641005299360992487e-02
3.791767236942912914e-03 1.825668129446912299e-02
2.732834161026400613e-04 1.772240604938644937e-02
1.869035567119890339e-03 1.943207809388745877e-02
4.206500164058724891e-04 1.977908950135652197e-02
4.596889047347197180e-03 1.353776130013179500e-02
5.438285873406648388e-03 9.627475542658766802e-03
1.974882684041152133e-03 2.190925140821034511e-02
5.100538927255681039e-03 1.301591170476398135e-02
2.185429129347252544e-03 2.064527251379824624e-02
5.181058757100186034e-03 1.520149853450418823e-02
4.144677827471652219e-03 1.126160494744062046e-02
7.990917071263141380e-03 1.361873425878844419e-02
5.980318129308135472e-03 2.261883869426159835e-02
5.416144514587354838e-03 2.038501501708623459e-02
5.456452471896962135e-03 1.433130317623020414e-02
4.497746147362457689e-03 2.156653690281602753e-02
5.705952634352814447e-03 1.933040631955331573e-02
2.718622974381579727e-03 2.076365747751925117e-02
4.174958515773120708e-03 1.115988308514351615e-02
3.893528843393654227e-03 1.199090898780907737e-02
7.268854636451963121e-03 7.268854636451963121e-03
4.904786870030445646e-03 4.904786870030445646e-03
3.022722447408606513e-03 1.351413277651304472e-02
6.796037404013485425e-03 1.748130650363717911e-02
3.691298449221237874e-03 2.041117410793368697e-02
6.702828995206995891e-03 1.713582983860944403e-02
1.367161800943013502e-03 1.926859959041982498e-02
4.154251457452282949e-03 2.354443825761955156e-02
2.351753059043039818e-03 2.116644321469570225e-02
1.424923924433311615e-03 2.295222845459043981e-02
4.584879388978475336e-03 1.723966987069262130e-02
6.488488510489697977e-03 1.564146964342718119e-02
1.834605326861873508e-03 2.068573718694623545e-02
5.079179827579998960e-03 1.869657794508657739e-02
3.006073370492756865e-04 1.978309543216496408e-02
4.311262182650427502e-03 1.424805943684289040e-02
4.689930975724906285e-04 1.992689117775565261e-02
4.390415057932991680e-03 1.664027776932574393e-02
4.187232312688093233e-03 1.111765728809138709e-02
5.076980499975214042e-03 1.973465523764175028e-02
6.478021792810035977e-03 1.791228434590089874e-02
7.827004485931833219e-04 1.599957684666934027e-02
5.164962150680073825e-03 1.869709775162351970e-02
1.677701303465516363e-03 1.419906271895538842e-02
3.507121430102140731e-03 1.814061686697861220e-02
1.184161017159064623e-04 1.839870496936232488e-02
4.868711667054301620e-04 1.983383783001571241e-02
5.966117575478856790e-04 1.880766539697839232e-02
4.604970185759198068e-04 1.372757664240692455e-02
4.887635900633571610e-03 1.594382428344129354e-02
2.564820953021441051e-03 1.857782542992103547e-02
6.027411683747653862e-03 1.153325802815300359e-02
4.195731850559886698e-03 1.848539873446364279e-02
1.870320985264070602e-03 1.931298532225892220e-02
3.178118986566887388e-03 2.065960726123887078e-02
1.602185538207380521e-04 1.965497105640515163e-02
2.983793265771136834e-05 1.335559216823447963e-02
5.328781616655168217e-03 2.246585684720786916e-02
3.452888409455606884e-03 1.900919640528071428e-02
4.048709061944083488e-04 1.976579621728163927e-02
1.127393512049540761e-03 2.027589339631682280e-02
5.049674050051111349e-03 1.584823404219226628e-02
5.278964502413492459e-03 1.902470866965474267e-02
2.614011910710700715e-03 2.077290143859249205e-02
3.898935189487376819e-03 1.197707073362892435e-02
2.951686508166887282e-03 1.805505640545967960e-02
4.961813527802208003e-03 1.605723646908996036e-02
4.735169428015134629e-03 1.923967601934346849e-02
5.501863489255172032e-03 1.581806581587930777e-02
8.020760056404610192e-03 8.020760056404610192e-03
