1.079717835657974589e+01
8.561005494350563794e+00
4.399091856855756433e+00
8.472313148260131044e-01
3.985170019472005776e-01
2.522370529179367438e-01
2.081623810949571607e-01
1.168058667082447211e-01
9.539598752751525523e-02
8.620366204942320199e-02
5.453322096519486878e-02
4.401764713273961099e-02
3.679195146153221158e-02
3.385859231351005111e-02
2.838837805392027333e-02
1.805996129557586177e-02
1.481865796761352300e-02
1.345569780466976048e-02
1.187547789032738707e-02
8.681883457892223752e-03
6.913683517373822064e-03
5.307937385742145242e-03
4.568383104177276693e-03
3.604311341343645857e-03
3.080611603705842722e-03
2.508174701795698545e-03
2.306699207033485570e-03
1.997996047447585070e-03
1.739319586826827387e-03
1.604775567907236120e-03
1.562515125161361308e-03
1.376532008490169694e-03
1.206302385341146604e-03
1.086696291154894741e-03
9.659129160946551898e-04
8.537985536697205446e-04
7.904229199440247549e-04
7.609900142643951293e-04
7.111269835760102107e-04
6.108614028135159191e-04
6.070152164052349062e-04
5.408230554566760984e-04
5.215792853097943327e-04
4.648963808279424391e-04
4.211402094983452359e-04
3.936817859740239837e-04
3.640305021987176658e-04
3.618992197712075790e-04
3.325499767010231360e-04
3.229665560023055001e-04
3.175851674180120193e-04
3.030019922280823117e-04
2.800195907003995678e-04
2.694280009979349122e-04
2.500495453938872425e-04
2.320725512783864081e-04
2.297821870602179725e-04
2.174362547626570660e-04
2.142081152951757703e-04
1.910142460859729537e-04
1.832129849716067523e-04
1.792090030525032352e-04
1.763064287241878400e-04
1.642397836418548005e-04
1.529405274980137847e-04
1.513229264789185799e-04
1.453562444866157623e-04
1.411291052390581467e-04
1.376790283454707266e-04
1.298789525953337966e-04
1.221104168450036183e-04
1.196106024514699518e-04
1.177783203080829912e-04
1.148402591293531662e-04
1.096849451428715889e-04
1.035085617002526613e-04
1.033794607861671441e-04
1.002335179215235674e-04
9.662807394420152120e-05
9.308224657003527787e-05
8.840761124619655727e-05
8.194162078493048005e-05
8.094965132611602065e-05
7.913267945322569822e-05
7.587057758762942095e-05
7.101698022108598031e-05
6.776482910774381545e-05
6.670664468183678543e-05
6.485835711652452478e-05
6.352865144948289177e-05
6.225234189909695129e-05
6.109582455930936463e-05
5.996357702886947143e-05
5.939828549678485316e-05
5.566440177813781955e-05
5.538450993279725172e-05
5.316107184915549219e-05
5.194042334743533516e-05
5.076445579765626796e-05
4.932308952196959187e-05
4.756762396342185191e-05
4.618545894650781758e-05
4.573084306572124260e-05
4.420129143311208485e-05
4.249600202813980316e-05
4.188018220300752253e-05
4.130238207255332902e-05
4.099764126109532502e-05
4.072313313196837699e-05
3.964220234238287745e-05
3.792135023233115843e-05
3.727526059602705524e-05
3.659769768150389379e-05
3.569216170831071268e-05
3.469667574965480835e-05
3.390265572676379624e-05
3.314222561483352620e-05
3.171445740372473402e-05
3.142059924915245709e-05
3.087203205002523671e-05
3.035358204139456550e-05
2.978417969813283345e-05
2.928914457370717625e-05
2.846986342783441930e-05
2.806990792347875785e-05
2.765299036772304392e-05
2.660804492670598476e-05
2.636199528052679775e-05
2.628053566215638110e-05
2.526456997830731673e-05
2.458155485870886894e-05
2.403190342347390272e-05
2.318364061822175408e-05
2.298346486221495839e-05
2.254679216539053567e-05
2.227806359059111851e-05
2.191404929485127239e-05
2.124730842956325640e-05
2.082523365862111911e-05
2.017112912501380957e-05
1.994606883387502679e-05
1.953390325150400187e-05
1.877371625764432222e-05
1.847641718475079254e-05
1.836423709229129437e-05
1.782751435223313519e-05
1.745119947133878541e-05
1.730461689987070062e-05
1.687584233388545648e-05
1.663595799393352605e-05
1.624182019593166569e-05
1.569313136775957309e-05
1.536007230841915895e-05
1.504446520168805925e-05
1.459700006248175907e-05
1.445910803565680778e-05
1.403666307845027330e-05
1.378839017822222136e-05
1.329395558496872949e-05
1.313341234472312071e-05
1.305012487553743004e-05
1.299578126263943126e-05
1.235269976334010025e-05
1.209786235830858836e-05
1.189048877981908846e-05
1.173700594254833121e-05
1.151372807047385051e-05
1.124648080262261691e-05
1.102075688019163175e-05
1.094149541118933702e-05
1.067131369014434385e-05
1.046416152871105610e-05
1.022607263585293101e-05
1.011249785875722354e-05
1.000719164631481934e-05
9.932837824041654531e-06
9.569322102550207969e-06
9.215336572092982820e-06
9.160533904781402253e-06
8.869752825211070924e-06
8.701316805919812449e-06
8.523489250220802404e-06
8.395491702572016693e-06
8.255922300233515144e-06
8.029349737854154630e-06
7.900859989745612235e-06
7.667371443745305475e-06
7.574267072398060209e-06
7.357160326723625245e-06
7.180514712112652960e-06
7.060466052920100217e-06
6.905315567544432137e-06
6.822693136209855381e-06
6.462599078376962706e-06
6.416868640854429328e-06
6.326267791073356914e-06
6.148611300442328019e-06
5.982292461049835987e-06
5.802501607178324507e-06
5.731866396710297891e-06
5.525237468604180153e-06
5.320205186224414047e-06
5.244879569022919299e-06
5.126800655883916285e-06
5.037626994742804842e-06
4.969949448704381866e-06
4.869918117222992567e-06
4.693013270770152707e-06
4.559829388541167059e-06
4.510517209636443946e-06
4.357790458434393992e-06
4.242370310983453013e-06
4.082127005894409062e-06
3.954108488631630195e-06
3.921478541804923169e-06
3.754905881712874666e-06
3.731730173322253966e-06
3.652776141420891677e-06
3.591280975876326256e-06
3.456963361130468984e-06
3.426557177526631647e-06
3.306495194274067415e-06
3.162509996329746590e-06
3.110185835605918519e-06
3.034907899586141623e-06
2.910831909885733210e-06
2.819653703926810069e-06
2.775303555997942251e-06
2.717994923544515096e-06
2.681349975490559317e-06
2.518722600224938863e-06
2.501819283581217582e-06
2.366953984400271668e-06
2.308718327246099609e-06
2.289043398871460642e-06
2.254861740728950541e-06
2.154396304729094417e-06
2.136905935454587190e-06
2.059804221087610438e-06
1.966559900357234620e-06
1.904188531329130876e-06
1.839490825730280458e-06
1.732076293913780608e-06
1.693138978124265111e-06
1.674042099556145863e-06
1.639509815516037524e-06
1.571922897018880030e-06
1.469203410259046322e-06
1.454176434978363550e-06
1.401865959401753601e-06
1.314801497638787275e-06
1.284358357403871837e-06
1.235880637118484723e-06
1.194086958076887136e-06
1.162651568301494570e-06
1.121620973854197089e-06
1.081653388689516645e-06
1.036876608241005472e-06
1.010772553902700152e-06
9.838073295299129359e-07
9.772264391900799334e-07
9.215048842431682514e-07
8.661790865280486088e-07
8.133428947288207829e-07
7.845528219478223871e-07
7.645767603605510429e-07
7.414519766655051905e-07
7.203762042778335732e-07
6.698051533738524774e-07
6.410243180396418818e-07
6.072185524863461438e-07
5.667028937735851567e-07
5.516304988891461848e-07
5.206490979443153696e-07
4.707415524403836098e-07
4.660730783691499672e-07
4.507456690614497476e-07
4.426106630486635123e-07
3.851498931062727374e-07
3.790859652900163149e-07
3.768763542025410688e-07
3.333592367925785721e-07
3.208725339121935151e-07
2.950745173613572603e-07
2.805939236619980074e-07
2.641262496958602992e-07
2.031503013937253944e-07
1.742543856077814637e-07
1.623951669819667112e-07
1.551014628931230427e-07
1.119165529411899486e-07
9.422284183597386175e-08
8.394063531062064991e-08
6.107300010883407921e-08
4.136412991657238397e-08
1.936419850072930460e-08
1.074486491360660943e-08
