4.318248748779296875e+01
3.495795440673828125e+01
1.849884796142578125e+01
3.615862131118774414e+00
2.770517587661743164e+00
1.285480976104736328e+00
1.104140877723693848e+00
4.892901480197906494e-01
3.229341208934783936e-01
2.612374424934387207e-01
2.123344838619232178e-01
1.673391014337539673e-01
8.585809171199798584e-02
6.850612908601760864e-02
5.769461765885353088e-02
4.881490767002105713e-02
4.494185000658035278e-02
2.380214631557464600e-02
1.793364994227886200e-02
1.398013066500425339e-02
1.039534248411655426e-02
6.178539246320724487e-03
3.345548175275325775e-03
2.609968651086091995e-03
2.139351563528180122e-03
1.872277469374239445e-03
1.655992818996310234e-03
1.581479911692440510e-03
1.298928400501608849e-03
1.252883928827941418e-03
1.135718193836510181e-03
1.037955633364617825e-03
8.107671746984124184e-04
7.605552673339843750e-04
7.404366624541580677e-04
7.137866923585534096e-04
6.239596405066549778e-04
6.023522000759840012e-04
5.714987637475132942e-04
5.303602665662765503e-04
5.147671326994895935e-04
4.736541886813938618e-04
4.599019302986562252e-04
4.232960927765816450e-04
3.884473117068409920e-04
3.552743000909686089e-04
3.453925892245024443e-04
3.400905989110469818e-04
3.180725616402924061e-04
2.877096703741699457e-04
2.801662194542586803e-04
2.681676414795219898e-04
2.424242120468989015e-04
2.389468863839283586e-04
2.288797113578766584e-04
2.146022452507168055e-04
2.113320515491068363e-04
1.992091856664046645e-04
1.897198671940714121e-04
1.835411676438525319e-04
1.761037419782951474e-04
1.598053931957110763e-04
1.543045946164056659e-04
1.447208778699859977e-04
1.405783405061811209e-04
1.359812449663877487e-04
1.334713015239685774e-04
1.248190965270623565e-04
1.176533478428609669e-04
1.100167501135729253e-04
1.085204057744704187e-04
1.041468713083304465e-04
1.006412567221559584e-04
9.419381240149959922e-05
8.904603600967675447e-05
8.740667544770985842e-05
8.591482037445530295e-05
8.205232006730511785e-05
7.621624536113813519e-05
7.327223283937200904e-05
7.277185068232938647e-05
6.783234130125492811e-05
6.543883500853553414e-05
6.203367956914007664e-05
6.029244468663819134e-05
5.942971256445161998e-05
5.663526462740264833e-05
5.318292460287921131e-05
5.125943425809964538e-05
4.918012928101234138e-05
4.816395812667906284e-05
4.590229582390747964e-05
4.504404205363243818e-05
4.318433639127761126e-05
4.206109952065162361e-05
4.073712625540792942e-05
3.905439734808169305e-05
3.820556230493821204e-05
3.784257569350302219e-05
3.434313839534297585e-05
3.355673834448680282e-05
3.233918323530815542e-05
3.181159991072490811e-05
3.131919220322743058e-05
2.990675238834228367e-05
2.898247475968673825e-05
2.816506457747891545e-05
2.782521914923563600e-05
2.647774272190872580e-05
2.540073546697385609e-05
2.482202216924633831e-05
2.404171391390264034e-05
2.323954868188593537e-05
2.276635677844751626e-05
2.185895209549926221e-05
2.158122151740826666e-05
2.146489714505150914e-05
1.994799458771012723e-05
1.944617724802810699e-05
1.915205939440056682e-05
1.866295497165992856e-05
1.831467307056300342e-05
1.794921263353899121e-05
1.732922464725561440e-05
1.697503466857597232e-05
1.649498153710737824e-05
1.582634104124736041e-05
1.540309858683031052e-05
1.482901279814541340e-05
1.445510133635252714e-05
1.423942376277409494e-05
1.404714566888287663e-05
1.371722919429885224e-05
1.357239943899912760e-05
1.330109080299735069e-05
1.274826536246109754e-05
1.256352607015287504e-05
1.191261344501981512e-05
1.180575236503500491e-05
1.159466137323761359e-05
1.117952251661336049e-05
1.100982717616716400e-05
1.094068829843308777e-05
1.055081702361349016e-05
1.045103181240847334e-05
9.870097528619226068e-06
9.751798643264919519e-06
9.368338396598119289e-06
9.175069862976670265e-06
9.002209480968303978e-06
8.765089660300873220e-06
8.679057827976066619e-06
8.372797310585156083e-06
8.302442438434809446e-06
8.080387488007545471e-06
8.008136319404002279e-06
7.900523996795527637e-06
7.478107363567687571e-06
7.398597517749294639e-06
7.270232345035765320e-06
7.011100478848675266e-06
6.876437964820070192e-06
6.713835773553000763e-06
6.483347078756196424e-06
6.376791134243831038e-06
6.172033408802235499e-06
6.111815309850499034e-06
6.072069481888320297e-06
5.842434802616480738e-06
5.623526249110000208e-06
5.448430783872026950e-06
5.361509920476237312e-06
5.196837264520581812e-06
5.173530098545597866e-06
5.126697942614555359e-06
4.963410447089700028e-06
4.844556769967311993e-06
4.735442416858859360e-06
4.653111773222917691e-06
4.539909696177346632e-06
4.439856638782657683e-06
4.294372047297656536e-06
4.229593741911230609e-06
4.131098648940678686e-06
4.039983650727663189e-06
3.878942607116186991e-06
3.848534106509760022e-06
3.752077645913232118e-06
3.631559138739248738e-06
3.516504875733517110e-06
3.464154815446818247e-06
3.410495537536917254e-06
3.326575324535951950e-06
3.199579396095941775e-06
3.110482793999835849e-06
3.090192194576957263e-06
3.017629296664381400e-06
2.941251977972569875e-06
2.893083774324622937e-06
2.809858642649487592e-06
2.689789653231855482e-06
2.673399194463854656e-06
2.593313865872914903e-06
2.526704065530793741e-06
2.463747250658343546e-06
2.396950094407657161e-06
2.318026190550881438e-06
2.275162387377349660e-06
2.209891590609913692e-06
2.174880819438840263e-06
2.147694658560794778e-06
2.078551233353209682e-06
2.020666215685196221e-06
1.996436139961588196e-06
1.960497002073680051e-06
1.847940325205854606e-06
1.759311771820648573e-06
1.731805696181254461e-06
1.707446813270507846e-06
1.648449824642739259e-06
1.620695798010274302e-06
1.553978449919668492e-06
1.540915377518103924e-06
1.485187794969533570e-06
1.442159600628656335e-06
1.391369778502848931e-06
1.350717298009840306e-06
1.335370370725286193e-06
1.287191480514593422e-06
1.271633664146065712e-06
1.217815224663354456e-06
1.167344521491031628e-06
1.117986585086327977e-06
1.097401423066912685e-06
1.052648030963609926e-06
1.039431481331121176e-06
9.956490885087987408e-07
9.680009043222526088e-07
9.419966318091610447e-07
9.157469094134285115e-07
8.944944056565873325e-07
8.638573945063399151e-07
8.477841788590012584e-07
8.200444199246703647e-07
7.953095177981595043e-07
7.541804052380030043e-07
7.386718721136276145e-07
7.083591526679811068e-07
6.804711460972612258e-07
6.448018439186853357e-07
6.072068572393618524e-07
5.826871642966580112e-07
5.711380026696133427e-07
5.523291406461794395e-07
5.178790729587490205e-07
5.034971195527759846e-07
4.804236368727288209e-07
4.747179787045752164e-07
4.637385870864818571e-07
-4.379896552109130425e-07
4.289647108635108452e-07
3.933604091344022891e-07
3.813261457707994850e-07
3.668337456019798992e-07
3.607087535328901140e-07
-3.571568925053725252e-07
3.379692259386501973e-07
-3.163386850246752147e-07
-2.961911604870692827e-07
-2.847406790351669770e-07
2.829843879226245917e-07
2.745339315879391506e-07
2.667181888682534918e-07
2.484439960426243488e-07
2.381245991500691161e-07
2.265662857325878576e-07
-2.140499475444812560e-07
2.119475226436406956e-07
1.769149804431435768e-07
1.751930938098666957e-07
-1.690164026513230056e-07
-1.520430288337593083e-07
1.438331054259833763e-07
1.419823973947131890e-07
-1.317046667281829286e-07
-1.155728952539902821e-07
-9.507929377150503569e-08
8.699750253526872257e-08
-8.426626862956254627e-08
7.867384255177967134e-08
4.743302284282435721e-08
-4.710768664040188014e-08
3.640715462438492978e-08
-3.046383767468796577e-08
1.997276299903205654e-08
-9.130838307669364440e-09
-4.910771345123521314e-09
