3.836231260986470125e-03 1.724674516147027201e-02
5.982917908094854444e-03 1.183637319000481816e-02
6.664756449346524378e-03 1.482843174000144683e-02
3.943460870259710843e-03 2.023237903126944015e-02
4.708192621774260483e-03 1.659222233026818455e-02
4.483642647482188881e-03 1.956721881595525209e-02
7.892297355189096392e-03 1.688408130531535503e-02
6.327436825235659840e-03 1.627873069915878462e-02
6.696498602802864429e-03 1.981710739657518289e-02
3.247510821860480606e-03 1.810782099928235148e-02
5.234293603912239766e-03 1.841051527881951838e-02
2.465559122125496761e-03 1.947598815974319053e-02
4.812138760427671011e-03 1.638443108204496595e-02
2.377996378563606303e-04 1.850949174150981480e-02
5.055689649257216062e-03 2.092887307080791223e-02
5.576895845408891012e-04 1.999828957274309496e-02
3.260544362487322479e-03 1.321183823641044683e-02
4.132517110057031678e-03 1.130150644649626293e-02
4.173366707048617105e-03 2.048791654112893518e-02
5.959241844075388247e-03 1.662004269748162261e-02
4.426523848398372304e-03 2.336632994431930843e-02
5.697274374373217758e-03 5.697274374373217758e-03
1.681497364919378899e-04 1.552624481225911394e-02
3.095964984637658828e-03 2.056687346884536471e-02
2.146792123801516579e-03 2.064010513955759005e-02
3.145793518145755495e-03 1.871331147892196442e-02
3.490879245014758599e-03 1.815304308739713532e-02
4.237239905323471854e-03 1.093931995581476704e-02
2.360094018215101383e-03 1.632156579442995553e-02
4.887925135530451007e-03 1.667486868221242785e-02
4.213820318676333651e-03 1.778834631011227962e-02
8.573987875778758469e-04 1.816611894804590413e-02
2.354096310887130242e-03 2.077383196704479101e-02
9.659466952767986701e-04 2.214499315533894133e-02
4.853093871332253041e-03 1.273023461984330862e-02
5.602188019815297106e-03 1.474374933404138874e-02
1.386598248952072452e-03 2.051846871387231694e-02
5.810297294930433232e-03 1.479045643870921870e-02
2.192404333144866088e-03 2.064613522398784512e-02
5.274651129713813467e-03 1.492755119844222864e-02
4.080880132603687850e-03 1.146520227334858061e-02
7.300487611670253979e-03 1.415665859733983289e-02
5.841842260447121203e-03 2.283998496274016604e-02
4.400899761342114136e-03 1.712541458783552184e-02
5.174533233688407424e-03 1.521985717015602972e-02
4.391252179929336190e-03 2.166372367200209217e-02
5.508026893154810595e-03 1.972161146339228982e-02
2.471286328732176085e-03 1.947557330836389988e-02
4.115376774428141857e-03 1.135685520750735408e-02
3.771205370011158128e-03 1.228562632974603691e-02
7.251914300451511690e-03 7.251914300451511690e-03
4.879240630354630438e-03 6.172052629539013721e-03
3.063834011320832381e-03 1.346675405926760910e-02
6.935030060050651965e-03 1.693867197467113436e-02
3.878394722741346223e-03 2.162809613140782503e-02
6.566457124699735283e-03 1.762170065527458515e-02
1.224148559514869972e-03 1.920190687541282679e-02
4.273782831166209051e-03 2.347106159104100920e-02
3.208092506951780963e-03 2.106341290574597486e-02
1.706533442355507354e-03 2.308195912896222543e-02
4.959704676450814309e-03 1.652296672566548608e-02
6.477585312548594758e-03 1.568745314062743035e-02
1.494547549160729410e-03 1.932059211190161746e-02
4.675046533567788452e-03 1.781951823058470705e-02
3.362994729838757798e-04 1.981447624619261591e-02
4.025070597463174804e-03 1.481250029558840199e-02
1.446478726871156537e-03 2.054556104350515125e-02
5.179994484003860693e-03 1.488685193261352763e-02
4.203743412298446488e-03 1.105991439796802020e-02
5.253165699759788053e-03 1.944468518362161419e-02
6.512411291024409500e-03 1.780140675006223680e-02
1.755534788368372755e-03 1.940490457904906971e-02
4.546266387704007983e-03 1.688737416190923962e-02
5.044492094758135613e-04 1.641050320551655853e-02
4.007470729169586646e-03 1.742720801158619687e-02
2.377996378563606303e-04 1.850949174150981480e-02
1.446478726871156537e-03 2.043585834218438618e-02
1.008898418951627123e-03 1.908516573699775912e-02
1.152776514537177076e-03 1.410511404866489002e-02
5.105774754088561115e-03 1.540779115586297758e-02
2.425089987509761093e-03 1.859816293019117550e-02
5.875624364295103930e-03 1.248352530591545148e-02
4.853093871332253041e-03 1.906667844156973921e-02
2.059405273943480143e-03 1.934396810210823117e-02
3.012650191479407814e-03 2.070930571938714437e-02
4.118810547886961044e-04 1.987932900494538205e-02
4.118810547886961044e-04 1.369076588305282761e-02
5.322676258243850059e-03 2.247376556129915270e-02
3.260544362487322479e-03 1.912056047905804496e-02
3.759942411946500733e-04 1.863052713733441210e-02
1.550263971069505481e-03 2.047903609804000574e-02
5.133388664255920247e-03 1.563624299560398279e-02
5.199063684115302029e-03 1.916801548860651294e-02
3.136792659874610475e-03 2.055380618229489878e-02
3.763700476264865685e-03 1.230262341747246323e-02
3.212496204984913173e-03 1.791734474857051285e-02
5.177264578947854932e-03 1.551976057242286655e-02
4.142767271590457913e-03 1.993016690795187951e-02
5.388667822118046145e-03 1.613729369054311621e-02
7.698246801533311680e-03 1.188743647078540147e-02
