9.430482376598726679e-01
5.147095736141475975e-01
1.925996010619830667e-01
7.289356276935013423e-02
6.776221904581140876e-02
5.543890006095073680e-02
4.332205472626952242e-02
3.242601858992501945e-02
2.502133112017852073e-02
2.139537021116684826e-02
2.065848747146923833e-02
1.688451545055305938e-02
1.209180583147193531e-02
1.040363640715083124e-02
8.363763115009179017e-03
7.996026279994326164e-03
7.109315246399410156e-03
6.707983713341854164e-03
5.566494852607931261e-03
5.150105021647147056e-03
4.611043260932779289e-03
4.355397649750058879e-03
3.924881452589440607e-03
3.656445824422305084e-03
3.210299687364867940e-03
3.051836492768549101e-03
2.910865011437831478e-03
2.505859942561113399e-03
2.233025099775991316e-03
2.071921500672026847e-03
1.854534809837791575e-03
1.798257379832673064e-03
1.681432753453225874e-03
1.508665566948349558e-03
1.408734037087573708e-03
1.284628423298170719e-03
1.223187348570981903e-03
1.060440114389570899e-03
1.006367035687935878e-03
9.636893931502877111e-04
9.201443115681968250e-04
8.483580318881239887e-04
8.027741166375113036e-04
7.915367261802818332e-04
7.275149151256540348e-04
6.794122904017308806e-04
6.470425354390027224e-04
5.897480032326133607e-04
5.566271322090872876e-04
5.249109689994091010e-04
5.055598793098245404e-04
4.716858104179141539e-04
4.383733440502211864e-04
4.041801326069906783e-04
3.872139301447088890e-04
3.714361702975052092e-04
3.424377793103590439e-04
3.299809131676901272e-04
3.263957474504678878e-04
2.891366954622144061e-04
2.724758620608943986e-04
2.614776037406149329e-04
2.459519052563191284e-04
2.330122847684666990e-04
2.234421906248037224e-04
1.991068573725528375e-04
1.965113874827576748e-04
1.830284064344398247e-04
1.810921657734081234e-04
1.747633580557838684e-04
1.717002296738695489e-04
1.607243212263507776e-04
1.554096267974963003e-04
1.494588413863134229e-04
1.437615518020952899e-04
1.358405682359967767e-04
1.330307848258432491e-04
1.321778371068791811e-04
1.260601107089117333e-04
1.198458250786828136e-04
1.143568751919023626e-04
1.104817568060773215e-04
1.050731863016222430e-04
1.036636638050447993e-04
9.770586345861133348e-05
9.474195182464436335e-05
9.011695606644542936e-05
8.846673715576412679e-05
8.452350702503980899e-05
8.369793822658864633e-05
8.033371838799242229e-05
7.480684338413905816e-05
7.355608251447154518e-05
6.941005322481560156e-05
6.855453201812254421e-05
6.533328149210551009e-05
6.380641967676792530e-05
6.176965647925467592e-05
5.829257394267556850e-05
5.627158481983699748e-05
5.522403317300082342e-05
5.317927648721789330e-05
5.096627382402063388e-05
4.846313971923160675e-05
4.756906875290934928e-05
4.663866453270194048e-05
4.473249379873166584e-05
4.411864845843015462e-05
4.178105189913101458e-05
4.102139852417293036e-05
3.965392530211438377e-05
3.884707057754084385e-05
3.774617937876738804e-05
3.706252001378717664e-05
3.632617252572464068e-05
3.407255324567611378e-05
3.302728704506942286e-05
3.236618381792243950e-05
3.168250138533963792e-05
3.127613908159579880e-05
3.017511185581110060e-05
2.818090588059836269e-05
2.811145179935719239e-05
2.761621961172196690e-05
2.675634022996370505e-05
2.553135309401275498e-05
2.493923593924783088e-05
2.401907168708224989e-05
2.381163742591299958e-05
2.333618828633789451e-05
2.253270718007192798e-05
2.230098188061335851e-05
2.128640167257835256e-05
2.077474769651360491e-05
2.012318829573488016e-05
1.970645114011745162e-05
1.887818774093945773e-05
1.853877693517870292e-05
1.807834989305024835e-05
1.765706511597632541e-05
1.707800512154315146e-05
1.676558998516469923e-05
1.626278283126323036e-05
1.564148869050607966e-05
1.517202058262234568e-05
1.471454006763988434e-05
1.438083699007576302e-05
1.384490859348650135e-05
1.359490319021026999e-05
1.334737428738057688e-05
1.287700763314918767e-05
1.231397842393068544e-05
1.223992940548164512e-05
1.202333052978056949e-05
1.191116237681415143e-05
1.147468119860579563e-05
1.112298768576726549e-05
1.087898998103706311e-05
1.056264984127049929e-05
1.040521376987152427e-05
1.015741870529674860e-05
9.699864192988232278e-06
9.418004618285561803e-06
9.281345153563248294e-06
9.086841560821389832e-06
8.712812259737130779e-06
8.603636188674315804e-06
8.468272258576842822e-06
8.330717049328779263e-06
7.978878843392295237e-06
7.722416250040844176e-06
7.503366974697268069e-06
7.439263264112834754e-06
7.263293067716662645e-06
6.945634928296205417e-06
6.666944556308710387e-06
6.635515872714148106e-06
6.487234232486046982e-06
6.047931320637360367e-06
5.875696332499072826e-06
5.832261907758563781e-06
5.690074033690315006e-06
5.607392347128606035e-06
5.472939442793699807e-06
5.390545377122325174e-06
5.213716646949081126e-06
5.041132118297915613e-06
4.893792136354345972e-06
4.749377142238460200e-06
4.711018270915670435e-06
4.618086905053550401e-06
4.437052350484357571e-06
4.381521640072800829e-06
4.226091416090908090e-06
4.176157577527098108e-06
4.007696679541739506e-06
3.899960558591972906e-06
3.849051163816470413e-06
3.782042925948356431e-06
3.554832699089329331e-06
3.508535046546013768e-06
3.430300744574570986e-06
3.355485675420621441e-06
3.301392275625795450e-06
3.239927626893935854e-06
3.059573365997844779e-06
2.990437511745933219e-06
2.987321069658545940e-06
2.826572158774496623e-06
2.755794114902492830e-06
2.700532588203321650e-06
2.644237577900083327e-06
2.500466355801074696e-06
2.445776577814566596e-06
2.338690655890587626e-06
2.280770028460698206e-06
2.266120732374100175e-06
2.185064211832909025e-06
2.116995518858321208e-06
2.052195743406957333e-06
1.942769143145606062e-06
1.825941793575654440e-06
1.805060004689354223e-06
1.748123351516640274e-06
1.677260538670634754e-06
1.631099016638091695e-06
1.597705447595142427e-06
1.585572345265276173e-06
1.555462462853749883e-06
1.532158938274413306e-06
1.420785064030906162e-06
1.377116822781140506e-06
1.310696835056005035e-06
1.257455981699406875e-06
1.226498949935697739e-06
1.193808179414981379e-06
1.157580571179262109e-06
1.127628768766907625e-06
1.059161233006123243e-06
1.038595098027044599e-06
1.013671148383429666e-06
9.681570102563361134e-07
9.239053790795106506e-07
8.579352746102880066e-07
8.521320467101143643e-07
8.410176501923306311e-07
7.781788124078194998e-07
7.601258192024507130e-07
7.046675813747000948e-07
6.529385069975586983e-07
6.430684958377983762e-07
6.068956593922614782e-07
5.791201509848046843e-07
5.603437932753524067e-07
5.516899516341861868e-07
5.330546159241428405e-07
4.996587173987754024e-07
4.737364842675340427e-07
4.557573351462470877e-07
4.525945667573513731e-07
4.044394063654546975e-07
3.968989651283808842e-07
3.787684568577577149e-07
3.650970352312774210e-07
3.463000027804458655e-07
3.378470333404383257e-07
3.102124738888891273e-07
2.981888113258361843e-07
2.636651543742404659e-07
2.466148225867438299e-07
2.378309934519650629e-07
2.297630907650144555e-07
2.126800247025562881e-07
2.077445479072942158e-07
1.820792337893815260e-07
1.748507640873944236e-07
1.511182897722359210e-07
1.384605698949632692e-07
1.223231361267197750e-07
1.179815696855018738e-07
1.072834000079256777e-07
9.171348594061597408e-08
8.437906668502980155e-08
7.562159121805121427e-08
7.210478838549851951e-08
6.075992440419583578e-08
5.202016825010421828e-08
4.002725276891420140e-08
2.957139541087489806e-08
2.632312818092210292e-08
1.322669454896970121e-08
1.696733442735156254e-09
1.215411316192314068e-09
7.805274441253652605e-10
4.496731312899217263e-10
3.083228740894409906e-10
1.206616257113093521e-12
