1.538423895835876465e+00
7.056286334991455078e-01
2.965769767761230469e-01
1.174055412411689758e-01
1.007131636142730713e-01
7.813114672899246216e-02
5.104839429259300232e-02
4.207480326294898987e-02
3.515712916851043701e-02
2.894362621009349823e-02
2.513648755848407745e-02
1.841466687619686127e-02
1.452917698770761490e-02
1.267405878752470016e-02
9.328769519925117493e-03
8.806925266981124878e-03
8.015082217752933502e-03
7.312153000384569168e-03
6.684648338705301285e-03
5.451826844364404678e-03
4.838950000703334808e-03
3.868303960189223289e-03
3.468811046332120895e-03
2.953150309622287750e-03
2.805772237479686737e-03
2.656199736520648003e-03
2.264024224132299423e-03
2.184643875807523727e-03
2.037442522123456001e-03
1.738125458359718323e-03
1.645494950935244560e-03
1.442175009287893772e-03
1.367771183140575886e-03
1.281475997529923916e-03
1.192060648463666439e-03
9.695921908132731915e-04
9.180813794955611229e-04
9.044030448421835899e-04
8.421947713941335678e-04
7.841754122637212276e-04
7.534369360655546188e-04
6.699856021441519260e-04
6.050330121070146561e-04
5.851985770277678967e-04
5.542838480323553085e-04
5.373717867769300938e-04
5.149264470674097538e-04
4.820172325707972050e-04
4.114686744287610054e-04
3.875805705320090055e-04
3.814314550254493952e-04
3.706578572746366262e-04
3.550341061782091856e-04
3.259499790146946907e-04
3.001399745699018240e-04
2.807520504575222731e-04
2.672521513886749744e-04
2.616266428958624601e-04
2.401413221377879381e-04
2.200525777880102396e-04
2.138506824849173427e-04
2.035616780631244183e-04
1.922403462231159210e-04
1.848518732003867626e-04
1.777775614755228162e-04
1.705050672171637416e-04
1.596852525835856795e-04
1.536118943477049470e-04
1.480329228797927499e-04
1.342111645499244332e-04
1.325036137131974101e-04
1.209261172334663570e-04
1.149065647041425109e-04
1.115805207518860698e-04
1.075245236279442906e-04
1.010944251902401447e-04
9.865093306871131063e-05
9.637392940931022167e-05
9.294100891565904021e-05
8.873215847415849566e-05
8.272100967587903142e-05
7.664065196877345443e-05
7.463493966497480869e-05
7.371939864242449403e-05
6.961845792829990387e-05
6.772896449547261000e-05
6.207499245647341013e-05
6.151964771561324596e-05
5.909606261411681771e-05
5.562215665122494102e-05
5.498711834661662579e-05
5.181020969757810235e-05
4.859775799559429288e-05
4.604642890626564622e-05
4.546997297438792884e-05
4.370697206468321383e-05
4.208707832731306553e-05
4.020242704427801073e-05
3.818170443992130458e-05
3.756641672225669026e-05
3.654038664535619318e-05
3.411525176488794386e-05
3.349709731992334127e-05
3.245094558224081993e-05
3.219472637283615768e-05
3.059912341996096075e-05
2.889069764933083206e-05
2.840888191713020205e-05
2.748597216850612313e-05
2.718946416280232370e-05
2.674251845746766776e-05
2.532847793190740049e-05
2.492886414984241128e-05
2.437032708257902414e-05
2.302571192558389157e-05
2.184185905207414180e-05
2.118796328431926668e-05
2.093078001053072512e-05
2.016496182477567345e-05
1.934297324623912573e-05
1.888531551230698824e-05
1.785141103027854115e-05
1.750847877701744437e-05
1.638634785194881260e-05
1.609513492439873517e-05
1.528095344838220626e-05
1.500833241152577102e-05
1.468164100515423343e-05
1.412884921592194587e-05
1.379936747980536893e-05
1.308358150708954781e-05
1.292446904699318111e-05
1.228734618052840233e-05
1.221851471200352535e-05
1.159476050816010684e-05
1.144477209891192615e-05
1.125505696109030396e-05
1.099190740205813199e-05
1.051098570314934477e-05
1.009927655104547739e-05
9.819720617088023573e-06
9.420616152056027204e-06
9.300375495513435453e-06
9.110140126722399145e-06
8.854593943397048861e-06
8.512983185937628150e-06
8.250381142715923488e-06
8.139925739669706672e-06
7.912978617241606116e-06
7.561740403616568074e-06
7.306704901566263288e-06
6.949561338842613623e-06
6.803713858971605077e-06
6.665874934697058052e-06
6.395613581844372675e-06
6.130357633082894608e-06
6.080620551074389368e-06
5.760301974078174680e-06
5.647500074701383710e-06
5.458379746414721012e-06
5.239999609329970554e-06
5.155907729204045609e-06
4.944719421473564580e-06
4.860970875597558916e-06
4.763779998029349372e-06
4.578216703521320596e-06
4.467663529794663191e-06
4.376672677608439699e-06
4.264457402314292267e-06
4.131022706133080646e-06
4.041666670673293993e-06
3.953517079935409129e-06
3.810616362898144871e-06
3.740746024050167762e-06
3.626925035860040225e-06
3.534902361934655346e-06
3.369360001670429483e-06
3.340903958815033548e-06
3.286902256149915047e-06
3.176040991093032062e-06
3.075674840147257783e-06
3.024607849511085078e-06
2.953913281089626253e-06
2.872436425604973920e-06
2.842565436367294751e-06
2.610121100588003173e-06
2.568358013377292082e-06
2.432661631246446632e-06
2.409168473604950123e-06
2.328720484001678415e-06
2.288443965881015174e-06
2.241818492620950565e-06
2.184049435527413152e-06
2.157473090846906416e-06
2.076354576274752617e-06
2.016747430388932116e-06
1.979165972443297505e-06
1.938082277774810791e-06
1.863331135609769262e-06
1.796675519472046290e-06
1.765912656992441043e-06
1.707780256765545346e-06
1.675359499131445773e-06
1.604731210136378650e-06
1.582110598974395543e-06
1.531534849164017942e-06
1.462206341784622055e-06
1.453642767046403605e-06
1.414416374245774932e-06
1.347165607512579300e-06
1.327334416600933764e-06
1.284766312892315909e-06
1.241134668816812336e-06
1.153877065007691272e-06
1.111238702833361458e-06
1.089654119823535439e-06
1.044534087668580469e-06
1.033090597957198042e-06
1.017722183860314544e-06
9.819768820307217538e-07
9.448020250601985026e-07
9.374187470712058712e-07
9.200041404255898669e-07
8.587540492044354323e-07
8.162664926203433424e-07
8.034267580114828888e-07
7.909420105534081813e-07
7.676104587517329492e-07
7.463427209586370736e-07
7.191230793068825733e-07
6.961022336327005178e-07
6.924049671397369821e-07
6.569118795596295968e-07
6.302003612290718593e-07
6.036831905475992244e-07
5.867765366929234006e-07
5.848315254297631327e-07
5.602969963547366206e-07
5.501894406734209042e-07
5.150205879544955678e-07
4.811297458218177781e-07
4.768534154209191911e-07
4.489696436849044403e-07
4.245601417096622754e-07
4.200449836844200036e-07
4.105918947061582003e-07
3.834608151009888388e-07
3.697891770571004599e-07
3.640134309534914792e-07
3.366562282280938234e-07
3.117979474609455792e-07
2.999068726694531506e-07
2.954922706521756481e-07
2.736933879532443825e-07
2.693118972274533007e-07
2.629128630360355601e-07
2.516256927265203558e-07
2.394928912963223411e-07
2.331488815343618626e-07
2.223085431296567549e-07
2.039050173152645584e-07
1.914397955715685384e-07
1.883736189256524085e-07
1.756465621838287916e-07
1.697346334594840300e-07
1.526286297348633525e-07
1.399704672166990349e-07
1.346319749018221046e-07
1.337458144234915380e-07
1.169095042996559641e-07
1.125240487453993410e-07
1.107133016375883017e-07
1.073503526072272507e-07
9.996819017032976262e-08
9.699832759224591427e-08
8.361875103446436697e-08
7.551187053422836470e-08
7.152929271114771836e-08
6.206942515518676373e-08
5.880930231683123566e-08
5.525142654505543760e-08
4.765121275340788998e-08
4.434507161477085901e-08
3.962232852927627391e-08
3.702275819250644417e-08
3.276482374303668621e-08
2.899913020826261345e-08
2.064482984565074730e-08
1.897659807070795068e-08
1.458496967643441167e-08
1.161173290853412254e-08
8.931853479055007483e-09
8.760191683165885479e-09
4.824532773284317955e-09
3.989170327400870519e-09
2.296272283430766947e-09
4.196914517307082093e-12
