8.306584488143994860e-02
3.515984687877872494e-02
1.488679960958081035e-02
6.561652276362827003e-03
5.806986596790957890e-03
2.775691163472241221e-03
2.404908631656712051e-03
2.215199466864200238e-03
1.408105254329985014e-03
1.242813833197047762e-03
1.156053128663511904e-03
6.734683506171607222e-04
6.002390516459551149e-04
5.412686448446127341e-04
4.702244535897410062e-04
4.097373779202089861e-04
3.626392652328350391e-04
3.069087536651962742e-04
2.772076767889870125e-04
2.533171932956727900e-04
2.408979731711780904e-04
2.222864516687445935e-04
2.078812593202978849e-04
1.956460861611545221e-04
1.882782149258374377e-04
1.705612804949523879e-04
1.675606087272631778e-04
1.485737223152749638e-04
1.433670326805474074e-04
1.373092630001317735e-04
1.268509435766233232e-04
1.220727885914199811e-04
1.165181892034379763e-04
1.097711080394064582e-04
1.079472864061617145e-04
1.073476346064854852e-04
9.720548473190489909e-05
9.237592015683239791e-05
8.413323021836726712e-05
8.194439883107970733e-05
7.856730123862587642e-05
7.604541557339903810e-05
7.299332262603271170e-05
7.109602031848708480e-05
6.938142326178252113e-05
6.638214241454462356e-05
6.366497121417621279e-05
6.300649444123690858e-05
6.087590335065873060e-05
5.707908178115704865e-05
5.634946754576994121e-05
5.553336312607467905e-05
5.326641164546929970e-05
4.988436647458783049e-05
4.984147770875956625e-05
4.782293420552620765e-05
4.577426210500817460e-05
4.389604383526883070e-05
4.337462773982722982e-05
4.115786105002222975e-05
3.929694628385658247e-05
3.812920184077027381e-05
3.770092513343285476e-05
3.612694426782569389e-05
3.461431461031679984e-05
3.348448755021305178e-05
3.222388827051114111e-05
3.132864628360270678e-05
3.084046223807218265e-05
2.969331464683154742e-05
2.853328385746285039e-05
2.778922687914884109e-05
2.712838490240290714e-05
2.637094891115552317e-05
2.516168097973209877e-05
2.388882684818905084e-05
2.364137309800946725e-05
2.326396376298352298e-05
2.282153268999754419e-05
2.193276482154638926e-05
2.074893128924990858e-05
2.019561802335314844e-05
1.954139439551707370e-05
1.888367575508977911e-05
1.878005956058363771e-05
1.813279409585204116e-05
1.773881839077430278e-05
1.665013528081072839e-05
1.618814157665353262e-05
1.606247495700951266e-05
1.519678563766823977e-05
1.455785046382452513e-05
1.420281123892373781e-05
1.369517249153378240e-05
1.335085287150113198e-05
1.323158452126620355e-05
1.284323437275022204e-05
1.220297887258531703e-05
1.216447925869282985e-05
1.186009267960746956e-05
1.146449094144765538e-05
1.101801423401461891e-05
1.095252095089993242e-05
1.063815700834710305e-05
1.052373945140335857e-05
1.034806069611816513e-05
9.883824876443392265e-06
9.588296478245108775e-06
9.198779913123724623e-06
8.904977918436288905e-06
8.694720138933553918e-06
8.563246160827553909e-06
8.189672478453630217e-06
8.111545560889179890e-06
7.736048456370045548e-06
7.606982528104758824e-06
7.370468517620892967e-06
7.173424696246750454e-06
6.915220996358289661e-06
6.842866326891836103e-06
6.654142117987579168e-06
6.617634440469714879e-06
6.538189577852008549e-06
6.375091177010757987e-06
6.143058917725674772e-06
6.123684140647151789e-06
5.867716572847129650e-06
5.797272929526815438e-06
5.661436186507884654e-06
5.395418818226569788e-06
5.257372310395154828e-06
5.155549262007371934e-06
5.078781683436262755e-06
4.994492901330126617e-06
4.924203856891127596e-06
4.783002865413565006e-06
4.638503727376281898e-06
4.580909788992729372e-06
4.290219144973177339e-06
4.257730249101404932e-06
4.160490579357635141e-06
3.998896945125105267e-06
3.872087553038861670e-06
3.785595875906781998e-06
3.747499696598952107e-06
3.654710323167314624e-06
3.543000281120178585e-06
3.453798850899198458e-06
3.428409792268223590e-06
3.328367590143786527e-06
3.187253016065166683e-06
3.157563250979225088e-06
3.089145934169723980e-06
3.010237363226323925e-06
2.846480340865554194e-06
2.837211316331875227e-06
2.832739951304602975e-06
2.666974817399741597e-06
2.624529283294519341e-06
2.561623505105887371e-06
2.557334652835454832e-06
2.481576442941503777e-06
2.431703289096809000e-06
2.337154352666248003e-06
2.301245466447787839e-06
2.253666064002127164e-06
2.190528410529614938e-06
2.107711707726269730e-06
2.071363051453194487e-06
2.002301135230434748e-06
1.974202870362580623e-06
1.943856213733561043e-06
1.877271463019927867e-06
1.803759770543963671e-06
1.745761753567786027e-06
1.720765130685372301e-06
1.636081900441720780e-06
1.624361683832081425e-06
1.536068730573144276e-06
1.504872426432595516e-06
1.480694757265009084e-06
1.454321824384551861e-06
1.359762702407302889e-06
1.348309050316901154e-06
1.326821054942322755e-06
1.235441498886598318e-06
1.227037911621163407e-06
1.197321745702895846e-06
1.135875547225824408e-06
1.117014395208404915e-06
1.104671850170602327e-06
1.087782613185812684e-06
1.031251610179861719e-06
9.931425131608009679e-07
9.762852656549657832e-07
9.414718877888040793e-07
9.167269585830451835e-07
8.856553475572353018e-07
8.601824103535457001e-07
8.357362828503942955e-07
8.225569809816012620e-07
7.966637844418053476e-07
7.737535499334400088e-07
7.338862667518220202e-07
7.157858353355281320e-07
6.917124187954755617e-07
6.638530155054134789e-07
6.570911758031509135e-07
6.107873519534781000e-07
5.887732059256039120e-07
5.815320356406748799e-07
5.639914025659917167e-07
5.522154515668395504e-07
5.315264378540891434e-07
5.234151184668248811e-07
4.769750764100842836e-07
4.645049889188289410e-07
4.381302934362064273e-07
4.275634343397627173e-07
4.152689314140389415e-07
3.859948015772892991e-07
3.814502489991715697e-07
3.714199634947296550e-07
3.527826120592341376e-07
3.380477587564903195e-07
3.317319092827379662e-07
3.198848238549780652e-07
2.875464469505532139e-07
2.798001580898512382e-07
2.448466056683186752e-07
2.393945745583126587e-07
2.305257068475153603e-07
2.183590820013024022e-07
1.974177002278737516e-07
1.863263760136705140e-07
1.796292600358125697e-07
1.625877861171699528e-07
1.537834504438273568e-07
1.496388303549558794e-07
1.367939641091891667e-07
1.233330805027548531e-07
1.163882100614785021e-07
1.051842701711436000e-07
1.033938733538785947e-07
9.365778220486837217e-08
8.692465103455397826e-08
8.016969395117893761e-08
6.928587969611195221e-08
6.498102086885030352e-08
6.109928988706611938e-08
5.496494870626582502e-08
4.664343743549820450e-08
3.985374664659256532e-08
3.497061747018398839e-08
2.902744679715638064e-08
2.651454870726401850e-08
2.055513208134282732e-08
1.754729312897857938e-08
1.323306058872630537e-08
1.262952644718471232e-08
4.435272329548026824e-09
2.830357161792099928e-10
2.760390204702385690e-10
2.547594842557592245e-10
2.442466412303210773e-10
2.025086522217913473e-10
1.833110478818059675e-10
1.725915514958650946e-10
1.518127865335075936e-10
1.347329590680691758e-10
1.283924197045194626e-10
1.259316277244876264e-10
1.078769657524435187e-10
1.003692116380095650e-10
8.550098398413311332e-11
7.136869826035425070e-11
6.949935972406547036e-11
4.086141803412496725e-11
3.730295665058287365e-11
3.433271253144347249e-11
2.331392121153719850e-11
1.908266896363573445e-11
1.467441890841275738e-11
7.992561218230732646e-12
1.060521691712469143e-12
