1.761326342821121216e-01
7.898566126823425293e-02
2.797092869877815247e-02
1.335755642503499985e-02
8.322189562022686005e-03
4.519949201494455338e-03
3.328818362206220627e-03
2.648257417604327202e-03
1.677091815508902073e-03
1.372890197671949863e-03
9.932289831340312958e-04
8.241931791417300701e-04
6.563498172909021378e-04
6.356359226629137993e-04
4.844258073717355728e-04
4.603587440215051174e-04
3.862877492792904377e-04
3.359026741236448288e-04
3.190232382621616125e-04
2.694677386898547411e-04
2.526629541534930468e-04
2.507132303435355425e-04
2.159427094738930464e-04
1.913743035402148962e-04
1.821171026676893234e-04
1.736515114316716790e-04
1.574015332153066993e-04
1.488830166636034846e-04
1.340979360975325108e-04
1.247891050297766924e-04
1.120505694416351616e-04
1.047366458806209266e-04
1.028874903568066657e-04
9.109476377489045262e-05
8.924099529394879937e-05
8.319021435454487801e-05
8.010077726794406772e-05
7.772623212076723576e-05
7.453334546880796552e-05
7.136168278520926833e-05
6.997069431236013770e-05
6.462225428549572825e-05
6.026202390785329044e-05
5.739673360949382186e-05
5.666239303536713123e-05
5.354358290787786245e-05
4.945441833115182817e-05
4.764389086631126702e-05
4.659752448787912726e-05
4.421855919645167887e-05
4.351183815742842853e-05
4.180915129836648703e-05
3.837656549876555800e-05
3.586042657843790948e-05
3.331014158902689815e-05
3.214091339032165706e-05
3.181682768627069890e-05
3.116470907116308808e-05
3.093909253948368132e-05
2.863712688849773258e-05
2.811256308632437140e-05
2.621333806018810719e-05
2.596914782770909369e-05
2.429206506349146366e-05
2.358410711167380214e-05
2.290919837832916528e-05
2.179953662562184036e-05
2.107170075760222971e-05
2.063832471321802586e-05
1.924214302562177181e-05
1.888259248516988009e-05
1.793035517039243132e-05
1.761735074978787452e-05
1.739741855999454856e-05
1.705029899312648922e-05
1.602944030310027301e-05
1.568125662743113935e-05
1.504919237049762160e-05
1.388008604408241808e-05
1.373053237330168486e-05
1.287765826418763027e-05
1.272649296879535541e-05
1.230048565048491582e-05
1.181834795715985820e-05
1.178730781248304993e-05
1.097344556910684332e-05
1.049318416335154325e-05
1.026850532070966437e-05
1.023786262521753088e-05
9.745098395796958357e-06
9.438454071641899645e-06
9.299918929173145443e-06
8.998102202895097435e-06
8.680205610289704055e-06
8.381663974432740360e-06
7.933418601169250906e-06
7.894484042481053621e-06
7.521554834966082126e-06
7.487831680919043720e-06
7.089422524586552754e-06
7.035723683657124639e-06
6.482188837253488600e-06
6.410465630324324593e-06
6.242443305382039398e-06
6.037307684891857207e-06
5.940446499153040349e-06
5.677368790202308446e-06
5.565352694247849286e-06
5.356689598556840792e-06
5.254886673355940729e-06
5.116956344863865525e-06
4.983841336070327088e-06
4.797468136530369520e-06
4.700594672613078728e-06
4.597362476488342509e-06
4.434845322975888848e-06
4.289740900276228786e-06
4.255652129359077662e-06
4.007205006928415969e-06
3.957556600653333589e-06
3.795218162849778309e-06
3.705846211232710630e-06
3.625287945396848954e-06
3.550178462319308892e-06
3.472582648100797087e-06
3.324386625536135398e-06
3.289841288278694265e-06
3.228149125789059326e-06
3.055480647162767127e-06
3.011864009749842808e-06
2.962030521302949637e-06
2.857978188330889679e-06
2.739764340731198899e-06
2.698489197427988984e-06
2.648251211212482303e-06
2.608902832434978336e-06
2.546235236877691932e-06
2.478045871612266637e-06
2.399229288130300120e-06
2.240183448520838283e-06
2.198915353801567107e-06
2.138807985829771496e-06
2.127150992237147875e-06
2.089946292471722700e-06
2.009550144066452049e-06
1.939275762197212316e-06
1.903189513541292399e-06
1.857787992776138708e-06
1.810892740650160704e-06
1.736819285724777728e-06
1.692422870291920844e-06
1.681643993833858985e-06
1.646733835514169186e-06
1.612550249774358235e-06
1.505800696577352937e-06
1.480754121985228267e-06
1.435784270142903551e-06
1.422563968844769988e-06
1.375413944515457842e-06
1.364660420222207904e-06
1.331802309323393274e-06
1.311995561081857886e-06
1.243836550202104263e-06
1.221082698066311423e-06
1.194377432511828374e-06
1.158728196060110349e-06
1.128435769714997150e-06
1.083123379430617206e-06
1.048077251653012354e-06
1.015039174490084406e-06
9.951891115633770823e-07
9.731406862556468695e-07
9.563585763316950761e-07
9.248199717148963828e-07
9.094797519537678454e-07
8.977077641247888096e-07
8.605572929809568450e-07
8.396211228500760626e-07
8.001520654943305999e-07
7.626393880855175667e-07
7.537933583989797626e-07
7.279900842149800155e-07
7.101735945980180986e-07
6.915692551956453826e-07
6.871444497846823651e-07
6.725406365148955956e-07
6.460469421654124744e-07
6.246795578590536024e-07
6.031158932273683604e-07
5.862530656486342195e-07
5.798361257802753244e-07
5.474287831930269022e-07
5.297853817864961457e-07
5.206809987612359691e-07
4.958328077009355184e-07
4.894523613074852619e-07
4.709373229161428753e-07
4.653113876429415541e-07
4.521651533195836237e-07
4.287420551918330602e-07
4.159985849128133850e-07
3.988220669270958751e-07
3.769481509152683429e-07
3.654714362255617743e-07
3.571086608644691296e-07
3.406180724141449900e-07
3.365338443472865038e-07
3.224449756089597940e-07
3.157613832627248485e-07
3.025695036740216892e-07
2.892950305977137759e-07
2.861326322545210132e-07
2.611331240132130915e-07
2.591901022697129520e-07
2.497334037343534874e-07
2.413790696209616726e-07
2.261481881760118995e-07
2.237620293499276158e-07
2.109932353278054507e-07
2.063100765781200607e-07
1.983303548058756860e-07
1.852800721735547995e-07
1.811578300703331479e-07
1.790780146393444738e-07
1.698576141961893882e-07
1.650217313908797223e-07
1.567441643146594288e-07
1.483352036757423775e-07
1.472017885362220113e-07
1.345225228988056188e-07
1.247634884293802315e-07
1.175366222128104710e-07
1.115182826083582768e-07
9.972933412427664734e-08
9.745067330868550926e-08
8.974401310979374102e-08
8.812234852939582197e-08
8.428150977124460042e-08
7.745842367512523197e-08
7.070389074215199798e-08
6.274924402305259719e-08
6.141867459064087598e-08
5.267683889087493299e-08
5.143158077203224821e-08
4.947525411580500077e-08
4.412670406850338622e-08
3.966960449020007218e-08
3.717133978398123872e-08
3.565753914358538168e-08
3.179180652068680502e-08
2.991693293097341666e-08
2.456709857767691574e-08
1.978510155709045648e-08
1.857519649206551549e-08
1.759381795807257731e-08
1.434348462225898402e-08
1.305252350647378989e-08
9.910703369087059400e-09
8.085794256373901590e-09
6.626069026793857120e-09
3.450966179485703833e-09
3.805605830464742212e-10
-3.384887647950307610e-10
-2.091284784233593541e-10
2.069412280425453332e-10
-1.406363359102158483e-10
1.297652124643278171e-10
-1.257783183161720331e-10
1.090329493358410673e-10
-1.083177644800592532e-10
8.625501007886171578e-11
-7.700426407630800441e-11
6.819406150881945905e-11
-6.764663829095240999e-11
-5.902502792087815919e-11
5.861194168899075407e-11
4.948161672069240069e-11
-4.532211411722997241e-11
4.516648513530618914e-11
3.676875470759455311e-11
2.857623512819706946e-11
-2.475781558930467696e-11
-1.568715816968602184e-11
7.200733932732905629e-12
-5.874704802483199373e-12
