1.196608349580032149e+00
5.345612738223588511e-01
4.048323546119000360e-01
3.390409990476990210e-01
2.733647351472391906e-01
1.754695583783271728e-01
1.511818821701445548e-01
1.285355256108371425e-01
1.097321385997555437e-01
9.438865012888340844e-02
8.145980334273851542e-02
7.765619395960431104e-02
7.100005377352007485e-02
6.128770210042467498e-02
6.097538820416587707e-02
5.135058408455171752e-02
4.770282575926680646e-02
4.607478106394568423e-02
4.413054849629347715e-02
3.857223584885458023e-02
3.841314568394663120e-02
3.444434036076622629e-02
3.299672633752253476e-02
3.152145318005399044e-02
2.834094644891499773e-02
2.773873903419449283e-02
2.712883392867409746e-02
2.405455762599893049e-02
2.241548745318493532e-02
2.187041652760176105e-02
2.073773171667719559e-02
2.024264368151137972e-02
1.923709707664884860e-02
1.846885824407828655e-02
1.746412715167054708e-02
1.698489240096595285e-02
1.661940869439790247e-02
1.633705701065320606e-02
1.496069898281353859e-02
1.467949501595344937e-02
1.423499762845712585e-02
1.327338384284015675e-02
1.198375466621053563e-02
1.163509949639839405e-02
1.137188203102056962e-02
1.103193062685097793e-02
1.009088109879957042e-02
9.679772527907186397e-03
9.205058398121345256e-03
9.020431799307939910e-03
8.644411045538624369e-03
8.428210656696881117e-03
8.167102414996010515e-03
7.967327242518869312e-03
7.591884275601736010e-03
7.166220927740279620e-03
7.013129198856419069e-03
6.655843748625453124e-03
6.481920170382653688e-03
6.221731151173417844e-03
6.145511898294581284e-03
5.651297370947234305e-03
5.554038238137087163e-03
5.464302483685222825e-03
5.018919234699678253e-03
4.878613575972108075e-03
4.759156750373447035e-03
4.518198789276845449e-03
4.414147171654394033e-03
4.355629660415419151e-03
4.262222297502507411e-03
4.018312388264839129e-03
3.895030085000476122e-03
3.622090316254649323e-03
3.543323972801676151e-03
3.419919917544730729e-03
3.246482624582661385e-03
3.090113078581735971e-03
3.037203880748912642e-03
2.884284194650447650e-03
2.797855708805836641e-03
2.626435010979465048e-03
2.566870175493001817e-03
2.476096669117097346e-03
2.449236539130122091e-03
2.396139023685031188e-03
2.218243530054989001e-03
2.080714973075687736e-03
2.006974711455122157e-03
1.983317683300782775e-03
1.863310662228054911e-03
1.815573768183815617e-03
1.740103883700270301e-03
1.667070002404452602e-03
1.604366087794960836e-03
1.560185914526223154e-03
1.535966151276138255e-03
1.466005060130782774e-03
1.435976607747041760e-03
1.393979092154422166e-03
1.350273950801934289e-03
1.241538736627980548e-03
1.158329741865574440e-03
1.113103841263905595e-03
1.014057437284025245e-03
9.645470852162891639e-04
9.447466239445525974e-04
9.016459517897232800e-04
7.917644243551867633e-04
7.337779714747265283e-04
6.132686492505045250e-04
7.175377348719128102e-08
6.008378157676458304e-08
4.530797815408259618e-08
4.181624036172156126e-08
3.586962453958112567e-08
3.412468735768885053e-08
2.987914153356543699e-08
2.976821916771514665e-08
2.730139098656868424e-08
2.719658499126039214e-08
2.622098435570066192e-08
2.549902528632439037e-08
2.495871511018444179e-08
2.302908257901771058e-08
2.255829371776843038e-08
2.236323231505067308e-08
2.103609781080562443e-08
2.096718307099490409e-08
2.020414492258722707e-08
1.972706790220727061e-08
1.903038821240474822e-08
1.870459709749215715e-08
1.805709730113563005e-08
1.793603596199961796e-08
1.714651192371222368e-08
1.710972720184638764e-08
1.702799863059497057e-08
1.687143770980841477e-08
1.669338269596116217e-08
1.629697812315848454e-08
1.579199398583573122e-08
1.523344768606076617e-08
1.510953600292880696e-08
1.434461551243427187e-08
1.400636940012924874e-08
1.385747941481167495e-08
1.369521660777197308e-08
1.334381641813332397e-08
1.286616562763651691e-08
1.282585302093099936e-08
1.268622888615979308e-08
1.223953473922186690e-08
1.196490734839617721e-08
1.173986715403288540e-08
1.163825887497456496e-08
1.133659661750275099e-08
1.126375756150184264e-08
1.067758234226414547e-08
1.060129925597583766e-08
1.050420537507375622e-08
1.018345609428803570e-08
1.006278602156742268e-08
9.959683431948054037e-09
9.812052577374653806e-09
9.791019960537816491e-09
9.471995997299373517e-09
9.387935269574601660e-09
8.905094608481985817e-09
8.900249686714234102e-09
8.802859726058023409e-09
8.757104251236760327e-09
8.496523089139990504e-09
8.297236436418314610e-09
8.262582270215257830e-09
8.127712213755662166e-09
7.994172067705206832e-09
7.858179260689630260e-09
7.647389153977828573e-09
7.615753749080995977e-09
7.505649310872075070e-09
7.431208782812918217e-09
7.274034724954488742e-09
6.965995849726148267e-09
6.911018277161410794e-09
6.883331663204390162e-09
6.744005411225477781e-09
6.709070664571774221e-09
6.652394721755759873e-09
6.509840528265546199e-09
6.360402010509812233e-09
6.277374329884257023e-09
6.252676812488362788e-09
6.091551841443228800e-09
6.019049093789456757e-09
5.821834761120090285e-09
5.732342030637895036e-09
5.581362758719630434e-09
5.561563263659717537e-09
5.429298722793354955e-09
5.325039051344274121e-09
5.315427983262019227e-09
5.207500630605148144e-09
5.091145406981161100e-09
5.016822963057263684e-09
4.817571883407890695e-09
4.809345826396116323e-09
4.706833279854510201e-09
4.664111217241122693e-09
4.627087058078980692e-09
4.418299997631291320e-09
4.365076532339697357e-09
4.198973614347004291e-09
4.163458633059432455e-09
4.064021047418608484e-09
4.030410987921434095e-09
3.969507587119725357e-09
3.848150305049135983e-09
3.786296203378509273e-09
3.742470513778563312e-09
3.607070691977934022e-09
3.522699160934509599e-09
3.505507869249192197e-09
3.424358601485268054e-09
3.401261088899306322e-09
3.331119260677934878e-09
3.221481405178410324e-09
3.072694568474561030e-09
3.063868777893553171e-09
3.008408424381501205e-09
2.948689801692784610e-09
2.890460221230156653e-09
2.847826752438762823e-09
2.705596103363358393e-09
2.691595807058289563e-09
2.625367231628196126e-09
2.534657606675616866e-09
2.527967815544347083e-09
2.432927321581291654e-09
2.375850701220445474e-09
2.345961207909147814e-09
2.345695874660813974e-09
2.274600293059862922e-09
2.195080939946450687e-09
2.160891727053924308e-09
2.063876546621934428e-09
2.053404436868134856e-09
1.978203180935777178e-09
1.926290613765495722e-09
1.905278205935548332e-09
1.876521855824563145e-09
1.790213660233405484e-09
1.769560265667257731e-09
1.698637816430068023e-09
1.681057585168136949e-09
1.594143968866200638e-09
1.555355757161425530e-09
1.515295595502128256e-09
1.460285704515064048e-09
1.373883396943746580e-09
1.355460154012408965e-09
1.344916007481200039e-09
1.283234640335257040e-09
1.277333028125544654e-09
1.158125051661207887e-09
1.128181689582030193e-09
1.121213912076496663e-09
1.063717802861569751e-09
1.024414156287738836e-09
9.178184528785299702e-10
9.046164870606042869e-10
8.809920255903123766e-10
8.066709234825400119e-10
7.901795630800368507e-10
7.264241654467106221e-10
6.876614812717613001e-10
6.777500060121759201e-10
6.688906663817949956e-10
6.094203674639978779e-10
5.820679058362166417e-10
5.729678434385449644e-10
4.825969608846875229e-10
4.782115683448879119e-10
4.459086253783887459e-10
4.430829555594999156e-10
3.929549650922666344e-10
3.386638088781827317e-10
2.989003008489974125e-10
2.920457540846216692e-10
2.429539858352830453e-10
2.088664542882149350e-10
1.903345618573638060e-10
1.533885999930944823e-10
1.469871092811087035e-10
7.707737676045195678e-11
4.165057992688359767e-11
4.875754455943544171e-12
