2.305552244186401367e+00
1.007416605949401855e+00
7.942093014717102051e-01
5.846094489097595215e-01
4.486745893955230713e-01
3.389739096164703369e-01
2.313571721315383911e-01
2.017982304096221924e-01
1.948807984590530396e-01
1.469772905111312866e-01
1.182835772633552551e-01
8.896267414093017578e-02
7.733020931482315063e-02
7.118125259876251221e-02
6.062782555818557739e-02
5.863032862544059753e-02
5.041723325848579407e-02
4.660330340266227722e-02
3.705901652574539185e-02
3.606277704238891602e-02
3.081692010164260864e-02
2.925939857959747314e-02
2.845593169331550598e-02
2.733957022428512573e-02
2.543874271214008331e-02
2.394210547208786011e-02
2.350263670086860657e-02
2.233924902975559235e-02
2.041778713464736938e-02
1.871125213801860809e-02
1.783635839819908142e-02
1.723957993090152740e-02
1.647117920219898224e-02
1.553153619170188904e-02
1.509036030620336533e-02
1.366710010915994644e-02
1.313650608062744141e-02
1.297928392887115479e-02
1.196602173149585724e-02
1.156710367649793625e-02
1.077136304229497910e-02
1.005050353705883026e-02
9.608899243175983429e-03
9.485453367233276367e-03
8.743569254875183105e-03
8.116228505969047546e-03
7.980034686625003815e-03
7.612667046487331390e-03
7.564032450318336487e-03
7.117628585547208786e-03
6.888144183903932571e-03
6.676925346255302429e-03
6.256551947444677353e-03
6.092846859246492386e-03
5.928141996264457703e-03
5.509597714990377426e-03
5.335608962923288345e-03
5.263199098408222198e-03
4.821890499442815781e-03
4.631242249161005020e-03
4.560905974358320236e-03
4.456543829292058945e-03
4.259871318936347961e-03
4.118007607758045197e-03
3.828813554719090462e-03
3.601902164518833160e-03
3.411646466702222824e-03
3.109558252617716789e-03
3.039104165509343147e-03
2.994548529386520386e-03
2.916953293606638908e-03
2.674703486263751984e-03
2.476121764630079269e-03
2.430538414046168327e-03
2.321824198588728905e-03
2.305515110492706299e-03
2.182255964726209641e-03
2.133496571332216263e-03
2.012812532484531403e-03
1.911450992338359356e-03
1.875336165539920330e-03
1.817034790292382240e-03
1.687251264229416847e-03
1.632242347113788128e-03
1.556954812258481979e-03
1.459291321225464344e-03
1.391668105497956276e-03
1.338512636721134186e-03
1.319428323768079281e-03
1.232854905538260937e-03
1.183181768283247948e-03
1.136359991505742073e-03
1.125292736105620861e-03
1.079022535122931004e-03
9.899700526148080826e-04
9.732147445902228355e-04
9.641256183385848999e-04
8.622016175650060177e-04
8.200202719308435917e-04
7.978599751368165016e-04
7.761268061585724354e-04
7.437030435539782047e-04
6.734076305292546749e-04
6.431115907616913319e-04
6.171736749820411205e-04
6.001932197250425816e-04
5.413525504991412163e-04
5.263867788016796112e-04
4.539923684205859900e-04
4.280802677385509014e-04
3.904858313035219908e-04
-4.001780240514563047e-08
3.850681196126970463e-08
2.690747535893933673e-08
-2.565988133085284062e-08
2.145824495869419479e-08
1.858836107260231074e-08
-1.777109304157420411e-08
-1.705508800853294815e-08
-1.617171641044024000e-08
1.583522113435265055e-08
1.449718123325283159e-08
-1.342809063942240755e-08
1.271928695700808021e-08
-1.251852133066222450e-08
1.227406709602973933e-08
1.166317709078157350e-08
-1.162089713346858844e-08
-1.105702107651040933e-08
-1.097178881082072621e-08
1.087932322008100527e-08
1.046574649166132076e-08
-1.017686823701069443e-08
-1.010107375520874484e-08
9.493709818286788504e-09
9.096862818580575549e-09
-9.017853130899311509e-09
-8.951731800266315986e-09
8.786561700446782197e-09
-8.367737613923509343e-09
8.233906889643094473e-09
-7.923896205852543062e-09
7.916110433825451764e-09
-7.806742807758837444e-09
7.599431306459791813e-09
-7.497755305507780577e-09
7.352017661332865828e-09
-7.109724364795511065e-09
6.808881902742314196e-09
-6.794486306915814566e-09
6.701342147863442733e-09
6.620186177030973340e-09
-6.581436284847086426e-09
-6.400282082097419334e-09
6.354733628199937812e-09
-6.129261098664073870e-09
-6.007438546618004693e-09
5.990438811664944296e-09
-5.949515546888051176e-09
-5.815197656744430788e-09
5.705146577383857220e-09
-5.619366749698428976e-09
5.582632578438051496e-09
-5.420026205626982119e-09
5.393073543302762118e-09
-5.312097428600282001e-09
5.240668343731158529e-09
-5.152067661384762687e-09
-4.943469189555571575e-09
4.923246255117419423e-09
-4.896866467873906004e-09
4.845307266521103884e-09
4.784902696286508217e-09
4.607215497998140563e-09
-4.585485768870967149e-09
-4.456592872514875125e-09
4.411720322394785399e-09
-4.328944314124782977e-09
4.317623147898075331e-09
-4.175719325871796173e-09
-4.142687526353938665e-09
4.129059316682059944e-09
4.002350451060010528e-09
-3.969898187961007352e-09
3.940237469635121670e-09
3.893610323046914345e-09
-3.892579591990852350e-09
3.832470785170016825e-09
-3.814498938936594641e-09
-3.686167593386358021e-09
3.679588855831639194e-09
-3.605184595301125228e-09
3.472408360849499331e-09
-3.469219800322775882e-09
3.451877228499711237e-09
-3.396120717980011250e-09
3.317468966201886360e-09
3.299821083047049797e-09
-3.131895853769606219e-09
3.045265817291920030e-09
-3.034471340868094558e-09
-2.981142666058644863e-09
2.968922219181990840e-09
2.889038563935741877e-09
2.818619559974422373e-09
2.739212856539552376e-09
-2.729516834776291034e-09
-2.705189849905309529e-09
2.674234611532710915e-09
2.590488934473000882e-09
-2.552559053015102108e-09
-2.455206482565586157e-09
-2.443916180538963090e-09
2.402858800820695251e-09
2.373605090255637151e-09
-2.318268688128455324e-09
2.244693986241941275e-09
-2.234084695018623279e-09
2.216881123118241703e-09
-2.170258195377527954e-09
2.128650145039046038e-09
2.112418462374421324e-09
2.044825198055377768e-09
-2.030233314798124411e-09
-1.981261155137303831e-09
1.954602923959214422e-09
-1.891345524640541953e-09
1.868136978444567831e-09
-1.841244268163677589e-09
1.794688286871348737e-09
-1.777613500841823679e-09
1.720148246064923114e-09
-1.705276475583161755e-09
-1.666995763649481432e-09
1.640558355830989967e-09
-1.611774602672255696e-09
1.560552242985124849e-09
1.535176430422779958e-09
-1.501605173537257087e-09
-1.456779474828806542e-09
1.440543240249780865e-09
1.407364225158858062e-09
1.350228040486456393e-09
-1.349587774868155066e-09
-1.332443044788078623e-09
1.281765138472223953e-09
-1.263880777813142231e-09
-1.230502144622391825e-09
1.173649066821269571e-09
1.161965967888534124e-09
-1.141236771751152901e-09
1.076753353146386871e-09
-1.068686472649460484e-09
1.031159935216408030e-09
-1.025731277692898402e-09
9.997908057002291571e-10
9.650946708461560775e-10
-9.524923072490310005e-10
-9.483966945111887981e-10
-9.047664284445033900e-10
-8.626694358859765543e-10
8.499896342328838728e-10
8.269636087021581261e-10
-8.121823769080549482e-10
-7.534505241935107733e-10
7.531685275452559836e-10
7.324576500877810759e-10
7.044421712620874132e-10
-6.688161691137395337e-10
6.509753291972231182e-10
-6.394266782727697773e-10
6.116237516451406009e-10
-5.729397511977651902e-10
5.615043430218236153e-10
5.338421926737169088e-10
-5.314270690170985745e-10
-4.864268987603281857e-10
-4.408012843626352151e-10
4.308056134050275432e-10
4.014029941767915943e-10
-3.990615615734327548e-10
3.739884235631762976e-10
-3.613098153998350881e-10
3.309020280006791381e-10
2.898784545735111351e-10
-2.681565525186613286e-10
2.413844957249722256e-10
-2.314631125654997845e-10
2.118421410512993930e-10
-1.888735001731589591e-10
-1.644347574769611242e-10
-1.442471420087798606e-10
-1.147000064372072359e-10
1.063769974884998248e-10
4.730287342380457005e-11
-2.837857206172689217e-11
3.765304474462327633e-12
