1.304556101486507025e+00
6.799556257629216782e-01
3.112853101496693142e-01
2.379393711432878644e-01
1.902940200378100133e-01
1.878989484588617920e-01
1.292543794801286894e-01
9.782704474447458109e-02
7.867694037468793422e-02
6.187405203049083091e-02
3.944794889325829723e-02
2.919396314588099811e-02
2.597172132161471372e-02
2.160235611407312559e-02
1.915004353877950566e-02
1.820337524884050109e-02
1.456672625442317383e-02
1.331136593836288080e-02
1.139973690330329560e-02
9.644319396500686606e-03
9.061146810204466842e-03
8.013193959389139365e-03
7.126128432730884782e-03
6.694115702250470930e-03
6.172740518473418189e-03
5.757254523258180552e-03
5.242981981133850236e-03
4.687844067572705282e-03
4.574614202586286572e-03
4.095058423977608608e-03
3.571822520334116610e-03
3.373231357647209130e-03
3.299274525776523057e-03
3.034965234912773840e-03
2.615711332983952642e-03
2.571940313363125369e-03
2.254073944902955894e-03
2.094702772462894800e-03
1.850420552674297576e-03
1.673980293836592904e-03
1.614030376182391683e-03
1.591906107385703982e-03
1.387098858426387285e-03
1.378228945377138557e-03
1.234142600932543014e-03
1.155992269790076131e-03
1.003454962670531159e-03
9.526776093176192277e-04
8.832361503258547627e-04
8.329935497091550114e-04
7.863631856909047025e-04
7.799515889627326153e-04
7.578740601108886667e-04
6.935061201149233081e-04
6.445676281084328565e-04
6.178558344306223082e-04
5.429729208328189227e-04
5.327462801383450958e-04
4.824168484959240181e-04
4.561243786259919675e-04
4.434793191642525767e-04
4.234721356750166185e-04
3.850333910120897971e-04
3.788937843623892674e-04
3.565361268773757555e-04
3.507784259877566742e-04
3.356072932394470209e-04
3.087875223823883055e-04
2.927323458749810830e-04
2.911786342673879698e-04
2.685497774148435800e-04
2.466809690726227554e-04
2.380679231006624873e-04
2.270548038375950367e-04
2.191913159524077736e-04
1.999255703183248412e-04
1.972926370170509055e-04
1.798968033049500926e-04
1.740070794638159284e-04
1.703061753584683387e-04
1.625364787605311555e-04
1.565125995330574039e-04
1.438013372699559829e-04
1.416522459144358196e-04
1.380728471717564815e-04
1.327638073594370523e-04
1.230572990972236434e-04
1.188814523166476672e-04
1.119096635289038748e-04
1.111777632923286716e-04
1.082704944617834128e-04
1.008097708781390900e-04
9.508060993976830675e-05
9.288935937566090094e-05
9.135865237612184823e-05
8.783071495640204214e-05
8.561704650216858821e-05
8.438010475494251523e-05
8.105755780827173396e-05
7.673301728663464683e-05
7.502224962746578034e-05
7.026846746890918908e-05
6.651375500087483962e-05
6.528493841200188024e-05
6.451453945500902349e-05
6.341362672527791396e-05
5.791779327464091642e-05
5.588352430900015366e-05
5.446661942614382403e-05
5.266128748284063638e-05
5.062511769266942987e-05
4.786810439018063235e-05
4.684859041628343227e-05
4.604791831418239518e-05
4.391342407909488396e-05
4.330336743507013096e-05
4.150086303495994301e-05
4.082012546708277379e-05
3.906784715465594517e-05
3.815273725334855675e-05
3.594020820871412283e-05
3.484647171864167163e-05
3.347410856703270191e-05
3.268160448660138679e-05
3.152859955406401606e-05
2.992521025728742332e-05
2.925600562952838075e-05
2.771898959993518804e-05
2.630278621617027220e-05
2.598465894468415078e-05
2.534241363836259824e-05
2.444205363287372008e-05
2.330509973640819678e-05
2.262754035837668133e-05
2.219061664723786265e-05
2.122247480046919246e-05
2.085407998446709904e-05
1.984844118251762954e-05
1.948040675138974136e-05
1.905783673334797727e-05
1.780298137960723110e-05
1.770677417199266590e-05
1.675963088302381086e-05
1.643087831899549327e-05
1.540973106380210691e-05
1.526212921889349679e-05
1.467511413416370450e-05
1.437322796781323400e-05
1.395947458522174937e-05
1.382066725284086558e-05
1.341247243420216439e-05
1.327044404517898021e-05
1.239767053143153009e-05
1.212274042070885019e-05
1.152265336529016378e-05
1.135864561728706430e-05
1.106707378037301686e-05
1.057284827075490095e-05
1.035673973784856939e-05
9.703165930569553833e-06
9.431008765046687109e-06
9.107947670372785968e-06
8.940978214075784449e-06
8.782169308690018035e-06
8.557440573208594691e-06
8.106789058765661825e-06
7.956039292813644976e-06
7.690006259267512492e-06
7.286170453744048224e-06
7.133040303298734459e-06
7.094785659000387935e-06
6.474837780936541959e-06
6.470396978704570231e-06
6.209872693863110037e-06
6.147787657032567827e-06
5.877729151348211898e-06
5.823977781474379353e-06
5.549711884932147801e-06
5.243134989561926327e-06
5.167470249287224682e-06
4.655362073531848911e-06
4.569626792738180783e-06
4.392157365645812105e-06
4.360693640205204990e-06
4.119249954517337266e-06
4.099525223126252807e-06
3.994468595162886281e-06
3.931760651184170244e-06
3.736047095600318664e-06
3.382569817335465399e-06
3.309512754855750324e-06
3.189415924653248821e-06
3.087417378815951933e-06
3.001304419984068059e-06
2.987299473373418567e-06
2.676485347447655234e-06
2.671874388861901385e-06
2.607880095625701071e-06
2.426427099540580571e-06
2.331910888838774131e-06
2.318662528482169637e-06
2.205651404989932294e-06
2.033741251860268615e-06
2.008448825036286985e-06
1.893952671630130193e-06
1.851218795960314127e-06
1.735777153573030698e-06
1.676906904667967050e-06
1.626151388786831608e-06
1.529106301366607706e-06
1.415212078046652032e-06
1.349559368246720957e-06
1.340400420076352768e-06
1.285189050117011332e-06
1.222100129669512480e-06
1.166898342335117489e-06
1.148846549076470871e-06
9.842171587305619155e-07
9.804678731781195983e-07
8.942172450828944904e-07
8.464824754880763968e-07
8.319801538924410486e-07
7.751377660770956556e-07
7.355848195252263741e-07
6.946790455773937735e-07
6.384153099503737714e-07
6.221110503140559947e-07
5.826314183685639194e-07
5.727062150937646735e-07
5.047673209267723697e-07
4.778505764779510252e-07
4.328926496594662174e-07
3.890030456513448681e-07
3.672577735836506886e-07
3.187376818029554299e-07
2.840968861200063470e-07
2.402682819009893478e-07
2.079249759825928340e-07
1.876211011117739967e-07
1.539904736753303821e-07
1.475424493548288773e-07
1.048144078765716948e-07
9.348997501542787202e-08
5.331074563799770448e-08
3.753086477259652237e-08
3.355388695630260681e-08
3.255934082704669179e-08
2.740424136925897994e-08
2.675843147081201626e-08
2.357782354679115822e-08
2.269322594619037189e-08
2.139299086759173573e-08
2.011674571437254181e-08
1.669808428448406745e-08
1.648150152079486717e-08
1.585738732774211940e-08
1.517985124769663684e-08
1.300521962700071061e-08
1.299665233695701250e-08
1.178460535655659426e-08
1.162340743396429908e-08
1.092559640514378302e-08
1.062000502161638511e-08
9.820339855285708493e-09
8.678015793349888174e-09
8.423137351859250878e-09
7.319907126866400000e-09
6.999087964899332124e-09
6.629705955185224066e-09
6.238633958495604401e-09
5.507916662702487726e-09
5.105389890260060221e-09
4.268917227974186336e-09
4.064799150369507372e-09
3.503515243509074081e-09
3.408293894564441126e-09
2.981965413176084263e-09
2.884666631054938805e-09
2.571736742291917721e-09
2.163582868338890483e-09
1.186436823830322474e-09
8.119192138293938933e-10
5.756731689116810486e-10
4.606649663849224229e-10
1.856750352099743075e-11
