3.250745296478271484e+00
1.088258981704711914e+00
5.646283030509948730e-01
5.439855456352233887e-01
3.853375613689422607e-01
3.294802606105804443e-01
1.671531647443771362e-01
1.377046257257461548e-01
1.225606873631477356e-01
7.006964087486267090e-02
4.751529172062873840e-02
3.671536222100257874e-02
3.301724046468734741e-02
2.374094724655151367e-02
2.122000418603420258e-02
1.978860795497894287e-02
1.476992480456829071e-02
1.076784636825323105e-02
1.010802667587995529e-02
9.152281098067760468e-03
7.742628455162048340e-03
7.218907587230205536e-03
5.996915046125650406e-03
5.383253097534179688e-03
5.335806403309106827e-03
4.981578327715396881e-03
4.493611399084329605e-03
3.958680201321840286e-03
3.373573301360011101e-03
3.173082601279020309e-03
3.069539088755846024e-03
2.872165292501449585e-03
2.694999333471059799e-03
2.331295516341924667e-03
2.129883039742708206e-03
1.966081326827406883e-03
1.834824681282043457e-03
1.770580303855240345e-03
1.643588067963719368e-03
1.448650611564517021e-03
1.339605194516479969e-03
1.231623580679297447e-03
1.051726401783525944e-03
1.045118668116629124e-03
9.581454214639961720e-04
9.022378362715244293e-04
8.937257807701826096e-04
7.549669244326651096e-04
6.788414902985095978e-04
6.532628322020173073e-04
5.883348640054464340e-04
5.471557378768920898e-04
5.274777067825198174e-04
4.988204455003142357e-04
4.749642685055732727e-04
4.566739953588694334e-04
4.437894094735383987e-04
3.982938942499458790e-04
3.859727585222572088e-04
3.594616136979311705e-04
3.381319402251392603e-04
3.244407707825303078e-04
3.143438079860061407e-04
3.098477318417280912e-04
2.865749702323228121e-04
2.661272010300308466e-04
2.559988060966134071e-04
2.365092077525332570e-04
2.239120949525386095e-04
2.159008290618658066e-04
1.960353692993521690e-04
1.929858553921803832e-04
1.696762919891625643e-04
1.594836357980966568e-04
1.555851195007562637e-04
1.440668711438775063e-04
1.412173878634348512e-04
1.311320229433476925e-04
1.275200920645147562e-04
1.209637848660349846e-04
1.197144738398492336e-04
1.065022952388972044e-04
1.051172439474612474e-04
1.015808957163244486e-04
9.326092549599707127e-05
8.974537195172160864e-05
8.185968908946961164e-05
7.950700091896578670e-05
7.419053872581571341e-05
7.121932867448776960e-05
6.919405132066458464e-05
6.777561793569475412e-05
6.445353210438042879e-05
6.189930718392133713e-05
5.608496212516911328e-05
5.253110794001258910e-05
5.099118061480112374e-05
5.050062463851645589e-05
4.782751420862041414e-05
4.710514622274786234e-05
4.413638089317828417e-05
4.227718818583525717e-05
4.118666038266383111e-05
3.877184281009249389e-05
3.778594327741302550e-05
3.708517760969698429e-05
3.476743950159288943e-05
3.365669908816926181e-05
3.323703640489839017e-05
3.098313027294352651e-05
3.014434696524403989e-05
2.986010804306715727e-05
2.719845906540285796e-05
2.703632708289660513e-05
2.556039908085949719e-05
2.436389695503748953e-05
2.331688483536709100e-05
2.223532464995514601e-05
2.140590368071570992e-05
2.072916140605229884e-05
2.006197610171511769e-05
1.875081579783000052e-05
1.819461431296076626e-05
1.741866617521736771e-05
1.721274929877836257e-05
1.682796391833107919e-05
1.622710260562598705e-05
1.539852200949098915e-05
1.481254821555921808e-05
1.464975048293126747e-05
1.382329719490371644e-05
1.348453224636614323e-05
1.311992309638299048e-05
1.246218107553431764e-05
1.222544779011514038e-05
1.150052867160411552e-05
1.124051959777716547e-05
1.061093917087418959e-05
1.052723382599651814e-05
9.828498150454834104e-06
9.552411938784644008e-06
9.287076863984111696e-06
9.038853931997437030e-06
8.980019629234448075e-06
8.598802196502219886e-06
7.922187251097057015e-06
7.840038961148820817e-06
7.542737876065075397e-06
7.285956144187366590e-06
7.080475370457861573e-06
6.797707101213745773e-06
6.696475793432909995e-06
6.413494702428579330e-06
6.091373506933450699e-06
6.028479219821747392e-06
5.721441084460821003e-06
5.524112566490657628e-06
5.500840870809042826e-06
5.151841833139769733e-06
5.022919594921404496e-06
4.758579052577260882e-06
4.722718585981056094e-06
4.570576038531726226e-06
4.321839696785900742e-06
4.173327397438697517e-06
4.000836725026601925e-06
3.952801307605113834e-06
3.779421604122035205e-06
3.541430032782955095e-06
3.483012051219702698e-06
3.255295041526551358e-06
3.115559593425132334e-06
3.048972985197906382e-06
2.979720193252433091e-06
2.849433485607733019e-06
2.781600414891727269e-06
2.645549329827190377e-06
2.545055849623167887e-06
2.505408701836131513e-06
2.353174295421922579e-06
2.281834667883231305e-06
2.165862952097086236e-06
2.045726887445198372e-06
2.035395027633057907e-06
1.950302021214156412e-06
1.849563886935357004e-06
1.810667981771985069e-06
1.729273321871005464e-06
1.692552132226410322e-06
1.644552185098291375e-06
1.593416413925297093e-06
1.512213771093229298e-06
1.446616352041019127e-06
1.398722361045656726e-06
1.365266030006750952e-06
1.313747020503797103e-06
1.258645966117910575e-06
1.151166543422732502e-06
1.130100372392917052e-06
1.098398229260055814e-06
1.026719019137090072e-06
1.006653747026575729e-06
9.606686717233969830e-07
9.377590686199255288e-07
8.759478191677771974e-07
8.611875728092854843e-07
8.219298592848645058e-07
7.648131372661737259e-07
7.298223749785393011e-07
6.951700015633832663e-07
6.916532129253027961e-07
6.408425292647734750e-07
5.978239983051025774e-07
5.945324801359674893e-07
5.712122970180644188e-07
5.430355258795316331e-07
5.089764272270258516e-07
4.565736730910430197e-07
4.261111712366982829e-07
4.060942160322156269e-07
3.933863581551122479e-07
3.811632609540538397e-07
3.613606338603858603e-07
3.489321613869833527e-07
3.169950844039703952e-07
2.827250966674910160e-07
2.659668325577513315e-07
2.531395466576213948e-07
2.456003187489841366e-07
2.251996562563363113e-07
2.087686112872688682e-07
1.881034279449522728e-07
1.866483358980985940e-07
1.641144820041517960e-07
1.436002889931842219e-07
1.345079709835772519e-07
1.076996412052722008e-07
1.031503487070040137e-07
9.561067315644322662e-08
7.879315688796850736e-08
6.943035657513974002e-08
5.423581939112409600e-08
4.543051090877270326e-08
-3.646593782491436286e-08
-2.401191245837708266e-08
-1.868519738934537600e-08
1.760843915121768077e-08
1.631627810638747178e-08
1.414763861617984730e-08
-1.394757820349923350e-08
1.359430612524192838e-08
-1.257970616563852673e-08
1.160447826720201192e-08
1.067294963519316298e-08
-1.044508746161909585e-08
-9.706127457320690155e-09
8.840018494993273634e-09
-8.333897127954514872e-09
8.121125105731152871e-09
-7.370371868375968916e-09
7.360258180710843590e-09
6.508614536215873159e-09
-6.152404363746200033e-09
-5.814785986046899779e-09
5.705600880645533834e-09
-4.638559758518567833e-09
4.632079164679225869e-09
-4.538039721779796309e-09
-4.398075237332932375e-09
4.040534129501338612e-09
-3.824345284897390229e-09
3.620529209769074441e-09
-3.376504853491724134e-09
3.164293049806587987e-09
-2.799045661916466088e-09
2.462996473440171030e-09
-2.450051939106856480e-09
2.183406788702768608e-09
-1.929743476125622692e-09
1.467092447526852084e-09
-1.442596597733825092e-09
1.161753027112411019e-09
-6.003050834202383612e-10
5.581123341258376058e-10
3.449232913177446846e-11
