3.855899247749977523e-03 1.675767887777286289e-02
6.786670015131129712e-03 6.786670015131129712e-03
7.171541907562034232e-03 1.102295014727924100e-02
5.714617715478953822e-03 1.750156126216093067e-02
4.543155702161762871e-03 1.689272498423403934e-02
6.824062419421550972e-03 1.247780585166371331e-02
8.058917106389777707e-03 1.588283332138311355e-02
6.407365511433806698e-03 1.813210839414076264e-02
6.918702715303474970e-03 1.915781611443071603e-02
3.896577638749094876e-03 1.755548974154368114e-02
4.812138760427671011e-03 1.912824407400561325e-02
2.803616382332230206e-03 1.942266309025446683e-02
5.013569868005424320e-03 1.593572737035611753e-02
0.000000000000000000e+00 1.949961671010448302e-02
5.333289780764026086e-03 2.052039205217987689e-02
0.000000000000000000e+00 1.949961671010448302e-02
3.598561506782554410e-03 1.264824550107318535e-02
4.260530759476080336e-03 1.085260437072411294e-02
4.371893148790384487e-03 2.029763692418206505e-02
6.067386811038603597e-03 1.626750143592813058e-02
3.578864798883242288e-03 2.218480560986673192e-02
5.820021648671519152e-03 5.820021648671519152e-03
0.000000000000000000e+00 1.536489520675160189e-02
3.017339144031247825e-03 2.058959822908304482e-02
3.637634981264641857e-03 2.031941897044411971e-02
3.450144136764683820e-03 1.853372030523774139e-02
5.639913617919750828e-03 1.400581583954055992e-02
4.319844946560394069e-03 1.062023128783611339e-02
2.249690148650066151e-03 1.634519512735951863e-02
5.296049396602118924e-03 1.569896944454889434e-02
3.830715244561767700e-03 1.821960244722613254e-02
0.000000000000000000e+00 1.746492836817278155e-02
1.909813883816365802e-03 1.944041133071202840e-02
0.000000000000000000e+00 1.949961671010448302e-02
4.985292316659961816e-03 1.222677074973917838e-02
5.285361092273681456e-03 1.073207485911723685e-02
2.093447336752888611e-03 2.193821680180390102e-02
5.141643918043927765e-03 1.285800977730699318e-02
2.024790955366671894e-03 2.061949968515085219e-02
5.309379519365818936e-03 1.482055794692409972e-02
4.267161939768215721e-03 1.082746633665437885e-02
7.945853482112168881e-03 1.402688163476254954e-02
6.106868787747484970e-03 2.240219864676620126e-02
5.961613681719180394e-03 1.931111050765584730e-02
5.548941304233948740e-03 1.398942956799253262e-02
4.555585699952770240e-03 2.151065611621580040e-02
5.897239241818072811e-03 1.890590904718457421e-02
2.788447922704445723e-03 2.075458143407882261e-02
4.452000455019968113e-03 1.003134928485699406e-02
3.660878891770944638e-03 1.252395142143298591e-02
7.242160544456440092e-03 7.242160544456440092e-03
4.858916421562249101e-03 6.629172157978837493e-03
2.941419073846208900e-03 1.360221992725244022e-02
6.894139196169452727e-03 1.710448976405102434e-02
3.733530045945513982e-03 2.038397494303077762e-02
6.906431876117641311e-03 1.630713990792599655e-02
1.731207495225417330e-03 1.939832426856043929e-02
4.378355669906788469e-03 2.340071252502334137e-02
3.036022537075845368e-03 2.111228985512197606e-02
1.269502670848535186e-03 2.286855727420439646e-02
4.617233776544170214e-03 1.718480278430049163e-02
6.380833863259857512e-03 1.607692385714267966e-02
2.003735364584793323e-03 2.072720622292360815e-02
5.234293603912239766e-03 1.856813119064562936e-02
2.912438868833548992e-04 1.977478285613950074e-02
4.521320979194994732e-03 1.374252403350607193e-02
2.912438868833548992e-04 1.977478285613950074e-02
4.122241461058192939e-03 1.463503697241820903e-02
4.635568330911991018e-03 8.971791599367492931e-03
5.080793917740349108e-03 1.972870188524739402e-02
6.446958260062877512e-03 1.801022030927755188e-02
3.759942411946500733e-04 1.570685863051355172e-02
5.013569868005424320e-03 1.896006955221777451e-02
1.924561700383327920e-03 1.418073310555732942e-02
3.633746540836042382e-03 1.803714598844240180e-02
0.000000000000000000e+00 1.828312262845219541e-02
3.759942411946500733e-04 1.974122191574385204e-02
7.886921740519420385e-04 1.894568325648694415e-02
7.329477087513505381e-04 1.390916938365862818e-02
4.841427763422009346e-03 1.604683428218727989e-02
2.086683353524308553e-03 1.860485479438393416e-02
6.022953625174391583e-03 1.156473065503539274e-02
4.159794746856217140e-03 1.852688609676191728e-02
2.342054818565906128e-03 1.935862369722007523e-02
3.216893874675504517e-03 2.064589845773991128e-02
0.000000000000000000e+00 1.949961671010448302e-02
0.000000000000000000e+00 1.332600106675778731e-02
5.525964222911038115e-03 2.219521964555471946e-02
3.653147354330159215e-03 1.886773761614995645e-02
5.576895845408891012e-04 1.989052488457383402e-02
6.291587036291510339e-04 1.994577744666326674e-02
5.133388664255920247e-03 1.563624299560398279e-02
4.985292316659961816e-03 1.951864988103875140e-02
3.433714785610839440e-03 2.055432407648031395e-02
4.533810839948884848e-03 9.603051813999114242e-03
4.368658303250323380e-03 1.411846665830256836e-02
