1.170864729352203287e-01
3.304223337781759390e-02
1.395373692179593603e-02
6.685857091020982329e-03
5.402693257077564176e-03
3.320944532637272982e-03
2.783081159676470146e-03
2.190227291264024503e-03
1.524021735813199186e-03
1.297249756737204034e-03
1.064873662945717454e-03
7.643483034805197748e-04
6.042242692653884088e-04
5.542005755857407718e-04
4.846371866675050228e-04
4.161580800118943224e-04
3.608681467515609644e-04
3.082123527666195007e-04
2.673962251694803234e-04
2.462414849811467841e-04
2.326413716834049850e-04
2.251683786268770127e-04
2.106027154806162146e-04
1.930850880543311457e-04
1.808372861977902018e-04
1.746053005970405988e-04
1.619155135148251149e-04
1.463710204751963659e-04
1.395694334891572539e-04
1.340669274972202079e-04
1.301671233770306402e-04
1.261700429768538396e-04
1.223137383558478228e-04
1.135589726083838859e-04
1.048809223732146437e-04
1.033688084712766235e-04
9.747507529798586168e-05
9.371090824401945795e-05
8.900864460998049118e-05
8.207570466412905229e-05
8.112629938288643775e-05
7.609424781437158303e-05
7.422992841484426791e-05
7.213348170036600537e-05
6.999209326149390857e-05
6.663081796058983549e-05
6.504458424614841840e-05
6.353093744898268154e-05
5.981808436253426746e-05
5.877454900728659601e-05
5.813779165997055197e-05
5.404060504771367011e-05
5.268617626963239127e-05
5.199715192067097297e-05
4.976166710136381414e-05
4.844852804969687176e-05
4.749056018728782720e-05
4.598068458762952183e-05
4.390213903880186885e-05
4.273682743373553416e-05
4.057537615128774716e-05
3.999251880425805069e-05
3.790015186829334486e-05
3.731139942518056863e-05
3.612447249899051723e-05
3.396377459342320268e-05
3.350523100249870362e-05
3.233570223747701827e-05
3.161494354975908955e-05
3.070383926462714910e-05
3.004123822713965065e-05
2.860783453361133644e-05
2.805472813286354931e-05
2.757640881519645261e-05
2.735005050754926807e-05
2.637714082747638088e-05
2.483746951971618316e-05
2.424502638541536659e-05
2.329289614084394824e-05
2.255046084020274894e-05
2.219465109116967511e-05
2.098059797645477600e-05
2.069424229823221061e-05
1.974318481984098112e-05
1.937688639974357151e-05
1.919210672143492404e-05
1.888461454168951332e-05
1.844129846856563324e-05
1.741920052373700963e-05
1.667565258285651252e-05
1.650896098961854123e-05
1.638172564265177221e-05
1.530509910586496362e-05
1.484252221907513691e-05
1.465599442251317008e-05
1.405851341550345035e-05
1.368611770708915116e-05
1.329403393658955142e-05
1.310978053503021414e-05
1.294807260201854080e-05
1.257688087145931588e-05
1.193318669082684068e-05
1.162213280906612106e-05
1.123575997247429962e-05
1.103044710030763946e-05
1.090383266829805144e-05
1.038233247039903039e-05
1.019156921731176022e-05
9.906089406720143827e-06
9.752595687681895977e-06
9.568794479371661710e-06
9.320740101619138797e-06
8.871815594214357722e-06
8.827132274180680301e-06
8.626593498473834936e-06
8.397320563778849548e-06
8.330244824861860533e-06
7.866315175747610826e-06
7.726524073349739933e-06
7.458304743735882076e-06
7.334048472246175800e-06
7.222748361183169913e-06
7.073151171986873326e-06
6.926644178237928007e-06
6.713728817193247618e-06
6.484873939941541457e-06
6.469604609302259425e-06
6.212447916439867363e-06
6.059253992492856840e-06
5.931921089611319416e-06
5.903090202520140168e-06
5.732538770828605313e-06
5.604219012763628572e-06
5.514970915518052320e-06
5.437130844440954844e-06
5.311987213458465282e-06
5.210075612981367650e-06
5.112175467991690924e-06
4.917707725829122767e-06
4.845934107190583901e-06
4.733127929978508167e-06
4.592576303007859609e-06
4.406370191668501948e-06
4.324124852097057028e-06
4.260696361888864051e-06
4.232866863914324977e-06
4.195474348400069348e-06
4.120493806395195459e-06
3.919664819950607605e-06
3.869843273418990297e-06
3.708351499048968108e-06
3.668313647327664265e-06
3.522608021500325564e-06
3.496665806725955692e-06
3.430101292953066667e-06
3.354091180976926275e-06
3.259129274618827397e-06
3.181285608418433247e-06
3.124474673310198536e-06
3.062579898774325590e-06
3.019851283620947229e-06
2.907365467744667839e-06
2.876632715681218095e-06
2.829263060855347423e-06
2.751984708375297517e-06
2.697379932753550416e-06
2.670353870331581677e-06
2.576652173193412220e-06
2.543903803285508800e-06
2.507232818544422106e-06
2.411312033734486436e-06
2.342756457959503843e-06
2.308810483367137369e-06
2.245093531397180359e-06
2.172382908829110142e-06
2.140558453257004882e-06
2.131033413771071864e-06
2.045358633929857639e-06
2.003847763328856649e-06
1.924923831713367053e-06
1.868828321446805152e-06
1.846186511206139959e-06
1.825656375371399579e-06
1.793775173008070238e-06
1.732208725843086096e-06
1.691637641031478383e-06
1.662433456694575892e-06
1.647700148354087325e-06
1.621004165037097281e-06
1.596688230678469127e-06
1.503571713714801234e-06
1.472074042882912969e-06
1.451315186181498206e-06
1.400670531321848937e-06
1.353950766909839802e-06
1.321787481573627441e-06
1.296886836340397473e-06
1.276205964079054844e-06
1.197582561645973722e-06
1.168742927069908063e-06
1.136074143109521918e-06
1.129666870778648859e-06
1.089887123694774454e-06
1.058263361186890478e-06
1.034825299660326772e-06
1.007841486721699435e-06
9.942199477524426451e-07
9.534368078195522911e-07
9.382533173849108717e-07
9.121041215022504508e-07
8.998756199594224916e-07
8.827760800477581416e-07
8.661256161664620047e-07
8.436782777490137039e-07
8.216295925538914490e-07
7.890291578899144976e-07
7.527322717241828591e-07
7.361286892345212120e-07
7.262204739358002755e-07
7.031412491289229801e-07
6.813740098673405656e-07
6.626176584832040413e-07
6.349887230305688071e-07
6.084769058630356786e-07
5.995384946141744019e-07
5.774989573217233410e-07
5.640916926656078742e-07
5.441118242368661121e-07
5.224166781803255939e-07
5.147988877505700989e-07
5.106518969705655348e-07
4.812904327423122217e-07
4.597433831619352319e-07
4.524112546468575769e-07
4.132139262882774791e-07
4.075024426219962318e-07
4.003417302091252075e-07
3.820745094554810923e-07
3.628522288037190494e-07
3.490972628763233896e-07
3.480417283641175536e-07
3.374913022826275227e-07
3.142712932865816330e-07
3.067933692687500561e-07
3.043088136835486917e-07
2.796333330545362596e-07
2.743167323536335435e-07
2.603061748375394261e-07
2.480569970392550253e-07
2.279322994237507363e-07
2.248640364382141291e-07
2.101903409767255969e-07
2.014056628373136033e-07
1.901606627985013965e-07
1.806633871943714914e-07
1.614645063660586074e-07
1.562240681622199302e-07
1.540600801551316922e-07
1.402121484459027001e-07
1.353458368844026252e-07
1.294182914698790582e-07
1.200596517018075162e-07
1.144446763220291476e-07
1.119265473544364682e-07
1.005444776383412609e-07
9.488319978141712699e-08
8.831159225873126210e-08
8.329384320456731505e-08
8.117616616551151348e-08
7.546492941343957575e-08
6.425223366460637288e-08
5.915523399753149233e-08
5.119444095277186483e-08
4.630918524938168410e-08
3.997349374608364496e-08
3.398489430550372956e-08
3.043246456530420368e-08
2.287140919863630164e-08
1.535321631843324650e-08
3.335275077909676633e-09
1.986789920617342238e-09
1.771370961532340288e-09
1.009360360685468307e-09
7.319561792778275526e-10
4.204334437822516444e-10
