2.474529892206192017e-01
7.411848753690719604e-02
2.772395871579647064e-02
1.294010598212480545e-02
8.010474964976310730e-03
5.702163092792034149e-03
3.886934835463762283e-03
2.462958451360464096e-03
2.154340501874685287e-03
1.394303049892187119e-03
9.676236077211797237e-04
7.817526930011808872e-04
6.808709586039185524e-04
6.230722647160291672e-04
5.437947693280875683e-04
4.504234238993376493e-04
3.871714870911091566e-04
3.267766733188182116e-04
3.034331311937421560e-04
2.893649216275662184e-04
2.501308917999267578e-04
2.473973727319389582e-04
2.076031669275835156e-04
1.935665350174531341e-04
1.788750523701310158e-04
1.727873604977503419e-04
1.609581231605261564e-04
1.493248128099367023e-04
1.285485486732795835e-04
1.266188482986763120e-04
1.119550870498642325e-04
1.090119476430118084e-04
1.023825752781704068e-04
1.007991013466380537e-04
9.184081136481836438e-05
8.525851444574072957e-05
7.937664486235007644e-05
7.576853386126458645e-05
7.106801785994321108e-05
6.988819950493052602e-05
6.898307765368372202e-05
6.544385541928932071e-05
6.196128379087895155e-05
5.903511919314041734e-05
5.494648576132021844e-05
5.366637924453243613e-05
5.255694122752174735e-05
5.080133269075304270e-05
4.822418850380927324e-05
4.589738455251790583e-05
4.514151078183203936e-05
4.410728797665797174e-05
3.992749770986847579e-05
3.719699816429056227e-05
3.672007733257487416e-05
3.529194873408414423e-05
3.362764255143702030e-05
3.140870103379711509e-05
3.088599260081537068e-05
3.041841955564450473e-05
2.807650162139907479e-05
2.746625978033989668e-05
2.617859172460157424e-05
2.536551983212120831e-05
2.482041963958181441e-05
2.378134740865789354e-05
2.297949868079740554e-05
2.274632242915686220e-05
2.155274523829575628e-05
2.072159804811235517e-05
1.948516000993549824e-05
1.927181801875121891e-05
1.907174555526580662e-05
1.848891224653925747e-05
1.750256160448770970e-05
1.710999640636146069e-05
1.683427581156138331e-05
1.549200715089682490e-05
1.488192083343164995e-05
1.454160064895404503e-05
1.415654423908563331e-05
1.344466181762982160e-05
1.315437202720204368e-05
1.230078942171530798e-05
1.180687468149699271e-05
1.170752420875942335e-05
1.152708136942237616e-05
1.115632949222344905e-05
1.068136953108478338e-05
1.051243725669337437e-05
1.046266970661235973e-05
9.939573828887660056e-06
9.809041330299805850e-06
9.561363185639493167e-06
9.468549251323565841e-06
8.965611414168961346e-06
8.748181244300212711e-06
8.097887985059060156e-06
7.782818101986777037e-06
7.664174518140498549e-06
7.295324849110329524e-06
7.212757282104576007e-06
6.756988568668020889e-06
6.521896921185543761e-06
6.261207545321667567e-06
6.206551915965974331e-06
6.203305019880644977e-06
5.980336027278099209e-06
5.833325303683523089e-06
5.601571047009201720e-06
5.596615210379241034e-06
5.280547611619113013e-06
5.167507424630457535e-06
5.065059212938649580e-06
5.018951924284920096e-06
4.872125828114803880e-06
4.810854989045765251e-06
4.573893420456442982e-06
4.549108325591078028e-06
4.385574357002042234e-06
4.231122147757560015e-06
4.167245606367941946e-06
4.042569344164803624e-06
3.924544671463081613e-06
3.806612085099914111e-06
3.684056309793959372e-06
3.549359462340362370e-06
3.444954018050339073e-06
3.351558461872627959e-06
3.280606051703216508e-06
3.237693363189464435e-06
3.230627271477715112e-06
3.092761062362114899e-06
3.053592990909237415e-06
3.031995220226235688e-06
2.966630745504517108e-06
2.796833314278046601e-06
2.779185251711169258e-06
2.751126203293097205e-06
2.565676140875439160e-06
2.555043010943336412e-06
2.541478579587419517e-06
2.401348638159106486e-06
2.367627985222497955e-06
2.320939302080660127e-06
2.284543370478786528e-06
2.198865104219294153e-06
2.140821834473172203e-06
2.077859107885160483e-06
2.045527935479185544e-06
1.972376367120887153e-06
1.970030098163988441e-06
1.945184067153604701e-06
1.883728941720619332e-06
1.837878471633302979e-06
1.737339630381029565e-06
1.698570372354879510e-06
1.643495124881155789e-06
1.620535385882249102e-06
1.606209934834623709e-06
1.560550799695192836e-06
1.501293127148528583e-06
1.494418143010989297e-06
1.475256226513010915e-06
1.434676846656657290e-06
1.406811179549549706e-06
1.374584485347440932e-06
1.342951236438238993e-06
1.294098296966694761e-06
1.231110104527033400e-06
1.211830749525688589e-06
1.188391820505785290e-06
1.147495254372188356e-06
1.135152388087590225e-06
1.123827587434789166e-06
1.100036683965299744e-06
1.071071665137424134e-06
1.034268507282831706e-06
1.011560812003153842e-06
9.990823173211538233e-07
9.588898137735668570e-07
9.505288858235871885e-07
9.314612725574988872e-07
8.954690429163747467e-07
8.685819352649559733e-07
8.449448500869038980e-07
8.408144935856398661e-07
8.068794841165072285e-07
7.929610319479252212e-07
7.748760708636837080e-07
7.602318419230869040e-07
7.366257364083139692e-07
7.276654514498659410e-07
6.932481255716993473e-07
6.864730153210985009e-07
6.703357939841225743e-07
6.564989689650246873e-07
6.535898933179851156e-07
6.251190711736853700e-07
6.001746442052535713e-07
5.939597826909448486e-07
5.810164225295011420e-07
5.688250439561670646e-07
5.564622824749676511e-07
5.545414865082420874e-07
5.309281050358549692e-07
5.208565880820970051e-07
4.984520955986226909e-07
4.886736633125110529e-07
4.640291990654077381e-07
4.497374845868762350e-07
4.381158760224934667e-07
4.159042248375044437e-07
4.075499759892409202e-07
3.852248653402057244e-07
3.838593158889125334e-07
3.827724128768750234e-07
3.670619150852871826e-07
3.519667473028675886e-07
3.464811584308336023e-07
3.336886607030464802e-07
3.219136885945772519e-07
3.172047797761479160e-07
3.092639246915496187e-07
3.042217997517582262e-07
2.927911566530383425e-07
2.797309264224168146e-07
2.727206549479888054e-07
2.665602494289487367e-07
2.574506652308627963e-07
2.486449375282973051e-07
2.417587552372424398e-07
2.249570201229289523e-07
2.238232497120407061e-07
2.170661446143640205e-07
2.039110853502279497e-07
2.025319929543911712e-07
1.874372799193224637e-07
1.850715136697544949e-07
1.801065678819213645e-07
1.695469364904056420e-07
1.647893697054314543e-07
1.585968050221708836e-07
1.534885711862443713e-07
1.521190853281950695e-07
1.426626852207846241e-07
1.345489408777211793e-07
1.328386645127466181e-07
1.274914183113651234e-07
1.196452359408795019e-07
1.126167887832707493e-07
1.098646222885690804e-07
1.043365074337998522e-07
9.527316535695717903e-08
8.775723614462549449e-08
8.477659463324016542e-08
8.349105939942091936e-08
7.631260245943849441e-08
7.301023430272834958e-08
6.912978278705850244e-08
6.656472351096454076e-08
6.323964640841950313e-08
5.938282043871367932e-08
5.545712156163062900e-08
5.156594085065080435e-08
4.660875774220585299e-08
4.463224456685566111e-08
4.350383520090872480e-08
4.040036927221990481e-08
3.899837608400957834e-08
3.734634645979895140e-08
3.534458770104720315e-08
3.033192896850778197e-08
2.448058289417076594e-08
2.348484606784495554e-08
2.129459097943708912e-08
1.761720902493379981e-08
1.494460022399834997e-08
1.444097907921104706e-08
1.139019811802199911e-08
8.249190663889294228e-09
6.995101831108740953e-09
5.703932437484127149e-09
4.851845591957726356e-09
4.522120899963510965e-09
