1.580447322454039683e-01
2.680934176366508992e-02
2.184447480302024319e-02
1.137829989252303955e-02
7.168116570058397606e-03
4.386962503303250098e-03
4.224159817234566378e-03
3.180456215229743224e-03
2.988876398905740590e-03
1.935445253294631194e-03
1.678399115953442284e-03
1.542811042724353838e-03
1.352778555643900258e-03
1.166602607596059276e-03
9.874657333635934644e-04
7.407213701475270614e-04
6.922749276122716015e-04
6.759026286460139690e-04
5.792324989906742468e-04
5.333563651782951762e-04
4.579848609680468407e-04
4.366240347377160530e-04
4.009458365355231886e-04
3.495915845391431710e-04
3.371719926279731863e-04
3.045440416769986205e-04
2.958250651281751453e-04
2.865971231116839135e-04
2.561698467652777887e-04
2.479542140474812824e-04
2.292411661830233525e-04
2.174218298961265146e-04
1.915849767199862897e-04
1.822239633197609762e-04
1.713353975127686313e-04
1.664666340261355905e-04
1.527270562398680854e-04
1.439158919621348425e-04
1.419419032158840313e-04
1.259896367901336607e-04
1.245025496172863023e-04
1.198753712025904213e-04
1.191746404209314088e-04
1.128341342054803173e-04
1.115728016927493581e-04
1.031636212894172805e-04
9.753492721393068057e-05
9.236288670924560100e-05
8.527960227561980609e-05
8.336217302721480845e-05
8.050371686607478677e-05
7.947323606227640522e-05
7.545028259337428333e-05
7.043937618804269280e-05
6.953921649503022227e-05
6.601160612560064047e-05
6.327975572045714840e-05
6.184858817079281297e-05
5.909517939424016098e-05
5.785281621216507001e-05
5.692490520533135205e-05
5.537397661344065043e-05
5.325113354124518932e-05
5.171351188211760984e-05
5.134320464318290573e-05
4.845750839795080685e-05
4.728501634819285842e-05
4.707336570478747202e-05
4.569285414474019556e-05
4.431421948101686682e-05
4.393952781273708692e-05
4.086421149084540577e-05
4.032452902037194460e-05
3.892439672334321822e-05
3.689224414275679768e-05
3.586087642972002283e-05
3.526120685559319456e-05
3.397667514097931781e-05
3.296968362822413418e-05
3.235701844945048587e-05
3.164231797565805813e-05
3.116112143954755435e-05
3.053985407295513370e-05
2.987761491616557920e-05
2.897756761415893961e-05
2.855192158625757882e-05
2.715043993130884963e-05
2.591712070369055530e-05
2.563248586190566803e-05
2.513795563304852061e-05
2.425441316111831273e-05
2.384207791837107552e-05
2.358616798911505105e-05
2.182854212579926761e-05
2.146104091047986150e-05
2.106719891329199962e-05
1.991440685564111612e-05
1.967452193049113086e-05
1.936394555502954576e-05
1.825770540698830961e-05
1.808832240344596131e-05
1.756989656604639427e-05
1.710635647094342285e-05
1.658483521862036235e-05
1.633053050562181766e-05
1.592526386303334568e-05
1.528843086106751028e-05
1.516692834181419835e-05
1.477103150666672277e-05
1.431681675514803657e-05
1.354024160535580256e-05
1.327537309940292417e-05
1.271946342833325648e-05
1.268194268288014696e-05
1.209247705208850312e-05
1.188320557437663838e-05
1.153602392912162127e-05
1.135052988337539408e-05
1.119702402684429049e-05
1.064792854340336221e-05
1.034487393133490860e-05
1.014336007700805197e-05
1.010251354224242130e-05
9.767330799099153762e-06
9.352450354249324928e-06
9.233073813604066138e-06
9.058111204241387580e-06
8.756589931914200275e-06
8.697995265758943706e-06
8.444165276705850565e-06
8.392775532519658208e-06
8.231720967628271266e-06
8.018899832448301318e-06
7.885580343139983941e-06
7.685833225079983515e-06
7.388154828584479716e-06
7.172072738933626302e-06
7.103879839259344654e-06
6.977720826290267254e-06
6.815155842469159796e-06
6.644393866004750005e-06
6.556166038826750589e-06
6.244632066855307993e-06
6.082922445212230695e-06
5.968986268385240428e-06
5.790752001925157709e-06
5.660258926120344871e-06
5.550898330725566046e-06
5.446738111935751765e-06
5.344747904475096511e-06
5.154158738719148507e-06
4.995756428974254339e-06
4.874408199287594859e-06
4.792019397157885229e-06
4.694123386480856795e-06
4.625660223337793190e-06
4.525878537684633556e-06
4.448084126055290117e-06
4.385828938656849643e-06
4.264974322230652639e-06
4.187691762571154447e-06
4.081839568391269078e-06
3.925592677250639337e-06
3.874290641313308747e-06
3.824910252106597327e-06
3.632696225265328976e-06
3.585614708319521172e-06
3.513690424650754994e-06
3.346679220227824841e-06
3.286209867056242866e-06
3.213680148465801863e-06
3.204050799573067645e-06
3.139515648528890106e-06
3.081963496534529062e-06
2.988330900462684238e-06
2.967507074701915453e-06
2.852463215013548162e-06
2.843456255188545080e-06
2.796174799270532339e-06
2.707297408587829666e-06
2.653947055447761762e-06
2.596765635475438137e-06
2.531672118592180762e-06
2.509070387072696267e-06
2.401877856169822869e-06
2.314088742912359550e-06
2.260749780088087152e-06
2.223474691319923670e-06
2.206057553189209386e-06
2.151269644265462295e-06
2.106794912778651195e-06
2.066999030108593801e-06
2.015536753670871940e-06
1.943752737354214673e-06
1.869220427426472743e-06
1.813745926340047349e-06
1.789756347542982785e-06
1.730673585105751858e-06
1.712215814127096524e-06
1.692514302745780000e-06
1.671746448441904663e-06
1.648316021846648551e-06
1.601136701232967571e-06
1.546681840855206108e-06
1.505566442803434532e-06
1.489893553935495937e-06
1.434100715673066895e-06
1.414855077350755272e-06
1.395053939653871408e-06
1.355747247156943948e-06
1.299684304560889598e-06
1.263514005165767245e-06
1.205763470245058920e-06
1.189064690458217085e-06
1.148107977750818576e-06
1.142808094196906806e-06
1.098623636918944914e-06
1.081719350130965322e-06
1.041433683193212445e-06
1.021238101068203620e-06
9.840609849261773315e-07
9.516019428528134986e-07
9.411166508680697749e-07
9.041784718952779319e-07
8.633233975780621000e-07
8.245661767347211726e-07
8.031420180418953533e-07
7.875923823939388096e-07
7.746963901875607316e-07
7.235418292836373963e-07
7.063866855701584238e-07
6.886932268985618367e-07
6.752124181472591716e-07
6.722680305499125015e-07
6.286561260471698835e-07
6.161843718816487251e-07
6.083800742485867026e-07
5.917904371617749592e-07
5.692610522365902331e-07
5.475004197249402255e-07
5.352489346494570359e-07
5.030175172522071369e-07
4.900271651196814549e-07
4.749799970812654770e-07
4.575212347337094279e-07
4.370822053233927307e-07
4.155786038143265511e-07
4.080228047493338681e-07
3.947848055220464216e-07
3.728695463635396296e-07
3.614894019995693277e-07
3.480301769998277682e-07
3.274740113070786643e-07
3.187006847115487647e-07
3.103537114977036804e-07
2.917240340788417637e-07
2.840608000195434398e-07
2.589087239578735150e-07
2.522977996196037134e-07
2.277163458446598850e-07
2.185761774713824823e-07
2.148396179221136536e-07
2.042437351985031015e-07
2.017354510318293220e-07
1.904576946918310463e-07
1.776683803236958926e-07
1.640771011653894992e-07
1.583419842400704959e-07
1.517452162213600990e-07
1.315200265160063478e-07
1.294416086393124200e-07
1.188397311310274482e-07
1.101600636368099762e-07
9.802638224548117586e-08
9.259389327378002487e-08
8.488576158448251523e-08
8.250744928641930720e-08
8.208697582311069973e-08
7.023095909936080170e-08
6.962656783798198628e-08
5.531881254054265831e-08
4.840189190828383914e-08
4.480389163892058877e-08
4.236350136232284085e-08
3.567420664993496330e-08
3.479604112551764928e-08
3.175742467608365330e-08
2.717249120395517846e-08
1.941427147905021817e-08
1.803201968474823237e-08
1.467301332631527487e-08
2.029491195174802120e-09
1.940151814369393571e-09
1.413809151116557176e-09
4.236163185763759747e-10
3.425616313567265720e-10
2.523798355214656185e-10
