3.057092428207397461e-01
5.619942024350166321e-02
3.723171353340148926e-02
1.985462754964828491e-02
9.631468914449214935e-03
7.491334807127714157e-03
4.870575387030839920e-03
4.134920891374349594e-03
3.729555755853652954e-03
2.970889443531632423e-03
2.630633069202303886e-03
1.568790175952017307e-03
1.465304754674434662e-03
1.125341281294822693e-03
1.050489721819758415e-03
8.589863427914679050e-04
7.838447345420718193e-04
7.230929913930594921e-04
5.942747229710221291e-04
5.410271114669740200e-04
5.071572959423065186e-04
4.976113559678196907e-04
4.526829870883375406e-04
3.997019375674426556e-04
3.402495058253407478e-04
3.241005761083215475e-04
2.971078210975974798e-04
2.607577771414071321e-04
2.394030452705919743e-04
2.348527050344273448e-04
2.198757574660703540e-04
2.013168268604204059e-04
1.925660035340115428e-04
1.860049087554216385e-04
1.692788209766149521e-04
1.543331454740837216e-04
1.407469680998474360e-04
1.345166529063135386e-04
1.288715720875188708e-04
1.212612769450061023e-04
1.137501094490289688e-04
1.092790480470284820e-04
1.043301090248860419e-04
1.014144290820695460e-04
8.994872769108042121e-05
8.559357956983149052e-05
8.033754420466721058e-05
7.571483001811429858e-05
7.352847751462832093e-05
6.760289397789165378e-05
6.628198752878233790e-05
6.394414958776906133e-05
6.179306365083903074e-05
5.913178756600245833e-05
5.455286736832931638e-05
5.315761882229708135e-05
4.818778324988670647e-05
4.620401159627363086e-05
4.589753370964899659e-05
4.317998900660313666e-05
4.115714182262308896e-05
4.069670831086114049e-05
3.657173147075809538e-05
3.577919778763316572e-05
3.449233190622180700e-05
3.348030804772861302e-05
3.165570160490460694e-05
3.143571302643977106e-05
3.016964365087915212e-05
2.946880522358696908e-05
2.854049307643435895e-05
2.749100167420692742e-05
2.650491478561889380e-05
2.641962782945483923e-05
2.486502125975675881e-05
2.439093077555298805e-05
2.379007673880551010e-05
2.324813431187067181e-05
2.246248004666995257e-05
2.087218672386370599e-05
1.958266329893376678e-05
1.905787939904257655e-05
1.892551335913594812e-05
1.847175917646382004e-05
1.805767351470422000e-05
1.741395681165158749e-05
1.678129774518311024e-05
1.638752655708231032e-05
1.575297392264474183e-05
1.528424763819202781e-05
1.488153884565690532e-05
1.452517790312413126e-05
1.398229687765706331e-05
1.383168091706465930e-05
1.324938875768566504e-05
1.262330806639511138e-05
1.224810330313630402e-05
1.181490097224013880e-05
1.124556547438260168e-05
1.107682783185737208e-05
1.078437162504997104e-05
1.037546098814345896e-05
1.013772453006822616e-05
9.816906640480738133e-06
9.509871233603917062e-06
9.330165994470007718e-06
8.894345228327438235e-06
8.845920092426240444e-06
8.582934242440387607e-06
8.329693628184031695e-06
8.092544703686144203e-06
7.889431799412705004e-06
7.596104751428356394e-06
7.469166121154557914e-06
7.111601462383987382e-06
6.920284704392543063e-06
6.899697837070561945e-06
6.543667041114531457e-06
6.372451025526970625e-06
6.016570750944083557e-06
5.923854132561245933e-06
5.787558166048256680e-06
5.577327101491391659e-06
5.466217771754600108e-06
5.329054147296119481e-06
5.201353360462235287e-06
5.119303295941790566e-06
5.057395810581510887e-06
4.864222319156397134e-06
4.701245870819548145e-06
4.638437076209811494e-06
4.557611191557953134e-06
4.385298780107405037e-06
4.196474492346169427e-06
4.125290615775156766e-06
4.052746135130291805e-06
4.034588982904097065e-06
3.860601736960234120e-06
3.683798695419682190e-06
3.601712251111166552e-06
3.587840183172374964e-06
3.469193643468315713e-06
3.310100282760686241e-06
3.273412175985868089e-06
3.188259597664000466e-06
3.090662175964098424e-06
3.001608092745300382e-06
2.892705651902360842e-06
2.861614575522253290e-06
2.822763690346619114e-06
2.733972905843984336e-06
2.685977051442023367e-06
2.620125087560154498e-06
2.542746187828015536e-06
2.463719738443614915e-06
2.365980435570236295e-06
2.312850710950442590e-06
2.287105644427356310e-06
2.270730419695610180e-06
2.231440930700046010e-06
2.191577777921338566e-06
2.118244992743711919e-06
2.076987129839835688e-06
2.006528802667162381e-06
2.002421524593955837e-06
1.992423221963690594e-06
1.815511382119439077e-06
1.785901872608519625e-06
1.777079319253971335e-06
1.697481366136344150e-06
1.678945523053698707e-06
1.613816948520252481e-06
1.576927047608478460e-06
1.551875811856007203e-06
1.531422071820998099e-06
1.471061864322109614e-06
1.422321133759396616e-06
1.384973643325793091e-06
1.369251094729406759e-06
1.331910766566579696e-06
1.293693344450730365e-06
1.258615839105914347e-06
1.225228970724856481e-06
1.184361508421716280e-06
1.169430788650061004e-06
1.156548250946798362e-06
1.143821123150701169e-06
1.115928398576215841e-06
1.070525740942684934e-06
1.059773126144136768e-06
1.027823486765555572e-06
9.971880672310362570e-07
9.633756690163863823e-07
9.391620778842479922e-07
9.131369438364345115e-07
9.002708338812226430e-07
8.763419145907391794e-07
8.485332614327489864e-07
8.344026696249784436e-07
8.136664177982311230e-07
7.973502533786813729e-07
7.892078315308026504e-07
7.696316401961666998e-07
7.559794994449475780e-07
7.357039635280671064e-07
7.151774639169161674e-07
6.830363190601929091e-07
6.823212856943428051e-07
6.653892796748550609e-07
6.280493494159600232e-07
6.084425763219769578e-07
5.969959033791383263e-07
5.864778245268098544e-07
5.782528091913263779e-07
5.568789447352173738e-07
5.524040602722379845e-07
5.398376856646791566e-07
5.260524176264880225e-07
5.183394478081027046e-07
4.890736704510345589e-07
4.731054730200412450e-07
4.646919364859058987e-07
4.454267070741479984e-07
4.364448784599517239e-07
4.250714482623152435e-07
4.189938636045553721e-07
4.073162926943041384e-07
3.851436360946536297e-07
3.738864222668780712e-07
3.607204348554660100e-07
3.478134260603837902e-07
3.320367341075325385e-07
3.302902769064530730e-07
3.201050446932640625e-07
3.165478688060829882e-07
3.000155857080244459e-07
2.871294952910830034e-07
2.725552121773944236e-07
2.683571551642671693e-07
2.614122820432385197e-07
2.530908602693671128e-07
2.441177571199659724e-07
2.402321968020260101e-07
2.176379751972490340e-07
2.166456170016317628e-07
2.119638793374178931e-07
2.019281311049780925e-07
1.971502285869064508e-07
1.894822929671136080e-07
1.823425037628112477e-07
1.792962365243511158e-07
1.710243537900169031e-07
1.605410204774671001e-07
1.530432598428888014e-07
1.494347543484764174e-07
1.462221632664295612e-07
1.393316466646865592e-07
1.323310385714648874e-07
1.242456164618488401e-07
1.147497883380310668e-07
1.106066207512412802e-07
1.092986465778267302e-07
1.027778466777817812e-07
9.578505455465347040e-08
9.429593461618424044e-08
8.794883399332320550e-08
8.107238613774825353e-08
7.490455544711949187e-08
7.392813472506531980e-08
6.879658087655116105e-08
6.717098699482448865e-08
6.325599599676934304e-08
6.029080878988679615e-08
5.269225056281356956e-08
5.166990391103354341e-08
4.583039725503113004e-08
4.372136075403432187e-08
4.063480574245659227e-08
3.862037445401256264e-08
3.436541717860563949e-08
3.168251083707218640e-08
2.541334076511247986e-08
2.338309279537043039e-08
2.130883913764591853e-08
2.066076376650016755e-08
1.892628453958877799e-08
1.734271393161179731e-08
1.636439961316682457e-08
1.268379001828634500e-08
1.038555019761133735e-08
9.363394504191546730e-09
8.612184743128636910e-09
6.716549094676338427e-09
5.246863832297776753e-09
4.334527403671017964e-09
3.548021876298435018e-09
2.205372773289582256e-09
