3.814118917145033118e-03 1.726394612236064122e-02
5.362105008755343495e-03 1.465215344531247896e-02
6.636910784035584925e-03 1.496652367678589363e-02
3.624475273525535387e-03 2.045202634417435730e-02
4.746352100726181425e-03 1.651768755352490958e-02
4.787692813703402911e-03 1.916423309021416180e-02
8.008059482700105244e-03 1.620875843400282346e-02
6.774786062389778762e-03 1.685851247248940782e-02
6.754723723875066463e-03 1.965291279049752315e-02
3.249469185628319195e-03 1.810661576254606053e-02
5.780536980429391500e-03 1.732752674287962175e-02
3.282108844298217004e-03 2.062103858600216125e-02
4.819477698290151359e-03 1.636918110061077666e-02
5.562173687868939443e-04 1.999712900590053938e-02
5.132452231126091377e-03 2.082255149236856423e-02
4.753941292808285782e-04 1.993214438532878510e-02
2.647116953602999655e-03 1.386342526203620563e-02
4.087837333821262714e-03 1.144367063524978981e-02
4.519882432466901939e-03 2.013737779282868262e-02
6.162636227355650781e-03 1.593171088184184084e-02
3.380018838480848380e-03 2.225872630985972767e-02
5.167671197793181556e-03 1.603719518644548120e-02
4.281252116209120491e-04 1.867417206931721446e-02
2.804019751355587165e-03 2.063545467629435831e-02
2.318150102489371749e-03 2.197750226282589592e-02
3.239229121832006442e-03 1.866451342721945489e-02
3.464170251253255537e-03 1.817306739869226778e-02
4.340543703170975966e-03 1.053492123272427826e-02
2.346818590546530161e-03 1.632481587733855544e-02
4.931777593888225092e-03 1.658296556413300232e-02
3.725152389647705831e-03 1.831740095642224800e-02
7.351048014798115425e-04 1.808534505976902226e-02
1.971873828492841461e-03 1.945162912980153216e-02
1.723760351003515170e-04 1.955889429582766820e-02
4.566898552440660716e-03 1.362062168283702593e-02
6.069483471866388494e-03 1.367815163683329914e-02
1.463521058584525865e-03 2.055300766847947130e-02
5.683112843658886387e-03 1.444781567338268395e-02
1.997375405574445140e-03 2.061398041675503029e-02
5.151368101961020275e-03 1.528428472150129142e-02
4.144473167183278586e-03 1.126228089515957098e-02
7.295063483841684668e-03 1.419376318650809529e-02
5.945704302523786844e-03 2.267563567773969030e-02
5.399675277221412974e-03 2.041244592014251902e-02
5.290975144231287348e-03 1.487763595768010899e-02
4.501830409973350475e-03 2.156266337286986967e-02
5.506743419551657012e-03 1.783514804291299466e-02
2.936223746139486092e-03 2.072754343391278870e-02
4.237940493374222489e-03 1.093674663536556985e-02
3.798695702497738302e-03 1.222233567839629831e-02
7.231416217818533235e-03 7.231416217818533235e-03
4.858334480555125817e-03 6.640352842959584487e-03
3.121386344639920200e-03 1.339710715706029023e-02
6.779166784517376074e-03 1.754333097094743291e-02
3.570124223441767733e-03 1.906507065105500498e-02
6.794164959452800301e-03 1.678108535479514579e-02
1.301027006713641751e-03 1.923884590661755628e-02
4.926270751240119546e-03 2.293125979718463672e-02
2.354216414777970338e-03 2.116663009049672695e-02
1.505367500645351641e-03 2.299217906746909082e-02
4.274543576191965240e-03 1.770805159766631123e-02
6.467319546156539284e-03 1.627800805419339983e-02
1.134231983169677700e-03 1.915551653092031903e-02
4.580869172704306151e-03 1.656843314330870565e-02
1.138362539129756431e-03 1.915772254974302743e-02
4.401767006501968241e-03 1.404091379872382875e-02
8.047506555289457054e-04 1.895653437624065032e-02
4.572188917709257144e-03 1.360616084092388517e-02
4.297105913113961895e-03 1.071136238844636046e-02
4.762409019291843730e-03 2.018051332307668755e-02
6.873191183908711893e-03 1.645222147415246333e-02
2.534323910770901623e-03 1.946991437844193193e-02
4.809993678361363864e-03 1.638887365176187189e-02
1.383423791236638870e-03 1.843869021490454965e-02
3.524291720496352826e-03 1.812727425050594116e-02
2.677121243516525383e-04 1.853634649376117646e-02
8.094100261220897249e-04 2.007637011481026509e-02
1.245080390215503761e-03 1.921221393038077818e-02
1.776508133373791822e-03 1.419675829406044816e-02
4.952916066618551737e-03 1.579231784987507672e-02
2.491568330830919512e-03 1.858980329833679473e-02
6.098297414475608268e-03 1.099351600819625102e-02
4.354623692679724517e-03 1.828860935521064990e-02
2.381441977062083784e-03 1.892122720464343988e-02
2.017936957818558530e-03 1.945880456999960276e-02
3.860236027238860327e-04 1.985738664893626354e-02
5.059295575504038362e-05 1.337588436270469548e-02
5.621333965071597348e-03 2.205327453454576300e-02
3.641325153581920996e-03 1.887684168330393264e-02
5.602945021105126995e-04 1.989257325918697764e-02
1.497665819494958242e-03 2.045770254587053402e-02
5.245220737412290175e-03 1.533153663586000678e-02
4.927303753039945569e-03 1.960605822933543518e-02
2.179534545623581371e-03 2.075732619230395704e-02
3.665741387619395053e-03 1.251395109437789324e-02
2.660966259490417721e-03 1.621677975119407977e-02
4.882542561978266138e-03 1.623483801845383018e-02
4.572157997694799476e-03 1.945810364708004669e-02
4.982540855696319070e-03 1.709269460425111298e-02
7.906435655868898973e-03 7.906435655868898973e-03
