1.305890587756319832e+01
9.547433388934274845e+00
2.968872320048606017e+00
1.649162739616379936e+00
9.007751230007648990e-01
5.723601419983469496e-01
3.204964531306413456e-01
1.955810083562248558e-01
1.629568871497446003e-01
1.054250043219201599e-01
8.964064204341015696e-02
7.796424301230896192e-02
5.212457056819737311e-02
4.971056377451286284e-02
4.186646947471623498e-02
3.723540869220884342e-02
3.015731249865616706e-02
2.635618909235497645e-02
2.173394249587942001e-02
1.994389383716780109e-02
1.607130417248268592e-02
1.465264152585552503e-02
1.272058878616490370e-02
1.161958726665299896e-02
1.086427050819465702e-02
7.959577210803198480e-03
6.953110730623962565e-03
5.627025334925579367e-03
4.837308551134245245e-03
4.036308985547126284e-03
3.758653710428899557e-03
3.530125237369963372e-03
3.240095629689960458e-03
2.866249433836456743e-03
2.469911901388409641e-03
2.264437906948540361e-03
2.177573187382062479e-03
1.986993835177099620e-03
1.873558052939185148e-03
1.709445805918855714e-03
1.670728719611078422e-03
1.514125982365666307e-03
1.385890073270228074e-03
1.359946626174096847e-03
1.324508365534993399e-03
1.163353419346594992e-03
1.086839297703507930e-03
1.043761035567757327e-03
1.011558601782555069e-03
8.830624533362141588e-04
8.648302789250854198e-04
8.211945801838585555e-04
7.591245360392368880e-04
7.546429089026153100e-04
7.277610822213407930e-04
6.557530070640339498e-04
6.287598907890903878e-04
6.243747998109190145e-04
6.035931689015277797e-04
5.966894974896695420e-04
5.452195002635018464e-04
5.070539063604294567e-04
4.773909983387445268e-04
4.575244645053707510e-04
4.501116322054431618e-04
4.160130942012428513e-04
4.014951137923334430e-04
3.897530609837013857e-04
3.531690376981658978e-04
3.382284165805000097e-04
3.080382141894940024e-04
2.983139593465900983e-04
2.960533352103322086e-04
2.894634600193347483e-04
2.832985911940486554e-04
2.693725347003359644e-04
2.602126051750821472e-04
2.360969515109519635e-04
2.342487964418630056e-04
2.217818700639881380e-04
2.113601014339665143e-04
2.083036477571516699e-04
1.987273319623986199e-04
1.844998429428887181e-04
1.806312120599574565e-04
1.794280006311345258e-04
1.696271110344427019e-04
1.515373494150990506e-04
1.506241627433907578e-04
1.448770885845976537e-04
1.441309897647378784e-04
1.369012632259055458e-04
1.350520794030209766e-04
1.311696381031871690e-04
1.298770999101902320e-04
1.273878203111983277e-04
1.212146962347056798e-04
1.165211970763778724e-04
1.135700825141248039e-04
1.073919744967182806e-04
1.038300727574114105e-04
1.020402181823313654e-04
9.799551205127833109e-05
9.608043493837780920e-05
9.224369882190591849e-05
8.845937935937663640e-05
8.817175757414522769e-05
8.176392670601812570e-05
8.095760186070719130e-05
7.886899270742948789e-05
7.801579581247816263e-05
7.440634183430485922e-05
7.330013255129855688e-05
6.975563376043162483e-05
6.812487177003105523e-05
6.731291691386400366e-05
6.432589859809650457e-05
6.391530126139088842e-05
6.166224272069932707e-05
5.994817711115003520e-05
5.720124991530443079e-05
5.544632507021150265e-05
5.412075966207359939e-05
5.367727881949408504e-05
5.233154164975261513e-05
5.167146689232806310e-05
5.017234947078186898e-05
4.953823209721656701e-05
4.761548974454237566e-05
4.707431605663225829e-05
4.627234763304242222e-05
4.519526847312094892e-05
4.338199925564958302e-05
4.256108754392441538e-05
4.118461935463323088e-05
4.027578980791380269e-05
3.896887923317113631e-05
3.866904905245694622e-05
3.751342955158404530e-05
3.725392618624261305e-05
3.677417483250879191e-05
3.557072834778483470e-05
3.467282401929571898e-05
3.316051711317163355e-05
3.282696107483115547e-05
3.217089558253238818e-05
3.057444202290830228e-05
3.032079618038282712e-05
2.982811642339709655e-05
2.898549548452228884e-05
2.871154935585689991e-05
2.820503121466431872e-05
2.746795160777437759e-05
2.725947359743611387e-05
2.654280374150365439e-05
2.554144892451960640e-05
2.474423532024051626e-05
2.454721541762750966e-05
2.419370019668959026e-05
2.404587612694335122e-05
2.302540937563178963e-05
2.259530950616313671e-05
2.249793883709823078e-05
2.163929876870282246e-05
2.115090978373886666e-05
2.031820516252063686e-05
1.999633061556404270e-05
1.970122954082695186e-05
1.917846903103015549e-05
1.906386968407814414e-05
1.868451637726776745e-05
1.792692415595355316e-05
1.762764770955920073e-05
1.718832691904545958e-05
1.649257866548788280e-05
1.625686717852129742e-05
1.598581098827776069e-05
1.559326348639698842e-05
1.530567563775263058e-05
1.510224578546888904e-05
1.459195415866978214e-05
1.419390550956461282e-05
1.387114739234696590e-05
1.364423096820015754e-05
1.327542738537861749e-05
1.293707003906650949e-05
1.253689727182378119e-05
1.231395464134556855e-05
1.223676657564150027e-05
1.206342209649228971e-05
1.205602909900667637e-05
1.124375401151675613e-05
1.113204236283377734e-05
1.098617997914265079e-05
1.073258106187917633e-05
1.026223002677322085e-05
1.023043377860788743e-05
9.941786414009516729e-06
9.636867704394856012e-06
9.551727134891751126e-06
9.413028941199696673e-06
9.265996245720405466e-06
8.891114084769305965e-06
8.738925143018845350e-06
8.384879665384393081e-06
8.266807453119047965e-06
8.029150164300399587e-06
8.011512938683240916e-06
7.777910731690449339e-06
7.627329187550708539e-06
7.427301612456105583e-06
7.213890086366760515e-06
7.037165402481627810e-06
6.711847550581234602e-06
6.629612475147686609e-06
6.425590435116860977e-06
6.224727499667645558e-06
6.053885750904355845e-06
5.790020758325924472e-06
5.760610969247946700e-06
5.540899415914387168e-06
5.460963573500727546e-06
5.312345726858698292e-06
5.179076357647351486e-06
5.094348785810266549e-06
4.820117399914403334e-06
4.635421315645212145e-06
4.545491558285855846e-06
4.478914437521090617e-06
4.326105841006295445e-06
4.205786686377775654e-06
4.072901119872040680e-06
3.935079832503886694e-06
3.845107930941293745e-06
3.629407321222184063e-06
3.588162872995946216e-06
3.444360561348118243e-06
3.382846891401792181e-06
3.232790811036577009e-06
3.137206642088121034e-06
3.086162044776964421e-06
2.902941034432095824e-06
2.865123715958677447e-06
2.762892532980935157e-06
2.702731188561694683e-06
2.515233287749733230e-06
2.405130458650761660e-06
2.283597454039238712e-06
2.253072890158426706e-06
2.228863092588484512e-06
2.090943887115486827e-06
2.038891945589559895e-06
1.963770666661818865e-06
1.907799681513088280e-06
1.866327502202945125e-06
1.727858796013151499e-06
1.663008203028946722e-06
1.630809781292252972e-06
1.511174089610129646e-06
1.444575277073007784e-06
1.379109324298909247e-06
1.341962021244307178e-06
1.307436076131764624e-06
1.293773686118354909e-06
1.239586336694382517e-06
1.156940620721056551e-06
1.129758969866850228e-06
1.123378449998213059e-06
1.073592930036072123e-06
9.989282580748583294e-07
8.839433708970288635e-07
8.383126976741583765e-07
8.333908626643439583e-07
8.126600548899359169e-07
7.760203349205452729e-07
7.721039909649784271e-07
7.109032942824372377e-07
6.603172517950361953e-07
5.625579396437616805e-07
5.566438527487227404e-07
5.127033237405556802e-07
5.063772246833696653e-07
4.430919586115398824e-07
3.776020991477083950e-07
3.529444146976553585e-07
3.123067786927475178e-07
2.902433103660385912e-07
2.717776549103883406e-07
2.514322493640863932e-07
2.353145604771692926e-07
1.862156436702451341e-07
1.403134616718151280e-07
1.063213987735079504e-07
5.236095526314600224e-08
4.890241504802040877e-08
2.089549789024127491e-08
1.191646707627475998e-08
