5.252175140380859375e+01
3.931093215942382812e+01
1.272152900695800781e+01
6.856747627258300781e+00
3.065773248672485352e+00
2.359676122665405273e+00
1.098944664001464844e+00
9.331233501434326172e-01
5.038168430328369141e-01
4.280743896961212158e-01
3.597218692302703857e-01
2.398138046264648438e-01
1.567571163177490234e-01
1.468997299671173096e-01
1.059412136673927307e-01
9.888938069343566895e-02
5.155973136425018311e-02
5.005882680416107178e-02
3.176917880773544312e-02
2.813042514026165009e-02
2.492243051528930664e-02
1.729301363229751587e-02
1.466728001832962036e-02
1.328211463987827301e-02
9.367970749735832214e-03
6.384590175002813339e-03
5.569636356085538864e-03
4.929132293909788132e-03
4.201402422040700912e-03
3.872075350955128670e-03
3.397363238036632538e-03
3.106336342170834541e-03
2.829307224601507187e-03
2.337612910196185112e-03
2.281478606164455414e-03
2.029619878157973289e-03
1.889770035631954670e-03
1.780484686605632305e-03
1.661476795561611652e-03
1.524987979792058468e-03
1.433326629921793938e-03
1.344027579762041569e-03
1.269600703381001949e-03
1.129063661210238934e-03
1.009542727842926979e-03
9.770721662789583206e-04
9.044040925800800323e-04
8.822759846225380898e-04
8.673334959894418716e-04
8.064573048613965511e-04
7.952257874421775341e-04
7.386686047539114952e-04
6.961272447369992733e-04
6.609181873500347137e-04
6.380574195645749569e-04
6.085447384975850582e-04
5.830831942148506641e-04
5.652013933286070824e-04
5.399243673309683800e-04
4.761817690450698137e-04
4.604076966643333435e-04
4.290517535991966724e-04
4.148520529270172119e-04
3.936332359444350004e-04
3.762509149964898825e-04
3.706436255015432835e-04
3.524511994328349829e-04
3.387873875908553600e-04
3.241351514589041471e-04
3.049355291295796633e-04
3.033677930943667889e-04
2.874115016311407089e-04
2.730089763645082712e-04
2.641027094796299934e-04
2.555635001044720411e-04
2.484456636011600494e-04
2.306744572706520557e-04
2.035984216490760446e-04
1.918939960887655616e-04
1.896145549835637212e-04
1.838378375396132469e-04
1.745849585859104991e-04
1.619633403606712818e-04
1.602021220605820417e-04
1.523526007076725364e-04
1.464383385609835386e-04
1.422704808646813035e-04
1.303362223552539945e-04
1.215527445310726762e-04
1.190305338241159916e-04
1.176672667497768998e-04
1.126210554502904415e-04
1.109196819015778601e-04
1.038168265949934721e-04
1.014662047964520752e-04
9.376301750307902694e-05
8.952398638939484954e-05
8.614725811639800668e-05
8.533318032277747989e-05
8.154306124197319150e-05
8.023002737900242209e-05
7.748493226245045662e-05
7.210677722468972206e-05
7.019374606898054481e-05
6.814507651142776012e-05
6.396239768946543336e-05
6.284641131060197949e-05
6.160450720926746726e-05
5.861763929715380073e-05
5.388457066146656871e-05
5.295843220665119588e-05
5.183990651858039200e-05
4.973822069587185979e-05
4.900892963632941246e-05
4.833055936614982784e-05
4.651344715966843069e-05
4.529764191829599440e-05
4.383061968837864697e-05
4.238498877384699881e-05
3.868001294904388487e-05
3.767157977563329041e-05
3.706984352902509272e-05
3.526697400957345963e-05
3.453480167081579566e-05
3.271419336670078337e-05
3.203768937964923680e-05
3.142374407616443932e-05
3.040598494408186525e-05
2.914968172262888402e-05
2.874905476346611977e-05
2.801150367304217070e-05
2.734467670961748809e-05
2.675483483471907675e-05
2.586337177490349859e-05
2.488021891622338444e-05
2.387621498201042414e-05
2.368718924117274582e-05
2.323667467862833291e-05
2.238069828308653086e-05
2.203450094384606928e-05
2.119510827469639480e-05
2.061467785097192973e-05
1.939411413331981748e-05
1.903657175716944039e-05
1.843816244218032807e-05
1.807090484362561256e-05
1.799402343749534339e-05
1.724895992083474994e-05
1.693220474408008158e-05
1.687813346507027745e-05
1.661175156186800450e-05
1.571303619130048901e-05
1.549903754494152963e-05
1.513090955995721743e-05
1.420628723280970007e-05
1.367582353850593790e-05
1.338196943834191188e-05
1.301268730458104983e-05
1.288602834392804652e-05
1.258765314560150728e-05
1.192993840959388763e-05
1.180012077384162694e-05
1.167787650047102943e-05
1.125270864577032626e-05
1.104987222788622603e-05
1.085658732336014509e-05
1.058501038642134517e-05
1.039222570398123935e-05
9.850336027739103884e-06
9.679241884441580623e-06
9.523546395939774811e-06
9.320145181845873594e-06
8.985582098830491304e-06
8.598441127105616033e-06
8.539470400137361139e-06
8.188744686776772141e-06
7.988379365997388959e-06
7.624644240422639996e-06
7.485005880880635232e-06
7.324539183173328638e-06
7.245654614962404594e-06
7.062946679070591927e-06
6.914733148732921109e-06
6.845224106655223295e-06
6.472560926340520382e-06
6.259911515371641144e-06
6.161686542327515781e-06
5.972362032480305061e-06
5.889748081244761124e-06
5.734686510550091043e-06
5.655150289385346696e-06
5.462097306008217856e-06
5.326852260623127222e-06
5.203289674682309851e-06
5.150501237949356437e-06
4.986988187738461420e-06
4.869045369559898973e-06
4.754821020469535142e-06
4.726844508695648983e-06
4.548334800347220153e-06
4.297329724067822099e-06
4.259002253093058243e-06
4.132083176955347881e-06
4.013354555354453623e-06
3.903217930201208219e-06
3.883702447637915611e-06
3.817449851339915767e-06
3.726556997207808308e-06
3.642687943283817731e-06
3.502448407743941061e-06
3.326772230138885789e-06
3.215207470930181444e-06
3.154565320073743351e-06
3.081605427723843604e-06
3.004123527716728859e-06
2.920581437138025649e-06
2.824056537065189332e-06
2.811290869431104511e-06
2.727331320784287527e-06
2.594591933302581310e-06
2.499952415746520273e-06
2.382264483458129689e-06
2.314235644007567316e-06
2.252757667520199902e-06
2.214983851445140317e-06
2.208306568718398921e-06
2.122511659763404168e-06
2.072425786536769010e-06
1.994742433453211561e-06
1.943566530826501548e-06
1.902669396258716006e-06
1.806634827516973019e-06
1.731786255732004065e-06
1.710191554593620822e-06
1.584623987582745031e-06
1.561437898089934606e-06
1.537190541966992896e-06
1.500435246271081269e-06
1.459761620026256423e-06
1.427077449989155866e-06
1.392753802065271884e-06
1.309775029767479282e-06
1.272590111511817668e-06
1.228797259500424843e-06
1.172768293145054486e-06
1.151537503574218135e-06
1.124286882259184495e-06
1.027916823659325019e-06
1.002567842078860849e-06
9.963870297724497505e-07
9.266543088415346574e-07
9.087101489058113657e-07
8.696787290318752639e-07
8.366117754121660255e-07
8.075609230218105949e-07
7.552346801276144106e-07
7.399869446089724079e-07
7.196591127467399929e-07
6.814187827330897562e-07
6.652602451140410267e-07
6.043890721230127383e-07
5.852397748640214559e-07
5.771611313321045600e-07
-5.625594781122345012e-07
-5.373055955715244636e-07
4.950237553202896379e-07
4.692840889219951350e-07
4.234012465076375520e-07
-4.224713734402030241e-07
4.178029655577120138e-07
3.848018366170435911e-07
-3.563241079973522574e-07
3.549603206920437515e-07
3.370326169260806637e-07
3.338521992191090249e-07
-3.116634559319209075e-07
2.960761094072950073e-07
2.741510343184927478e-07
2.338003071145067224e-07
-2.268664616167370696e-07
2.148853610606238362e-07
-2.129556833097012714e-07
1.932470610199743533e-07
-1.452864069051429396e-07
1.440388928131142166e-07
1.371842870412365301e-07
1.209712650052097160e-07
-1.184635181061821640e-07
-1.084267893247670145e-07
9.663614264354691841e-08
-7.156091186288904282e-08
5.636196931391168619e-08
4.649688989388778282e-08
2.384800801280562155e-08
-2.214095040642405365e-08
8.584084554286164348e-09
-5.056538299186286167e-09
