3.832560562964663631e-01
8.640118768736415600e-02
7.299527330616692455e-02
4.029882266962103721e-02
2.654614401135288806e-02
1.369518530667537294e-02
1.142300498223453552e-02
8.185819908013175494e-03
7.729251288730132168e-03
6.327034697690835270e-03
4.581207541578070919e-03
3.316816646715296107e-03
2.988568974128677069e-03
2.070139352466292618e-03
1.991382272336768896e-03
1.757798918506862018e-03
1.618665655728759954e-03
1.451105024804040609e-03
1.270616996341108812e-03
1.170711794625833727e-03
1.110439769230099931e-03
9.762953688053467929e-04
8.186150632075411653e-04
7.765800762689459335e-04
7.161141845674086738e-04
6.964602515345981459e-04
6.005801255543222281e-04
5.846469101039174394e-04
5.292708385148715573e-04
4.970470096133823828e-04
4.775446060197291302e-04
4.596493561694242657e-04
3.996989815340754059e-04
3.841778039618005936e-04
3.336005897927486340e-04
3.176226690213610859e-04
3.085210981096897748e-04
2.884168771087272263e-04
2.790915554324205719e-04
2.646723002069666835e-04
2.429916379652249643e-04
2.217685829599821349e-04
2.073450142681603848e-04
2.008548409951763970e-04
1.937447927255549381e-04
1.743784110910705980e-04
1.643200880414247083e-04
1.547831151191376639e-04
1.538949060097147487e-04
1.413342240624251747e-04
1.378242863291746041e-04
1.301577484225994151e-04
1.236413159673081623e-04
1.191305136177464168e-04
1.163303542785364993e-04
1.114367313383067765e-04
1.090848664879919813e-04
1.006514155290566206e-04
9.937492708835190278e-05
9.622491043522137281e-05
9.307044328427170436e-05
9.037144141899310654e-05
8.712355460663287541e-05
8.595677661197789364e-05
8.191963707276524154e-05
7.999405698915613115e-05
7.823324603790078146e-05
7.540683455176908382e-05
7.462600932146093446e-05
6.890426899448706113e-05
6.767597399069979786e-05
6.622066933940391623e-05
6.592302759597888629e-05
6.299024146747971052e-05
6.034807496359803137e-05
5.548532486550822779e-05
5.423463571330730206e-05
5.256992707374123839e-05
5.173387343613183230e-05
4.910602605143795095e-05
4.799159243044251417e-05
4.722486645664478205e-05
4.497994528343758939e-05
4.360360736641515989e-05
4.244247843733171528e-05
4.144325680600635393e-05
3.994738411158775386e-05
3.919053497142578331e-05
3.850316480129066337e-05
3.700797176414458942e-05
3.646502832668159418e-05
3.500528853077869071e-05
3.392153619575555051e-05
3.336001795451551828e-05
3.258224285392880113e-05
3.131928044630533477e-05
3.075253744612684785e-05
2.955280037834990135e-05
2.916510825724507995e-05
2.779905454620956571e-05
2.739130248809168235e-05
2.686760655364101548e-05
2.571635309678066121e-05
2.454451126713024626e-05
2.375862701366895051e-05
2.349865233249087538e-05
2.217240150937330940e-05
2.176337126852907820e-05
2.136866802785372305e-05
2.126914503629516779e-05
2.049664860706407234e-05
1.940365653058212752e-05
1.902668191661536216e-05
1.840916403837025849e-05
1.822885572240386803e-05
1.750147821519567766e-05
1.673228479288327810e-05
1.619018571930731285e-05
1.590629665688532584e-05
1.556659895852012735e-05
1.519314905232446012e-05
1.507186713969646519e-05
1.502007810064164287e-05
1.413519960120745057e-05
1.399844992008053538e-05
1.337297608794906048e-05
1.301341328317785808e-05
1.286622200739348201e-05
1.235592623609779888e-05
1.204658249156680576e-05
1.162039977673950273e-05
1.146953791545449717e-05
1.122066965221743888e-05
1.111164206258442728e-05
1.074892358426414946e-05
1.036536681718365973e-05
9.873391663559450996e-06
9.804691758774589054e-06
9.643219651328595082e-06
9.406422599937358612e-06
9.100339706918568022e-06
8.831977472281695113e-06
8.639655880598519930e-06
8.473883068877170670e-06
8.227303352856629270e-06
8.103699043258378123e-06
7.669575602610702734e-06
7.564407558967788128e-06
7.450572749397005624e-06
7.273126223759422446e-06
7.046702220950375859e-06
6.804518689142548190e-06
6.613682745397133381e-06
6.453670907775793413e-06
6.318493022102404628e-06
6.209454360047117100e-06
6.038063864743794076e-06
5.964566770080353763e-06
5.922240078580151218e-06
5.593057940762396749e-06
5.474936594706684943e-06
5.374354034239648141e-06
5.261074994963599124e-06
5.144044904256593860e-06
5.105530312383045582e-06
4.943680965250528710e-06
4.891062891617418219e-06
4.772915154425814676e-06
4.546065345848299630e-06
4.501034860594160167e-06
4.334014523424708022e-06
4.304664220936140670e-06
4.204412245865773747e-06
4.174104819235294099e-06
4.023534156215173810e-06
3.944216143342331835e-06
3.872300926531311941e-06
3.796599909977961566e-06
3.665303221561990706e-06
3.622327943528460323e-06
3.544186153818541243e-06
3.470719365623121818e-06
3.432959675844976288e-06
3.334229256856534136e-06
3.213631953065090884e-06
3.139565929329223017e-06
3.035104026304036500e-06
3.003753815451744491e-06
2.813427369970333521e-06
2.769448532028619955e-06
2.716039852498598380e-06
2.685844713099368471e-06
2.607367755580261445e-06
2.525262621371768293e-06
2.499255767956174940e-06
2.430799810480196988e-06
2.355105467735494105e-06
2.329627464575767465e-06
2.263908828079485027e-06
2.198691706352345799e-06
2.092942432053285235e-06
2.075890884148301353e-06
2.054874744817187616e-06
2.004373252475303418e-06
1.925862114664502489e-06
1.865185971207016107e-06
1.833245982030518403e-06
1.754814775214534637e-06
1.742220716543325045e-06
1.706160072990212296e-06
1.648683402959459759e-06
1.644676884684289020e-06
1.546658642870583909e-06
1.487209199953073366e-06
1.471014137841641702e-06
1.442725025132184158e-06
1.404110954104367546e-06
1.372717002878430821e-06
1.332234839584960943e-06
1.286305302913364984e-06
1.250558987925585645e-06
1.209394930164121364e-06
1.149673636436424043e-06
1.123818613890813763e-06
1.116355706236249625e-06
1.083665683443680965e-06
1.044450443637612340e-06
1.018570203730197977e-06
9.992725000953954876e-07
9.674724379483278369e-07
9.227726095303245075e-07
9.130308953394971924e-07
8.881339922932171583e-07
8.770202988652289852e-07
8.654314275172181991e-07
8.145632424061993787e-07
7.956272217643096076e-07
7.845637368001936453e-07
7.338452150984874623e-07
6.965311593623199046e-07
6.705753608810567420e-07
6.347041300530129189e-07
6.186921231390861071e-07
5.885562455118219429e-07
5.626407131977015198e-07
5.528328145312380457e-07
5.281746356042417286e-07
5.235794780321469580e-07
5.063067060695407706e-07
4.765027696240266930e-07
4.738280820310462250e-07
4.485950457377843373e-07
4.293604283783494397e-07
3.920106527625921372e-07
3.711342872167379985e-07
3.447432368777919837e-07
3.305728084404964632e-07
3.195172489925748744e-07
3.028064901032254394e-07
2.913056014224993028e-07
2.797631661598577307e-07
2.569116800570868394e-07
2.430099489855211667e-07
2.137539517819409836e-07
2.098311616178473746e-07
2.057871195576344760e-07
1.974933167968780504e-07
1.787264778793768391e-07
1.743564980448238020e-07
1.698494327630760538e-07
1.561089582278975678e-07
1.409518028572500177e-07
1.239998249658586950e-07
1.221887017413554860e-07
1.092162193883341036e-07
1.058907654882449708e-07
9.218893662318633131e-08
8.925715524850351495e-08
7.595710627711696383e-08
7.492756102353658724e-08
6.693635059409454641e-08
6.117858300575007408e-08
5.319891689918126367e-08
4.596519836736114581e-08
4.476868989765609520e-08
3.610963232515421567e-08
3.229394278161283989e-08
2.745154116569703762e-08
2.204083905499642678e-08
1.984739336642195165e-08
1.347948828299074423e-08
3.134201543535223555e-09
1.883685931081994429e-09
9.019641106422868888e-10
5.131619574078552827e-10
2.663247729897959000e-10
7.674092591034393829e-11
