6.251761317253112793e-01
1.490323543548583984e-01
1.231936961412429810e-01
4.740830883383750916e-02
4.093206673860549927e-02
1.619601435959339142e-02
1.387710683047771454e-02
1.147677376866340637e-02
1.070310827344655991e-02
5.920250434428453445e-03
5.855965428054332733e-03
3.769445465877652168e-03
3.130582161247730255e-03
2.659312682226300240e-03
2.175093395635485649e-03
1.812782022170722485e-03
1.554624293930828571e-03
1.421367516741156578e-03
1.250881934538483620e-03
1.077468506991863251e-03
9.140771580860018730e-04
9.012174559757113457e-04
8.064472349360585213e-04
7.284354069270193577e-04
6.845653406344354153e-04
5.915964138694107533e-04
5.584253231063485146e-04
5.453828489407896996e-04
4.884697264060378075e-04
4.735342517960816622e-04
4.264818853698670864e-04
4.071812436450272799e-04
3.989175311289727688e-04
3.681665984913706779e-04
3.517380391713231802e-04
3.120322653558105230e-04
2.928076137322932482e-04
2.759179624263197184e-04
2.631296811159700155e-04
2.414603368379175663e-04
2.152274973923340440e-04
2.103123988490551710e-04
1.877504255389794707e-04
1.794192794477567077e-04
1.773762196535244584e-04
1.612624328117817640e-04
1.523124810773879290e-04
1.392036501783877611e-04
1.378032466163858771e-04
1.318616705248132348e-04
1.249244960490614176e-04
1.124838527175597847e-04
1.038840273395180702e-04
1.012046195683069527e-04
9.499931184109300375e-05
8.946092566475272179e-05
8.827836427371948957e-05
8.271035767393186688e-05
8.106893801596015692e-05
7.680062117287889123e-05
7.050860585877671838e-05
6.902921450091525912e-05
6.714207120239734650e-05
6.328832387225702405e-05
5.927492384216748178e-05
5.745454473071731627e-05
5.601562952506355941e-05
5.536228127311915159e-05
5.284331928123719990e-05
5.132903243065811694e-05
4.971584712620824575e-05
4.842666021431796253e-05
4.491243089432828128e-05
4.344758781371638179e-05
4.242195427650585771e-05
4.120681114727631211e-05
4.015294325654394925e-05
3.839806231553666294e-05
3.785654917010106146e-05
3.537546581355854869e-05
3.351535633555613458e-05
3.180779822287149727e-05
3.117709638900123537e-05
3.040479168703313917e-05
2.971160211018286645e-05
2.788821257126983255e-05
2.658181983861140907e-05
2.552295336499810219e-05
2.460426185280084610e-05
2.428507468721363693e-05
2.335283897991757840e-05
2.223406954726669937e-05
2.202056020905729383e-05
2.140321157639846206e-05
2.119517921528313309e-05
2.075888369290623814e-05
1.965797309821937233e-05
1.917225563374813646e-05
1.858252107922453433e-05
1.795364914869423956e-05
1.730458279780577868e-05
1.685308598098345101e-05
1.638645699131302536e-05
1.546594830870162696e-05
1.504246210970450193e-05
1.441486710973549634e-05
1.399062512064119801e-05
1.370621339447097853e-05
1.340238213742850348e-05
1.302789405599469319e-05
1.257685562450205907e-05
1.257382882613455877e-05
1.198000973090529442e-05
1.164808145404094830e-05
1.132983106799656525e-05
1.082940434571355581e-05
1.028388851409545168e-05
1.015052112052217126e-05
9.776224942470435053e-06
9.413241059519350529e-06
9.383461474499199539e-06
8.992527909867931157e-06
8.858103683451190591e-06
8.769410669628996402e-06
8.381765837839338928e-06
7.955033652251586318e-06
7.712693331995978951e-06
7.619590633112238720e-06
7.338628165598493069e-06
7.208541319414507598e-06
7.083337550284340978e-06
6.923743512743385509e-06
6.654737717326497659e-06
6.569555807800497860e-06
6.239691174414474517e-06
6.089175258239265531e-06
5.910553682042518631e-06
5.689843874279176816e-06
5.572147983912145719e-06
5.475045327330008149e-06
5.229192538536153734e-06
5.183886514714686200e-06
4.922648258798290044e-06
4.690591595135629177e-06
4.584614544000942260e-06
4.535466814559185877e-06
4.275494575267657638e-06
4.178233211860060692e-06
4.043950866616796702e-06
3.924145403289003298e-06
3.765998826565919444e-06
3.714013246280956082e-06
3.651694669315475039e-06
3.516224978739046492e-06
3.418954520384431817e-06
3.301178139736293815e-06
3.213616082575754263e-06
3.148543328279629350e-06
3.134960024908650666e-06
3.038335762539645657e-06
2.951023361674742773e-06
2.894017370635992847e-06
2.835214445440215059e-06
2.750422254393924959e-06
2.627967660373542458e-06
2.574461632320890203e-06
2.504935082470183261e-06
2.466286105118342675e-06
2.392649321336648427e-06
2.298170329595450312e-06
2.232441602245671675e-06
2.185184484915225767e-06
2.155807806047960185e-06
2.117978738169767894e-06
2.058800419035833329e-06
1.991854560401407070e-06
1.962528358490089886e-06
1.915794427986838855e-06
1.856528456301020924e-06
1.834206955209083389e-06
1.813635321923356969e-06
1.735802015900844708e-06
1.710883225314319134e-06
1.679891624917217996e-06
1.648918441787827760e-06
1.608416596354800276e-06
1.555718085910484660e-06
1.535600517854618374e-06
1.487628424001741223e-06
1.444801341676793527e-06
1.411211883350915741e-06
1.380415483254182618e-06
1.330200234406220261e-06
1.296971504416433163e-06
1.238012146131950431e-06
1.232437170983757824e-06
1.192955096485093236e-06
1.125176140703842975e-06
1.123088054555410054e-06
1.095541506401787046e-06
1.071194901669514365e-06
1.056124119713786058e-06
1.033709622788592242e-06
1.011186327559698839e-06
9.870199164652149193e-07
9.573037687005125917e-07
9.390190029989753384e-07
9.321231004832952749e-07
8.798476187621417921e-07
8.708418022251862567e-07
8.432258482571342029e-07
8.305827350341132842e-07
8.124589498947898392e-07
7.882159138716815505e-07
7.722818509137141518e-07
7.478465704480186105e-07
7.268567969731520861e-07
7.234790473376051523e-07
6.926826472408720292e-07
6.722883085785724688e-07
6.311482252385758329e-07
6.146619284663756844e-07
6.041844926585326903e-07
5.871569896953587886e-07
5.771482847194420174e-07
5.644405973725952208e-07
5.469535153679316863e-07
5.212881433180882595e-07
5.154116706762579270e-07
4.953636789650772698e-07
4.729571969619428273e-07
4.586609634316118900e-07
4.432718014868441969e-07
4.323696600749826757e-07
4.195898668513109442e-07
4.066968131155590527e-07
3.951006135594070656e-07
3.790771643252810463e-07
3.612358341342769563e-07
3.400160437649901723e-07
3.285857701484928839e-07
3.241070771764498204e-07
3.192330382262298372e-07
3.136451027785369661e-07
3.038386466869269498e-07
2.903474296545027755e-07
2.763496240731910802e-07
2.622016666009585606e-07
2.411356092579808319e-07
2.334724342745175818e-07
2.269127463705444825e-07
2.195237414071016246e-07
2.149146496321918676e-07
1.951003270050932770e-07
1.866597898469990469e-07
1.804121154691529227e-07
1.763674504218215588e-07
1.688824653456322267e-07
1.587920621659577591e-07
1.581469462053064490e-07
1.439947396875140839e-07
1.417899966327240691e-07
1.285168593767593848e-07
1.211606814877086435e-07
1.116850043558770267e-07
1.023169104996668466e-07
9.731765970855121850e-08
9.141540857626750949e-08
8.839452192432872835e-08
8.585474375877311104e-08
7.773449084425010369e-08
7.226711318253364880e-08
6.698333265831024619e-08
6.026007781656517182e-08
5.830684202123848081e-08
5.276273995491465030e-08
5.141277625853035715e-08
4.604702752430966939e-08
4.146019350059759745e-08
3.965217842960555572e-08
3.587475561062092311e-08
3.231362555311534379e-08
2.852199187941550917e-08
2.640939733566938230e-08
2.353163353063791874e-08
2.121413977818065177e-08
1.849024933164855611e-08
1.524273329778225161e-08
1.412388606070180685e-08
1.217472078707260152e-08
9.604337769530957303e-09
8.521731764687956456e-09
7.743154561978826678e-09
5.321420193382664365e-09
4.159010025261977717e-09
2.869358528556631427e-09
5.455993989933460853e-10
