3.842678633332453735e-03 1.683205367057838409e-02
6.811621091991806876e-03 6.811621091991806876e-03
7.116131813226471772e-03 1.166400114482389963e-02
5.980554519534103143e-03 1.674859978205437555e-02
4.976777720664439519e-03 1.602256828368719271e-02
5.902031797864496117e-03 1.679545933155160084e-02
7.972496633265435673e-03 1.642535191942766024e-02
6.898239190106748506e-03 1.634329043040839285e-02
6.226083179065667120e-03 2.095931948757606342e-02
3.947044206637644742e-03 1.749846460516808755e-02
5.274651129713813467e-03 1.833141229985017079e-02
2.726930474186505839e-03 1.943999479083462212e-02
4.806259541664989129e-03 1.639659130107858076e-02
1.681497364919378899e-04 1.966240867297966086e-02
5.451268192843372780e-03 2.032563067617343747e-02
4.118810547886961044e-04 1.987932900494538205e-02
3.574912434564416104e-03 1.269359120648342817e-02
4.237239905323471854e-03 1.093931995581476704e-02
4.678069519033090790e-03 1.994748731082518489e-02
6.102237108061257798e-03 1.614756104452888183e-02
2.984361769780443860e-03 2.234958944432964556e-02
5.942612474240842671e-03 5.942612474240842671e-03
0.000000000000000000e+00 1.536489520675160189e-02
2.878259861012602561e-03 2.062207511418356551e-02
3.159246723580602656e-03 2.054624641442431496e-02
3.150284303470109876e-03 1.871109068042035861e-02
5.263919376725101351e-03 1.527799806196150981e-02
4.306734612997897664e-03 1.067309538520922613e-02
2.348083283669914322e-03 1.632451111321036458e-02
5.160854824264509387e-03 1.605428235795161238e-02
3.860126158038929781e-03 1.819081742070184637e-02
4.118810547886961044e-04 1.784088563785310444e-02
2.073089180452890225e-03 1.946609578102524718e-02
3.362994729838757798e-04 1.981447624619261591e-02
4.486794593493598562e-03 1.383177772395104491e-02
5.679878076131000125e-03 5.679878076131000125e-03
2.017796837903254245e-03 2.192038458574949861e-02
5.196343797094671486e-03 1.263703562722127798e-02
1.902397102850885043e-03 2.059236336376576645e-02
5.166330533841102628e-03 1.524280283634025721e-02
4.115376774428141857e-03 1.135685520750735408e-02
7.892297355189096392e-03 1.446850554364832904e-02
6.327436825235659840e-03 2.198861495694884663e-02
5.365004370192971370e-03 2.046934252532547904e-02
5.111309470894196544e-03 1.539302631323722671e-02
4.371893148790384487e-03 2.168061330925841537e-02
5.546392995808289809e-03 1.964930691325730491e-02
2.793513227374634818e-03 2.075383151493220488e-02
4.352448012457638300e-03 1.048479376818520215e-02
3.680136672682904255e-03 1.248408197438020083e-02
7.220655903654196912e-03 7.220655903654196912e-03
4.965402213856668322e-03 4.965402213856668322e-03
3.036022537075845368e-03 1.349901769491182978e-02
6.855066951707774157e-03 1.725798699965454958e-02
3.874747900380826320e-03 2.028505995289847305e-02
6.542731959802000445e-03 1.770142961947605495e-02
1.513347628427440684e-03 1.932766838551821381e-02
4.193642292184166648e-03 2.352107358503954804e-02
2.419253420714288175e-03 2.117059904639765830e-02
1.140446999463883004e-03 2.279263588877589522e-02
4.684109637131812255e-03 1.706746713359942602e-02
6.503722279428371909e-03 1.557646283081794841e-02
1.577384348103884077e-03 2.059974120322043828e-02
5.228889065967260753e-03 1.857838589190391812e-02
2.377996378563606303e-04 1.972669932779979457e-02
4.223873184618169227e-03 1.443422375249974604e-02
1.063472310543309802e-03 2.034761702880371129e-02
4.332915611669883697e-03 1.419987496599707175e-02
4.173366707048617105e-03 1.116531663594018398e-02
5.231592032839934084e-03 1.948187582391108091e-02
6.681704363421398125e-03 1.721435408606860132e-02
4.755992757127212606e-04 1.578600886687726509e-02
5.190899747619833783e-03 1.864950110585369622e-02
1.689883937468228143e-03 1.419913444489818120e-02
3.687811627156437934e-03 1.798931611560609933e-02
0.000000000000000000e+00 1.828312262845219541e-02
3.759942411946500733e-04 1.974122191574385204e-02
5.824877737667097984e-04 1.879691965481004867e-02
6.932991244760362262e-04 1.388536713304107557e-02
4.951146077017033395e-03 1.579652120381280431e-02
2.679865818675679356e-03 1.855304924022637553e-02
6.041702164296069294e-03 1.143057308346456802e-02
4.098164750969759962e-03 1.859553969622499553e-02
2.100189535646740206e-03 1.934845292683625220e-02
3.256205645512204750e-03 2.063118528674029450e-02
1.681497364919378899e-04 1.966240867297966086e-02
2.377996378563606303e-04 1.354811382328868427e-02
5.574360316364259868e-03 2.212412132794392555e-02
3.637634981264641857e-03 1.887966366079675204e-02
6.062724968774402734e-04 1.992829827115616056e-02
1.224148559514869972e-03 2.032869947534944599e-02
5.188175580679334209e-03 1.549019198245374720e-02
5.122360963733613159e-03 1.929915131079458501e-02
3.277841801441474471e-03 2.062273487526348342e-02
4.515063092487652668e-03 9.706471976588004411e-03
4.835584155060155230e-03 1.279189413650127366e-02
