1.010350302509216647e+00
1.594450552124305753e-01
9.638531570148148320e-02
6.154489674451076725e-02
2.905635771537082995e-02
2.587055460395897705e-02
1.723262224273417603e-02
1.545607765754085892e-02
1.207879198753116119e-02
1.046997697171824469e-02
6.949450633273384498e-03
6.831695986678841537e-03
5.389439243833207306e-03
4.269749352466701425e-03
3.305645065938916504e-03
3.091810984432024571e-03
2.773670731554280910e-03
2.345382326124499824e-03
2.069857543973261001e-03
1.927256888450223134e-03
1.809945519681034837e-03
1.527590871993145553e-03
1.436944008053049658e-03
1.344183664089745964e-03
1.237710959232500661e-03
1.072199021383428257e-03
9.661085287015635679e-04
9.197171426588683510e-04
8.852044845131473803e-04
7.755962269366193772e-04
7.131499612429873869e-04
6.543817657397746432e-04
5.952755281512485744e-04
5.744982889103512642e-04
5.613864552799187812e-04
4.895924418155528498e-04
4.283171337799174271e-04
4.133867232732626410e-04
3.950975379016651739e-04
3.686400255555086583e-04
3.611385320702511907e-04
3.211443132068106257e-04
3.068350826717643307e-04
2.913232111994904752e-04
2.829990653492358210e-04
2.660316574112061628e-04
2.552704658962818272e-04
2.438240687899214743e-04
2.360729759806241032e-04
2.251912352932734372e-04
2.158336267044798612e-04
1.908308234400720024e-04
1.855441145534916629e-04
1.833206849364275891e-04
1.765036706810826656e-04
1.607961553276592058e-04
1.534753412476285198e-04
1.466260094789308664e-04
1.438413617879335897e-04
1.339936939372513599e-04
1.258179386671666911e-04
1.196241382703534377e-04
1.133988141473575367e-04
1.090842455244206877e-04
1.051033546278495873e-04
1.002483794993559783e-04
9.643042707599998179e-05
9.404882636452900190e-05
8.992112799579107156e-05
8.675635767640053583e-05
8.534804268685351964e-05
8.217243378259229654e-05
8.116421859724201680e-05
7.514738826050709579e-05
7.394783830096174403e-05
7.025683224554996791e-05
6.822941701155306948e-05
6.635266550966078495e-05
6.474918787750862125e-05
5.941485228310100438e-05
5.832866313639326506e-05
5.677022677314857920e-05
5.374631747302613611e-05
5.159779781449626469e-05
5.001463614352613370e-05
4.833095073895652218e-05
4.690419931492481137e-05
4.642843359216913037e-05
4.391096272607682155e-05
4.269988080655426544e-05
4.242175972548155311e-05
4.103109318596767099e-05
3.872128100292325243e-05
3.802252458202705105e-05
3.740730391157732370e-05
3.565502536400716260e-05
3.425799207988226890e-05
3.256069979450070120e-05
3.164986348666378488e-05
3.074832907981091138e-05
2.962318011437730156e-05
2.899251531996924880e-05
2.822668392365544141e-05
2.654258359682942566e-05
2.609628400334493555e-05
2.489747319673926476e-05
2.413653508338771107e-05
2.406871091852798238e-05
2.351560335380239642e-05
2.275461813110936680e-05
2.201171296038126403e-05
2.116973429097403328e-05
2.093134856151979966e-05
2.036128965066367713e-05
1.969741931264107460e-05
1.945521531732995074e-05
1.871746911418780703e-05
1.748981995645017832e-05
1.692197520581775069e-05
1.628110900382332408e-05
1.613262677841271412e-05
1.565842395114049146e-05
1.540958997517638315e-05
1.486667250168684672e-05
1.448480903816845174e-05
1.381420518100874293e-05
1.356605919606422227e-05
1.304174280957509108e-05
1.261006378592532082e-05
1.245614937193860113e-05
1.220637850143551933e-05
1.178573095703197977e-05
1.161064467002949273e-05
1.113365819672769807e-05
1.067442953354511664e-05
1.037069407579722008e-05
9.839240026329746427e-06
9.666304343493261456e-06
9.410618715125297740e-06
9.230428799592487404e-06
8.985502977918159877e-06
8.828200061682556655e-06
8.608173294061732521e-06
8.444390152687195132e-06
7.798936044663668820e-06
7.685554723301354763e-06
7.487455008657663641e-06
7.291588837764496201e-06
7.223260596093257210e-06
6.927812774068326699e-06
6.742659359535806260e-06
6.513294754711443505e-06
6.445548001246292945e-06
6.113120652456059399e-06
6.010197188592168392e-06
5.713260909413437175e-06
5.501797081969350743e-06
5.432050155254212136e-06
5.191467634783223717e-06
5.112233142016472350e-06
5.007344510133035205e-06
4.787237217082435252e-06
4.570224241990209510e-06
4.512131454243314799e-06
4.348818964940787161e-06
4.328912736366381350e-06
4.133287958964554990e-06
4.094020251757990282e-06
3.893778830223650117e-06
3.668271950815739941e-06
3.600981052730451779e-06
3.514536499816824711e-06
3.420109224532131596e-06
3.276044239171614086e-06
3.151643088976213573e-06
3.050561331008086708e-06
2.927060539788896844e-06
2.806516913116775760e-06
2.753410600106897771e-06
2.631456130468164874e-06
2.512080698096605931e-06
2.464282163724478343e-06
2.373767872937690000e-06
2.251601604874090211e-06
2.211248635383162583e-06
2.162287994783944131e-06
2.042168913657078506e-06
1.991420448335339667e-06
1.939307577494466142e-06
1.849175196116723717e-06
1.785278728149062341e-06
1.736458936257228161e-06
1.598266825916149408e-06
1.492425397204644440e-06
1.465487519307870565e-06
1.448791447095565857e-06
1.432961508371523903e-06
1.344710591753386681e-06
1.294377189614425413e-06
1.279340330985887216e-06
1.250507036975668281e-06
1.181972120846936547e-06
1.126439829437684035e-06
1.116829581764358182e-06
1.035170346819753042e-06
9.791855774854533938e-07
9.606825310654121391e-07
9.023270296809868848e-07
8.666108721395461791e-07
8.366102582069704969e-07
7.908271710350727785e-07
7.430443790095882720e-07
7.212645070267170920e-07
6.911962177167536523e-07
6.672529890265549983e-07
6.094170434255810443e-07
5.945572320528532306e-07
5.235222541509822357e-07
5.161824182698235004e-07
4.767261870438264840e-07
4.677908286928417376e-07
4.211652767612445719e-07
3.785904375950688102e-07
3.541985101822096811e-07
3.381919096866166357e-07
3.085055732259559742e-07
2.838465282267855499e-07
2.777785285476836658e-07
2.507835553045201547e-07
2.275564814627100388e-07
2.009822511771320626e-07
1.665403446577896252e-07
1.510396062622977361e-07
1.366952315350613540e-07
1.223113499931573650e-07
1.131225013977918080e-07
7.988034415248533458e-08
5.483109502591407663e-08
1.343478376299313196e-08
1.218263524680391407e-08
1.146962524471643508e-08
1.038375725652956201e-08
1.005416487790214111e-08
9.586669385968669850e-09
8.985976789191079806e-09
8.368376433831136250e-09
8.178722916724314152e-09
7.657500477399762443e-09
7.042934764260572731e-09
6.913162424657425308e-09
6.515538254360965964e-09
6.387664405288489499e-09
5.896035865797962862e-09
5.411910749343649978e-09
5.162454384341182577e-09
4.806216532185026565e-09
4.478595090197300845e-09
4.172384733992551626e-09
3.911422112932819127e-09
3.532403891009541762e-09
3.359361576432062178e-09
3.273449468588905995e-09
3.033046049327305259e-09
2.732442349971912308e-09
2.501233415354761292e-09
2.420537409212548293e-09
2.090752169603282929e-09
2.022614712818254391e-09
1.869062275994997006e-09
1.713099996218971077e-09
1.597162694382184802e-09
1.422084754872498071e-09
1.416327744553007100e-09
1.094847468525429271e-09
9.660335301453912935e-10
8.605253351442558805e-10
8.224130109751400882e-10
8.119658283518300911e-10
4.327272421221528749e-10
4.183738752775172534e-10
3.028348977872271741e-10
2.728109481769547843e-10
2.542057794556030874e-10
9.180544416577788798e-11
4.377073155392412879e-12
