2.429012537002563477e+00
3.526244759559631348e-01
2.014205604791641235e-01
8.751086145639419556e-02
3.921576961874961853e-02
3.124353662133216858e-02
1.876877248287200928e-02
1.735400408506393433e-02
9.161978028714656830e-03
7.889830507338047028e-03
6.203680299222469330e-03
6.066470872610807419e-03
4.882025066763162613e-03
4.024151246994733810e-03
3.393141785636544228e-03
3.257069503888487816e-03
3.005949780344963074e-03
2.690762048587203026e-03
2.085497137159109116e-03
1.750472583808004856e-03
1.702068489976227283e-03
1.429659198038280010e-03
1.224962645210325718e-03
1.099568442441523075e-03
1.055464847013354301e-03
9.527183719910681248e-04
8.151272777467966080e-04
7.820558384992182255e-04
7.399620371870696545e-04
6.758953677490353584e-04
6.140994955785572529e-04
5.563216400332748890e-04
5.460575339384377003e-04
5.042163538746535778e-04
4.897449980489909649e-04
4.604904679581522942e-04
4.322165914345532656e-04
4.207830934319645166e-04
3.641025105025619268e-04
3.324114368297159672e-04
3.175238962285220623e-04
3.076244611293077469e-04
2.894787176046520472e-04
2.714224392548203468e-04
2.540546993259340525e-04
2.459540264680981636e-04
2.361001097597181797e-04
2.317558246431872249e-04
2.197399298893287778e-04
2.111262874677777290e-04
1.872849243227392435e-04
1.752965617924928665e-04
1.680918794590979815e-04
1.568569423398002982e-04
1.494588650530204177e-04
1.362107577733695507e-04
1.347549550700932741e-04
1.196802113554440439e-04
1.176547375507652760e-04
1.109284494305029511e-04
9.798891551326960325e-05
9.116375440498813987e-05
8.802533557172864676e-05
8.750265988055616617e-05
7.840789476176723838e-05
7.659237599000334740e-05
7.175925566116347909e-05
7.065277168294414878e-05
6.498797301901504397e-05
6.346549344016239047e-05
6.247496639844030142e-05
5.994625462335534394e-05
5.432300895336084068e-05
5.343888915376737714e-05
5.244060230324976146e-05
4.956142220180481672e-05
4.745526530314236879e-05
4.582298060995526612e-05
4.477853872231207788e-05
4.296140832593664527e-05
4.184024510323069990e-05
3.821863356279209256e-05
3.708475196617655456e-05
3.683027898659929633e-05
3.458534411038272083e-05
3.211796865798532963e-05
3.156061211484484375e-05
3.080251553910784423e-05
2.928941830759868026e-05
2.814875188050791621e-05
2.716942617553286254e-05
2.651474824233446270e-05
2.556749132054392248e-05
2.428750303806737065e-05
2.323333865206222981e-05
2.250874604214914143e-05
2.147453051293268800e-05
2.011100878007709980e-05
1.940454058058094233e-05
1.896698995551560074e-05
1.797868208086583763e-05
1.759084625518880785e-05
1.649378464207984507e-05
1.596709989826194942e-05
1.520055229775607586e-05
1.479135698900790885e-05
1.462273758079390973e-05
1.401186000293819234e-05
1.346537737845210359e-05
1.294987214350840077e-05
1.278955915040569380e-05
1.232403337780851871e-05
1.190052171295974404e-05
1.147277089330600575e-05
1.119849912356585264e-05
1.099059500120347366e-05
1.025405799737200141e-05
1.012436041492037475e-05
9.690146725915838033e-06
9.247996786143630743e-06
8.984399755718186498e-06
8.660712410346604884e-06
8.610269105702172965e-06
7.918641131254844368e-06
7.852663657104130834e-06
7.642799573659431189e-06
7.482455657736863941e-06
7.418147561111254618e-06
7.097520210663788021e-06
6.974074040044797584e-06
6.869840490253409371e-06
6.452333309425739571e-06
6.337937065836740658e-06
5.960448106634430587e-06
5.827405857417033985e-06
5.609408162854379043e-06
5.424585651780944318e-06
5.363463060348294675e-06
5.151198365638265386e-06
5.025575774197932333e-06
4.744964371639071032e-06
4.652561983675695956e-06
4.594216079567559063e-06
4.442380941327428445e-06
4.260890818841289729e-06
4.116286618227604777e-06
4.050646566611249000e-06
3.876902610500110313e-06
3.825815838354174048e-06
3.537476686688023619e-06
3.452018972893711179e-06
3.351280838614911772e-06
3.253682734793983400e-06
3.228679361200192943e-06
3.208641146557056345e-06
3.073676907661138102e-06
2.979700184368994087e-06
2.899543687817640603e-06
2.797287834255257621e-06
2.670351250344538130e-06
2.609943067000131123e-06
2.494759655746747740e-06
2.446633743602433242e-06
2.353823219891637564e-06
2.301199856447055936e-06
2.247974634883576073e-06
2.195518391090445220e-06
2.002352857743971981e-06
1.907352270791307092e-06
1.896682761071133427e-06
1.825175672820478212e-06
1.738833248055016156e-06
1.726113396216533147e-06
1.691072498033463489e-06
1.625630034141067881e-06
1.594135824234399479e-06
1.552375010760442819e-06
1.435827584828075487e-06
1.404074623678752687e-06
1.333144268755859230e-06
1.273875568585935980e-06
1.231195938089513220e-06
1.177814738184679300e-06
1.158978079729422461e-06
1.118540581046545412e-06
1.107138814404606819e-06
1.028592919283255469e-06
1.010305936688382644e-06
9.889666898743598722e-07
9.300028409597871359e-07
9.261016202799510211e-07
9.006149639390059747e-07
8.630960905975371134e-07
8.357320098184572998e-07
7.880287853367917705e-07
7.354968829531571828e-07
7.278009661604301073e-07
6.965018997107108589e-07
6.762692237316514365e-07
6.485350354523689020e-07
6.062343231860722881e-07
5.976030479359906167e-07
5.722338869418308605e-07
5.527590474230237305e-07
5.054732810094719753e-07
4.950564402861346025e-07
4.791056653630221263e-07
4.413124372604215750e-07
4.316239881063665962e-07
3.936943926419189665e-07
3.866135784846846946e-07
3.642938111170224147e-07
3.542839408510189969e-07
3.420847747293009888e-07
3.261098129314632388e-07
3.140264368539646966e-07
2.862577161977242213e-07
2.744946243637969019e-07
2.488771713160531363e-07
2.389682549619465135e-07
2.293248115847745794e-07
2.215141989836411085e-07
1.981746180490517872e-07
1.820040012034951360e-07
1.658157913198010647e-07
1.555600874780793674e-07
1.362634236556914402e-07
1.349091007796232589e-07
1.231387756206459017e-07
1.155003488406691758e-07
1.041625310449489916e-07
8.189564226768197841e-08
7.782566768810283975e-08
6.936869567653047852e-08
6.201711499898010516e-08
5.746943188000841474e-08
3.794481884256128978e-08
2.644193131118299789e-08
-1.901949531202262733e-08
1.499740776012004062e-08
-1.346589950657062218e-08
7.595849282893141208e-09
-6.911036631862543800e-09
5.590707008451545335e-09
-5.068585107181888816e-09
4.819251220311571160e-09
-4.657505936478401054e-09
4.405837028542691769e-09
-4.320729107831766669e-09
4.196361036434836933e-09
-3.605946430340623010e-09
3.305194340441630629e-09
-3.126809255959983602e-09
3.073368448625046767e-09
-3.040806273446605701e-09
2.784076968964654952e-09
-2.761529227512937723e-09
2.566993062558253769e-09
-2.393138132106287230e-09
2.340048821380946720e-09
2.139245669496858682e-09
-1.947511485411723697e-09
-1.800154691977695620e-09
1.774394298159620575e-09
1.590672926710112733e-09
-1.513488445681332450e-09
1.473297706056087009e-09
-1.368139157520431581e-09
1.345867417512636166e-09
-1.140368022234383716e-09
1.102913427253326972e-09
-1.027434026745766005e-09
1.021832396475019777e-09
-9.428930969335169721e-10
7.754817898941723797e-10
-6.351095760415148561e-10
-4.978989442960823908e-10
4.865271518994518374e-10
-3.969023165684149035e-10
3.865163189509246422e-10
2.611154903409129702e-10
-2.126404607949439196e-10
1.840118335483253986e-10
1.056738169191717702e-10
-8.887015255643060385e-12
