2.512726868377550105e+00
9.313855764495246881e-01
8.698294908423783722e-01
6.365795755044282300e-01
5.014657930978996259e-01
3.686763737349237346e-01
2.839943236301917251e-01
1.647555657719991240e-01
1.285406317817056887e-01
9.707433710924427694e-02
7.638290399584743429e-02
6.841200269043608284e-02
6.171981859082222022e-02
5.068911286651794218e-02
4.637470865886837018e-02
4.002521246555366258e-02
3.271544488719629190e-02
2.873187456535424358e-02
2.103960370912707351e-02
1.955762408356990362e-02
1.861496544644119025e-02
1.759717857074386688e-02
1.642646874451729119e-02
1.215900337122386918e-02
1.170409939464807890e-02
1.046519502526288559e-02
9.816375687114900148e-03
8.633974492002056272e-03
7.530297084501568101e-03
7.387480299555382324e-03
6.134082598449161657e-03
5.189619615779972502e-03
4.954456971161533448e-03
4.670598344894152064e-03
4.208128729169783797e-03
3.859131398980509674e-03
3.436558146865702039e-03
2.970850972139998415e-03
2.885296949772938116e-03
2.494803224560869764e-03
2.436331245281669455e-03
2.047290288611835606e-03
1.897033077108731735e-03
1.785683571622930562e-03
1.518377728112326732e-03
1.481825856102557968e-03
1.315865913795461221e-03
1.273754340707020961e-03
1.204048954824993040e-03
1.106831663977301053e-03
1.079576604174750870e-03
9.927298435874743181e-04
8.441488484732293613e-04
8.059903958585280586e-04
7.695693981555074828e-04
7.576433902264300638e-04
6.443659698608603928e-04
5.926245333740165402e-04
5.820623089880489582e-04
5.490095008714964472e-04
5.139139466036189057e-04
5.027761565065188166e-04
4.696345131290829760e-04
4.155770941844858218e-04
4.055905721639068546e-04
4.007213325929164655e-04
3.546813179011497146e-04
3.273469109855740920e-04
3.205682748411218370e-04
2.868429863404994449e-04
2.681009100984096775e-04
2.605290726433215462e-04
2.389854719973331888e-04
2.284028105336260561e-04
2.079607359581800939e-04
1.978811425551617515e-04
1.924169348736960304e-04
1.769688314373368972e-04
1.737490879094941978e-04
1.638494439245450826e-04
1.570856396186416659e-04
1.478873891595121803e-04
1.414649145486144102e-04
1.348272422925109941e-04
1.320635338016172469e-04
1.221038324208718222e-04
1.153104810625995240e-04
1.149252410110862934e-04
1.071497319859007394e-04
1.031074908686747824e-04
9.877373854199464798e-05
9.365577216748405720e-05
9.003974152865508538e-05
8.712323529046681037e-05
8.067126753500311717e-05
7.756923301036584644e-05
7.259063634201660432e-05
6.850073167920578735e-05
6.757997793543443917e-05
6.329412077889799888e-05
6.239236599197734725e-05
6.031533060303246609e-05
5.712814366679083830e-05
5.405019137417777517e-05
5.237675656637945203e-05
4.989302241585125071e-05
4.792989260868524314e-05
4.501047246622705511e-05
4.459994515404382018e-05
4.376759410573796320e-05
4.082391007903009972e-05
3.967749597581974019e-05
3.861337579132682624e-05
3.540906991509160551e-05
3.308507549067691406e-05
3.087872584373235941e-05
2.972462808657712124e-05
2.938232297587048549e-05
2.783366133822762925e-05
2.574053876889215471e-05
2.508647347517510955e-05
2.487071533195607444e-05
2.395446526766562670e-05
2.293202426706385615e-05
2.157148985700539306e-05
2.025669995947679053e-05
1.894203938418679173e-05
1.874934086880155471e-05
1.768191819092793495e-05
1.646353686877800179e-05
1.577854476128733968e-05
1.549517486959275418e-05
1.427654833269044452e-05
1.391151735202056593e-05
1.353673267582470471e-05
1.304314827058255928e-05
1.284335948765677392e-05
1.158683656875309218e-05
1.111412948562758042e-05
1.074503865841661811e-05
1.031923449098435455e-05
9.942519387701713660e-06
9.670819261906404984e-06
9.368915910795238259e-06
9.074379007809638635e-06
8.903125808942027650e-06
8.850241272326656760e-06
8.422765680905778998e-06
8.152171910417183652e-06
7.863223796974457913e-06
7.397439577925791334e-06
7.286262669587037896e-06
7.188704663030480445e-06
6.705813863015744882e-06
6.348411782575828065e-06
6.173423178330580079e-06
5.809060063435640555e-06
5.580453234498753067e-06
5.437328211178815822e-06
5.344727948365187241e-06
5.017968892734941144e-06
4.926454772344503564e-06
4.802515216873846096e-06
4.737826677440853415e-06
4.444590386915775853e-06
4.341950178066701730e-06
4.163892143796450723e-06
3.982060526095572970e-06
3.818738075527551297e-06
3.738518712396412248e-06
3.662944655380919187e-06
3.417689557479559596e-06
3.308976291228683299e-06
3.222280861097759857e-06
3.137443315900448879e-06
2.981610146903703398e-06
2.939827579077874079e-06
2.730036053074990297e-06
2.649192242361133768e-06
2.584648900035630156e-06
2.499685160115052410e-06
2.400016181382707733e-06
2.356559567630955680e-06
2.243195281860793954e-06
2.209165913040720976e-06
2.100609425715808532e-06
1.990541419812631810e-06
1.959239351476812569e-06
1.867063129344520764e-06
1.850815489361303697e-06
1.749230847501790050e-06
1.699955256051395134e-06
1.654298588465268789e-06
1.629635825764655257e-06
1.560853106740217535e-06
1.522435914450658871e-06
1.474022301740108268e-06
1.431788882034164974e-06
1.402303508363635185e-06
1.353470927241316229e-06
1.302669375282821773e-06
1.281771130013304180e-06
1.231147759247423069e-06
1.208006975090510461e-06
1.165770226695956483e-06
1.120690412987482945e-06
1.108254402950449762e-06
1.091031278296965490e-06
1.014958800585423928e-06
9.737397415417067358e-07
9.708778479405912246e-07
9.539850622855558919e-07
9.206878520765351553e-07
8.989814596070059046e-07
8.659204597191113167e-07
8.371280530165893625e-07
8.113498301418871123e-07
8.065649851141051533e-07
7.816823861421608435e-07
7.577468076957407169e-07
7.519335789449486784e-07
7.327476120507873676e-07
7.163157849925886811e-07
6.858104069863250952e-07
6.495641874909845494e-07
6.296143469125497018e-07
6.208264061528300690e-07
6.095540429191074044e-07
5.998116709917505829e-07
5.849435081736956090e-07
5.782625489620398212e-07
5.585644165851645837e-07
5.377148268352842283e-07
5.261891071681953509e-07
5.142053379496962745e-07
4.907691885965856989e-07
4.802192500102344085e-07
4.464300648094542530e-07
4.319163988782925681e-07
4.246699130480347676e-07
4.222756600269910486e-07
4.130036713898258255e-07
4.021094863517312060e-07
3.956843083211385827e-07
3.773664664176172485e-07
3.666129506833690088e-07
3.503439933786723042e-07
3.455304438251346210e-07
3.339324560980589812e-07
3.250602430161709791e-07
3.157518630708204115e-07
3.091125981209293528e-07
2.997040596553554500e-07
2.987445317345852062e-07
2.880079685198336855e-07
2.748307136569048868e-07
2.678419239153499487e-07
2.546468862211191690e-07
2.436675287312556569e-07
2.382320488298150711e-07
2.331540572911107908e-07
2.276212384730827376e-07
2.165600152040275819e-07
1.991057808201472271e-07
1.943219461448729689e-07
1.892284517116483628e-07
1.817629070299338974e-07
1.681547034867022138e-07
1.672115089151792797e-07
1.585816436519095232e-07
1.539432292335181437e-07
1.404006121832947631e-07
1.358207341202074453e-07
1.280514590881976865e-07
1.262804163076756291e-07
1.187518005305327926e-07
1.068910173920522267e-07
8.809902454462232744e-08
8.286754874229794484e-08
1.135740842847644023e-08
1.089025000412743160e-08
5.941718155455442940e-09
3.493968593425939948e-09
2.473699144329138806e-09
1.119445512734080856e-09
