5.230440616607666016e+00
1.863214612007141113e+00
1.389305233955383301e+00
9.826157093048095703e-01
7.959675788879394531e-01
6.720485091209411621e-01
4.025588929653167725e-01
2.880373597145080566e-01
1.848230957984924316e-01
1.419208347797393799e-01
1.025185957551002502e-01
8.762851357460021973e-02
6.854011863470077515e-02
5.610477551817893982e-02
4.730350524187088013e-02
3.717459365725517273e-02
3.046684339642524719e-02
2.834054082632064819e-02
2.479615062475204468e-02
1.727465167641639709e-02
1.544211339205503464e-02
1.483287941664457321e-02
1.318956352770328522e-02
1.031044125556945801e-02
9.350870735943317413e-03
8.849810808897018433e-03
6.880181841552257538e-03
6.800892762839794159e-03
6.392875686287879944e-03
5.569800734519958496e-03
5.006635561585426331e-03
4.456163849681615829e-03
3.966463729739189148e-03
3.549910150468349457e-03
3.059202106669545174e-03
3.000821219757199287e-03
2.525733085349202156e-03
2.345314249396324158e-03
2.124681137502193451e-03
1.725385664030909538e-03
1.577553921379148960e-03
1.460224273614585400e-03
1.283796969801187515e-03
1.248851418495178223e-03
1.118289539590477943e-03
1.068987883627414703e-03
1.027542981319129467e-03
9.617743198759853840e-04
8.856031345203518867e-04
8.741068304516375065e-04
7.984681287780404091e-04
7.514713215641677380e-04
6.451481021940708160e-04
6.383279687725007534e-04
5.476813530549407005e-04
5.277392920106649399e-04
5.080577102489769459e-04
4.772141110152006149e-04
4.328680515754967928e-04
4.215540539007633924e-04
3.743806737475097179e-04
3.576556628104299307e-04
3.426594485063105822e-04
3.284462145529687405e-04
3.122714697383344173e-04
2.767929981928318739e-04
2.679046010598540306e-04
2.474531647749245167e-04
2.344599488424137235e-04
2.254233113490045071e-04
2.112324291374534369e-04
1.908588310470804572e-04
1.717150589684024453e-04
1.686476462054997683e-04
1.578345982125028968e-04
1.495432370575144887e-04
1.418208848917856812e-04
1.254729140782728791e-04
1.217203389387577772e-04
1.179575774585828185e-04
1.123100810218602419e-04
1.119675653171725571e-04
9.822290303418412805e-05
9.518763545202091336e-05
9.327838051831349730e-05
9.083526674658060074e-05
8.049601456150412560e-05
7.931911386549472809e-05
7.320313306991010904e-05
7.201571861514821649e-05
6.822129944339394569e-05
6.360217957990244031e-05
5.852128742844797671e-05
5.679406967828981578e-05
5.286687883199192584e-05
5.105838135932572186e-05
4.795865243067964911e-05
4.566618008539080620e-05
4.474478919291868806e-05
4.350475501269102097e-05
4.098963108845055103e-05
3.966465737903490663e-05
3.740103784366510808e-05
3.588927211239933968e-05
3.521835242281667888e-05
3.263371399953030050e-05
3.240974547225050628e-05
3.081785325775854290e-05
2.881754517147783190e-05
2.801519076456315815e-05
2.633089388837106526e-05
2.543204209359828383e-05
2.468426464474759996e-05
2.395722731307614595e-05
2.206329554610420018e-05
2.030649375228676945e-05
1.960107147169765085e-05
1.846025588747579604e-05
1.820894431148190051e-05
1.683646587480325252e-05
1.663472721702419221e-05
1.579839772603008896e-05
1.545913255540654063e-05
1.451098705729236826e-05
1.425170103175332770e-05
1.274654823646415025e-05
1.211479866469744593e-05
1.153031644207658246e-05
1.059483747667400166e-05
1.018762395688099787e-05
9.633160516386851668e-06
9.137391316471621394e-06
8.891604011296294630e-06
8.819017239147797227e-06
8.362538210349157453e-06
7.836273653083480895e-06
7.618432391609530896e-06
7.430168807331938297e-06
7.202699634945020080e-06
7.013971753622172400e-06
6.469708750955760479e-06
6.206731541169574484e-06
6.181931439641630277e-06
6.031678822182584554e-06
5.763739409303525463e-06
5.508414233190706000e-06
5.135839273862075061e-06
4.958813860866939649e-06
4.792756953975185752e-06
4.649818492907797918e-06
4.460830496100243181e-06
4.282616828277241439e-06
4.104357230971800163e-06
4.081521637999685481e-06
3.940840088034747168e-06
3.671793137982604094e-06
3.492817086225841194e-06
3.356567731316317804e-06
3.280557621110347100e-06
3.220844746465445496e-06
3.133055997750489041e-06
2.984783577630878426e-06
2.912847094194148667e-06
2.736009946602280252e-06
2.676316171346115880e-06
2.569374828453874215e-06
2.472905862305196933e-06
2.435593160043936223e-06
2.360960024816449732e-06
2.185336370530421846e-06
2.091474243570701219e-06
2.075964175674016587e-06
1.929897962327231653e-06
1.861926989477069583e-06
1.822189915401395410e-06
1.648960619604622480e-06
1.608466845937073231e-06
1.543401367598562501e-06
1.500254711572779343e-06
1.412462893313204404e-06
1.374419412059069145e-06
1.368652419841964729e-06
1.307155912400048692e-06
1.253871914741466753e-06
1.228149585585924797e-06
1.177485955849988386e-06
1.086710881281760521e-06
1.053872324519034009e-06
1.024955736284027807e-06
9.903662885335506871e-07
9.642792520025977865e-07
9.263352467314689420e-07
8.876666584001213778e-07
8.743181183490378316e-07
8.277148708657477982e-07
8.126797865770640783e-07
7.824697831892990507e-07
7.556064929303829558e-07
7.137307989069086034e-07
6.767535865037643816e-07
6.623624244639358949e-07
6.336970841402944643e-07
6.148926559035317041e-07
5.878339948139910121e-07
5.696534799426444806e-07
5.646937779602012597e-07
5.257304565020604059e-07
5.195055337026133202e-07
5.104676006340014283e-07
4.965991706740169320e-07
4.728869953396497294e-07
4.578956804834888317e-07
4.461092828478285810e-07
4.312179555654438445e-07
4.157649300395860337e-07
4.055407885061868001e-07
3.961160928156459704e-07
3.760646620776242344e-07
3.723276904565864243e-07
3.602891922582784900e-07
3.409263058529177215e-07
3.352587611971102888e-07
3.250973747981333872e-07
3.114175228802196216e-07
3.025449757387832506e-07
2.871516358027292881e-07
2.824514808708045166e-07
2.777910026452445891e-07
2.754128161086555338e-07
2.578280202669702703e-07
2.534216321237181546e-07
2.507959493414091412e-07
2.489572921149374451e-07
2.445658822125551524e-07
2.282131106312590418e-07
2.256268771816394292e-07
2.140825046126337838e-07
2.122575182283981121e-07
2.033278008184424834e-07
2.003405654704693006e-07
1.953574866320195724e-07
1.917105549864572822e-07
1.812913978938013315e-07
1.751469085320422892e-07
1.726156853010252235e-07
1.706871728401893051e-07
1.617473088799670222e-07
1.587992670692983666e-07
1.557202722324291244e-07
1.500631725548373652e-07
1.451831082022181363e-07
1.428936542424708023e-07
1.406309451112974784e-07
1.332594194991543191e-07
1.298559766382823000e-07
1.272425578235925059e-07
1.227395785008411622e-07
1.223357912749634124e-07
1.136181637662048161e-07
1.119217003520134313e-07
1.091876242753642146e-07
1.032153065239072021e-07
1.019661723944409459e-07
9.936879763472461491e-08
9.620325158721243497e-08
9.203844086869139574e-08
8.765903913854344864e-08
8.599953105203894665e-08
8.265615036862072884e-08
7.860317907670832938e-08
7.769653365130579914e-08
7.723711092921803356e-08
7.200632978765497683e-08
7.125233736360314651e-08
6.738707725162385032e-08
6.680364350586387445e-08
6.350680337163794320e-08
5.600352182000278844e-08
4.891933613748733478e-08
4.773171013994215173e-08
4.147289445199930924e-08
3.690616168228189053e-08
3.609495280443297816e-08
3.082436350609896181e-08
7.896554521380494407e-09
