5.832179906113840184e-01
1.281320765623580882e-01
1.241971530557950953e-01
8.986918954396029557e-02
5.309545768996212778e-02
3.440079249012373275e-02
2.401924422175990767e-02
1.361026233307429875e-02
1.105666562574793635e-02
8.769028948039899948e-03
7.918636977482223366e-03
6.536389341990394425e-03
4.913655908196457554e-03
4.118526090249558652e-03
3.701560917028176058e-03
3.485214005850136281e-03
2.820249966494844159e-03
2.626942701025594511e-03
2.370103058156746486e-03
2.156946102922158506e-03
1.910046171104206420e-03
1.758967715518600268e-03
1.412694922983564723e-03
1.324021938350449304e-03
1.241524239801284442e-03
1.109137470391498813e-03
9.782220946973558054e-04
9.011141475659582107e-04
8.392902211900776701e-04
8.077814576959191795e-04
7.288682003588591984e-04
6.786723350672203446e-04
6.694328073206499714e-04
5.988840162793948726e-04
5.227269965185347327e-04
4.902260604802316816e-04
4.751135525589497569e-04
4.342913232807787808e-04
3.865333267242560423e-04
3.832467441001561758e-04
3.735694867961222116e-04
3.544274835629756181e-04
3.262868817608456672e-04
2.873369958232409403e-04
2.805208829204383441e-04
2.603422899765962784e-04
2.476475775385856767e-04
2.397232426861292849e-04
2.257984449420912096e-04
2.220062032653019309e-04
2.110006959869422923e-04
1.985097509660788790e-04
1.973058324810295821e-04
1.811345941621101145e-04
1.773273422764793674e-04
1.672715488152913944e-04
1.633425147649419581e-04
1.505451050030085695e-04
1.457728779434801626e-04
1.361637122429242702e-04
1.342775547919644054e-04
1.276136470579856692e-04
1.246076542188451620e-04
1.182313120948754018e-04
1.066137453575442438e-04
1.061438803017407802e-04
9.821348532108780467e-05
9.665510593395595885e-05
9.243972260464159666e-05
8.954604670315283275e-05
8.632866562573939960e-05
8.205521906323752013e-05
7.921880383822283160e-05
7.841174990574560600e-05
7.220954411888952493e-05
7.002971921353368903e-05
6.726334025383665810e-05
6.493113867699640556e-05
6.214579338706966035e-05
6.053589270975813491e-05
5.878937619691909807e-05
5.529341037993747100e-05
5.326188301058428577e-05
4.980558116444640281e-05
4.612461531423231990e-05
4.508886100553097730e-05
4.426043023036744498e-05
4.365292709105460928e-05
4.229635576186148796e-05
3.928777056558710565e-05
3.834475428062530873e-05
3.634014368846369598e-05
3.566322345837146326e-05
3.387607677477345435e-05
3.282570232328691450e-05
3.144195605190420149e-05
3.012818303715624624e-05
2.920346692352155331e-05
2.869392814486909166e-05
2.759824421069304189e-05
2.714182417594222847e-05
2.616251143186704525e-05
2.569155512471433937e-05
2.511829535956387949e-05
2.429998053083080100e-05
2.260414123436692323e-05
2.172496294632546182e-05
2.108220636733495267e-05
2.041375606691867985e-05
1.986582027679341988e-05
1.926010035204574322e-05
1.887133324410302711e-05
1.803021369337677739e-05
1.740672282095058433e-05
1.717978030506634921e-05
1.625486843021170831e-05
1.577586892625602519e-05
1.525576643384504349e-05
1.471500423486171250e-05
1.399342213948963892e-05
1.360631266682088045e-05
1.286273754512245030e-05
1.223756103062262748e-05
1.192890264920780515e-05
1.163071418483197787e-05
1.056076584470245961e-05
1.046439481848179549e-05
1.040172816829367181e-05
1.004060028958015631e-05
9.759836017340268197e-06
9.245425397026212430e-06
9.218397932583289998e-06
9.027689995360000229e-06
8.478454301497797391e-06
8.145214194826781227e-06
7.794312404850746085e-06
7.496099601266763535e-06
7.440360971145932696e-06
6.925752423174722286e-06
6.559488502989901625e-06
6.009890167097589480e-06
5.987553636754763973e-06
5.943807362207174072e-06
5.519763492622829457e-06
5.422919673172317731e-06
5.221459673935441630e-06
5.084826897370415612e-06
4.866014665674936839e-06
4.646649729134638412e-06
4.589352822005399640e-06
4.501044170261642239e-06
4.040926745117989637e-06
3.855500173243072482e-06
3.696351308234096469e-06
3.492877525899536862e-06
3.351495038040278125e-06
3.195518472257371205e-06
3.070562404454943805e-06
2.961929110437582198e-06
2.718431728310889459e-06
2.702706323210329863e-06
2.603468588945059771e-06
2.476110143255479905e-06
2.244825482171716859e-06
2.139541485701361538e-06
2.116217424904855922e-06
1.957341295638857093e-06
1.923552864917433034e-06
1.725743152893544683e-06
1.580091751405807088e-06
1.404667272831793496e-06
1.221754456547216169e-06
1.181490932079762306e-06
1.108992235963367193e-06
9.144777891429958840e-07
1.766067968373793746e-08
1.468586080959694640e-08
1.362117205881830890e-08
1.143360956137414416e-08
9.782947321808106045e-09
9.655845773078220179e-09
9.585568663345734899e-09
8.697769714169305022e-09
8.580205160731189234e-09
8.149091841859162416e-09
8.076427418862917081e-09
7.910196401162196135e-09
7.534687211586072857e-09
7.117164751385448657e-09
7.028221461704692936e-09
6.446144007222592728e-09
6.287714791677332062e-09
6.221064711643351155e-09
6.188705290202733419e-09
6.049714029109940168e-09
5.977604828404498388e-09
5.779266640257323443e-09
5.746759625428932852e-09
5.317288636943762943e-09
5.195384553533552318e-09
5.095646236389420813e-09
4.918897530475507257e-09
4.747265264984565003e-09
4.541419822762203644e-09
4.533965010837922908e-09
4.328994514338627649e-09
4.249017733743329653e-09
4.180834028208620327e-09
4.139306288855283843e-09
4.125154284852547124e-09
3.899551635587131750e-09
3.755988962007776926e-09
3.737935406123610837e-09
3.734416363725965515e-09
3.593175780080233637e-09
3.502313167344523104e-09
3.381444701210983429e-09
3.359814920571009600e-09
3.237753370227904627e-09
3.218049626491412385e-09
3.182660315113783766e-09
3.002954236607917724e-09
2.987605771355726857e-09
2.906313630325116625e-09
2.815069807792463457e-09
2.675086316629813334e-09
2.652166994303213975e-09
2.619810236271892127e-09
2.595282074953017378e-09
2.516843568463629210e-09
2.343535289094047663e-09
2.310761949177555195e-09
2.260123203931083252e-09
2.223110306759431157e-09
2.172592528262157785e-09
2.163278684465468685e-09
2.120027470987490975e-09
2.073226332689526759e-09
2.026743666321428125e-09
1.986173334535717632e-09
1.935279596636296341e-09
1.894613457003879487e-09
1.881616416308259568e-09
1.803119984632142969e-09
1.739222545747796898e-09
1.724624811227548343e-09
1.662328920862558439e-09
1.593397178416348189e-09
1.568844937016672014e-09
1.508443432296127020e-09
1.500450474596944945e-09
1.458887510766446517e-09
1.425148730765493943e-09
1.396812534657071266e-09
1.331226880057641586e-09
1.330454084585712371e-09
1.227212332983206802e-09
1.226280922253112801e-09
1.159985909413259928e-09
1.111157809341383164e-09
1.105838873729293034e-09
1.071633949843912846e-09
1.022252590039373610e-09
1.020172410370185438e-09
9.722884324437154842e-10
9.551997658198566080e-10
9.210333266575361491e-10
8.435553830248569421e-10
8.314593084387560147e-10
7.715262604798702304e-10
7.555256032889061177e-10
7.231298263907084787e-10
7.088146363926401675e-10
6.690472206829589880e-10
6.353654868987338463e-10
5.975123127984545719e-10
5.871243250799590712e-10
5.079832228570829837e-10
4.512733090186867338e-10
4.320795057016022792e-10
4.143794640789725573e-10
3.980970658603008267e-10
3.797526549537907392e-10
3.295588506109814424e-10
3.117515652398432172e-10
3.058258965597627637e-10
2.431158152228965379e-10
2.413302560334352359e-10
2.219992384595026773e-10
2.110515438751823717e-10
1.718615908363200941e-10
1.197754163400414022e-10
1.016678197326427453e-10
8.137931363789236734e-11
3.503935765534253188e-11
2.980014935033408447e-11
2.088353600495125980e-11
