9.926526546478271484e-01
2.069330662488937378e-01
1.688085496425628662e-01
1.214423403143882751e-01
7.903640717267990112e-02
5.129483714699745178e-02
2.817305922508239746e-02
1.971723698079586029e-02
1.485212147235870361e-02
1.130601856857538223e-02
8.961926214396953583e-03
7.395081687718629837e-03
6.062063388526439667e-03
4.657018464058637619e-03
3.639595350250601768e-03
3.242766018956899643e-03
2.722035627812147141e-03
2.459177514538168907e-03
2.010889817029237747e-03
1.945564989000558853e-03
1.638641115278005600e-03
1.510440954007208347e-03
1.250590197741985321e-03
1.182829379104077816e-03
1.058162306435406208e-03
9.654023451730608940e-04
8.464227430522441864e-04
7.964062388055026531e-04
7.552296156063675880e-04
7.251070346683263779e-04
6.626821705140173435e-04
5.685642827302217484e-04
5.460820393636822701e-04
4.823566996492445469e-04
4.489186976570636034e-04
4.263207083567976952e-04
4.042351210955530405e-04
3.778006357606500387e-04
3.416964027564972639e-04
3.214890311937779188e-04
2.981594880111515522e-04
2.885409048758447170e-04
2.698098251130431890e-04
2.609127259347587824e-04
2.507803146727383137e-04
2.441656542941927910e-04
2.268740499857813120e-04
2.032966585829854012e-04
1.994004269363358617e-04
1.855115551734343171e-04
1.778404403012245893e-04
1.668583136051893234e-04
1.561129611218348145e-04
1.509060675743967295e-04
1.361292233923450112e-04
1.256843243027105927e-04
1.203733845613896847e-04
1.191723131341859698e-04
1.125384515034966171e-04
1.103350077755749226e-04
9.762441914062947035e-05
9.453621896682307124e-05
9.113136184168979526e-05
8.607350901002064347e-05
8.186772174667567015e-05
7.888209074735641479e-05
7.806812936905771494e-05
7.100521906977519393e-05
6.994668365223333240e-05
6.730081076966598630e-05
6.573017162736505270e-05
5.935626177233643830e-05
5.721563866245560348e-05
5.291361594572663307e-05
5.111376231070607901e-05
4.936456025461666286e-05
4.890790296485647559e-05
4.802425610250793397e-05
4.605063440976664424e-05
4.181129042990505695e-05
4.032111610285937786e-05
3.926377758034504950e-05
3.728072624653577805e-05
3.543225102475844324e-05
3.435814505792222917e-05
3.271921741543337703e-05
3.101078618783503771e-05
2.912840136559680104e-05
2.797905290208291262e-05
2.614906588860321790e-05
2.542934998928103596e-05
2.459550887579098344e-05
2.371217487961985171e-05
2.333864904358051717e-05
2.269669494125992060e-05
2.101050267810933292e-05
1.997696199396159500e-05
1.916984001582022756e-05
1.748370232235174626e-05
1.723668538033962250e-05
1.661992973822634667e-05
1.583911216584965587e-05
1.577052717038895935e-05
1.468305617891019210e-05
1.451700518373399973e-05
1.375593092234339565e-05
1.334976059297332540e-05
1.266575782210566103e-05
1.249021534022176638e-05
1.228754445037338883e-05
1.181928655569208786e-05
1.126119877881137654e-05
1.106049603549763560e-05
1.077998331311391667e-05
9.910808330459985882e-06
9.810644769459031522e-06
9.525680070510134101e-06
9.173335456580389291e-06
8.739361874177120626e-06
8.373693162866402417e-06
7.947030098875984550e-06
7.637417184014339000e-06
7.502819698856910691e-06
7.300486686290241778e-06
6.857467269583139569e-06
6.345188467093976215e-06
6.058356575522338971e-06
6.004650003887945786e-06
5.909720584895694628e-06
5.621840045932913199e-06
5.267228971206350252e-06
5.094377684145001695e-06
4.804628133570076898e-06
4.616746082319878042e-06
4.495175744523294270e-06
4.313487352192169055e-06
4.117596745345508680e-06
4.059665570821380243e-06
3.779726057473453693e-06
3.584003252399270423e-06
3.515819571475731209e-06
3.384249112059478648e-06
3.299057652839110233e-06
3.207800546078942716e-06
3.144577931379899383e-06
3.033638449778663926e-06
2.866321437977603637e-06
2.659272695382242091e-06
2.511632601454039104e-06
2.428945890642353334e-06
2.337618298042798415e-06
2.192589136029710062e-06
2.119185182891669683e-06
2.017930000874912366e-06
1.866759134827589151e-06
1.788630470400676131e-06
1.717402938083978370e-06
1.665354147917241789e-06
1.579506033522193320e-06
1.531044517832924612e-06
1.473550469199835788e-06
1.433888314750220161e-06
1.391972318742773496e-06
1.193513867292494979e-06
1.141296479545417242e-06
1.054560584634600673e-06
1.035404579852183815e-06
1.025776555252377875e-06
9.477132607571547851e-07
8.304216976284806151e-07
7.161158919188892469e-07
6.558159952874120791e-07
5.649096124216157477e-07
5.410952894635556731e-07
4.879124162471271120e-07
1.651005554492712690e-08
8.650131277931905061e-09
-7.628708331708367041e-09
-5.810703029851538304e-09
5.707547323652306659e-09
-5.606546338299267518e-09
-5.217617005115471329e-09
-4.635164696509264104e-09
4.424215216403126760e-09
4.196437863868140994e-09
-4.126505803725422084e-09
3.991700303629386326e-09
-3.929734315732957839e-09
3.813548143938305657e-09
-3.754196953309474338e-09
-3.565864048482580984e-09
3.418878735672592484e-09
3.312406571254200571e-09
-3.263703529654549129e-09
3.190041564238299543e-09
-3.103930001913113301e-09
-2.993655767724590078e-09
-2.909318119748149911e-09
2.871731741294070162e-09
2.851254787827883774e-09
-2.773164586855614289e-09
-2.728419490338751530e-09
2.709637403341957906e-09
2.581735047968436447e-09
-2.515614827558465549e-09
2.500572415797819303e-09
-2.462214432341625070e-09
2.436224999513569855e-09
2.349879624219397556e-09
-2.241104191114118294e-09
2.137969135063144677e-09
-2.103370366768331223e-09
2.075872584939020271e-09
1.938517346644630379e-09
-1.932040305518967216e-09
-1.917745295898498625e-09
-1.887062728300747949e-09
1.883506461908268648e-09
1.795371185053795671e-09
-1.736213395275854054e-09
1.685719119848272385e-09
1.663771342919062590e-09
-1.652207592961474347e-09
-1.562640239427537381e-09
1.547206474050710767e-09
1.534927518420658998e-09
1.509271152499991331e-09
-1.496707535686425672e-09
-1.463556498215723423e-09
-1.434564467217569472e-09
1.332959964628344096e-09
-1.327912224624583359e-09
1.300129670589456055e-09
-1.259310211665365387e-09
1.248719683211163556e-09
-1.209635391852259545e-09
1.192850596076766578e-09
-1.149664918820292314e-09
-1.124989990053393285e-09
-1.113520275985990793e-09
1.099277002758469735e-09
-1.072387623146653368e-09
1.056105869423618060e-09
-1.006385308421897662e-09
9.901498509989892227e-10
-9.720493299170129831e-10
9.595251260208215172e-10
9.522046484633506225e-10
-9.325680228045030162e-10
9.001992484769516523e-10
-8.710409615808600847e-10
8.366093373624039486e-10
-8.114054428354222637e-10
-8.088113512272343542e-10
8.017791985892586126e-10
7.593988771148474370e-10
-7.458493267442634078e-10
7.435738691441429182e-10
-7.229654097606896812e-10
7.000956481206799253e-10
6.652320361233421409e-10
-6.356445925170817191e-10
6.313404798952149122e-10
6.104788896621471395e-10
-5.752181508889009365e-10
-5.617882270492202679e-10
5.569706362784643261e-10
-5.322380869365872513e-10
-4.876148929078283345e-10
4.737493730644359857e-10
-4.412333554082437104e-10
4.367335659782867197e-10
-4.204524783890661865e-10
-4.062532255044715157e-10
3.933353365237479693e-10
3.629196665411171807e-10
-3.542385551558169254e-10
-3.369493295490855189e-10
-3.001745241260067587e-10
-2.766536721932055798e-10
2.752739147737770509e-10
2.737315929479677834e-10
2.395202924887485096e-10
2.304988699908250283e-10
-2.156134437658607794e-10
1.993700204927506547e-10
1.791917308979762424e-10
-1.653649994715067351e-10
1.335202781671540606e-10
-1.333938237646492553e-10
-1.266931420884631621e-10
8.172355153712729248e-11
-7.496632481451825925e-11
6.985687722727007554e-11
-3.036896775721054098e-11
2.347752027509475425e-11
-2.058819781325382792e-11
