3.845967289624433426e-03 1.703702377780149171e-02
6.048717884288102274e-03 1.137911831099121945e-02
6.855066951707774157e-03 1.375679439193609049e-02
4.345946966241285604e-03 1.985969095645380086e-02
4.540042885282321618e-03 1.689806788165037002e-02
5.933089050694726092e-03 1.670113431321499850e-02
8.139211527307050817e-03 1.532275720225990089e-02
5.999435559465428856e-03 1.735301917792076570e-02
7.135970524184987243e-03 1.841570891281892400e-02
2.892957453742313074e-03 1.828502314185175004e-02
5.024836331354600415e-03 1.879040078930654598e-02
2.550117015536908747e-03 1.946818104992073528e-02
4.916762702162211923e-03 1.615939658766273740e-02
2.377996378563606303e-04 1.850949174150981480e-02
5.066862457688761125e-03 2.091370032843049148e-02
1.681497364919378899e-04 1.966240867297966086e-02
3.212496204984913173e-03 1.327859642825301480e-02
4.146178360905780451e-03 1.125664435641984817e-02
3.867443939314570926e-03 2.072984612429764478e-02
5.925936439232765314e-03 1.672304530457947511e-02
4.601899181625864095e-03 2.323028383769409552e-02
5.768785919019415488e-03 5.768785919019415488e-03
0.000000000000000000e+00 1.536489520675160189e-02
2.984361769780443860e-03 2.059818395178472650e-02
2.721741258305927173e-03 2.064712858582130189e-02
3.446044142283934304e-03 1.853654414686571605e-02
3.578864798883242288e-03 1.808344340915209181e-02
4.345946966241285604e-03 1.051226719666223039e-02
2.192404333144866088e-03 1.635445022447753333e-02
4.971093221127251272e-03 1.649816343806401880e-02
4.063521992959795610e-03 1.797252093792212416e-02
2.377996378563606303e-04 1.769076162684544290e-02
2.113609413634573008e-03 2.074760080712278673e-02
2.912438868833548992e-04 2.161774429604806230e-02
5.147140064902326270e-03 1.149707149160269018e-02
5.604710959830520346e-03 1.473483817162777459e-02
1.063472310543309802e-03 2.034761702880371129e-02
5.817592084112021070e-03 1.476278616658617190e-02
2.079897373428108570e-03 2.062960976689331982e-02
5.317361552716548360e-03 1.479553405623149770e-02
4.105058220519613825e-03 1.138968387810933638e-02
7.310163543831449222e-03 1.408972686265704682e-02
5.815161504484680707e-03 2.288076958820723511e-02
4.394470393758099190e-03 1.713539336997765491e-02
5.274651129713813467e-03 1.492755119844222864e-02
4.388031605840121696e-03 2.166654982363358170e-02
5.510592943558700711e-03 1.971682629294229522e-02
2.413402738822403252e-03 1.947901082254496416e-02
4.207105062905476880e-03 1.104802314650966955e-02
3.830715244561767700e-03 1.214652179288300618e-02
7.300487611670253979e-03 7.300487611670253979e-03
4.916762702162211923e-03 4.916762702162211923e-03
3.068444749838036747e-03 1.346131851823427136e-02
6.979733324362538682e-03 1.675094633383865037e-02
3.804794205701770085e-03 2.167181150742016754e-02
6.656266310295648643e-03 1.730726412636118469e-02
1.247031821377043862e-03 1.921316533275142097e-02
4.524446676754085607e-03 2.329249729071764322e-02
3.216893874675504517e-03 2.106050970295669789e-02
1.638920900720737235e-03 2.305340632878744717e-02
4.919637161748391732e-03 1.660868820248603134e-02
6.536246514335853318e-03 1.543460679814730521e-02
1.503976964778600293e-03 1.932416058882326787e-02
4.687126777307545379e-03 1.779977161963669854e-02
2.912438868833548992e-04 1.977478285613950074e-02
4.166586253005834066e-03 1.454940402120653842e-02
1.334647157336129805e-03 2.049379821570140869e-02
5.185449982602767342e-03 1.487076055125879578e-02
4.378355669906788469e-03 1.037287830332428787e-02
5.420058385637386775e-03 1.914001620981102547e-02
6.551369233476598761e-03 1.767255855959624922e-02
1.826573677165079608e-03 1.942259512477655103e-02
4.527570216426620407e-03 1.691936037134270446e-02
4.448823857787099893e-04 1.636406560732850748e-02
3.979149026373926014e-03 1.746101505427664555e-02
0.000000000000000000e+00 1.828312262845219541e-02
1.280590240933403290e-03 2.035778248468205626e-02
9.947872565934815035e-04 1.907683250904258429e-02
1.235643164366088042e-03 1.413140235453758976e-02
5.007927131419477422e-03 1.565892494748500827e-02
1.946473924877826231e-03 1.859064392258929013e-02
5.982917908094854444e-03 1.183637319000481816e-02
4.601899181625864095e-03 1.941997248486814973e-02
2.249690148650066151e-03 1.935809222991696429e-02
2.955802626975152780e-03 2.072315080196401524e-02
1.681497364919378899e-04 1.966240867297966086e-02
0.000000000000000000e+00 1.332600106675778731e-02
5.258545287139529054e-03 2.255519099886882373e-02
3.026695256854881368e-03 1.922558317676812539e-02
1.681497364919378899e-04 1.844555799611305447e-02
1.416854864001206677e-03 2.042273025160008110e-02
5.013569868005424320e-03 1.593572737035611753e-02
5.209929032819526906e-03 1.914893664037828000e-02
3.482770339185486605e-03 2.040700772317611406e-02
3.943460870259710843e-03 1.186028519863256865e-02
3.299336076347578368e-03 1.786141571926615906e-02
5.185449982602767342e-03 1.549760117915644636e-02
4.858916421562249101e-03 1.905779474412647861e-02
5.697274374373217758e-03 1.519746356842064869e-02
8.055407889107612726e-03 8.055407889107612726e-03
