2.863789472473321496e-01
6.629084786697356235e-02
4.077217833333011965e-02
3.137004041958769279e-02
2.150831541531950108e-02
1.360559539114326172e-02
8.432954619587661876e-03
7.544270916429869113e-03
5.586339144247855909e-03
4.183984101544706638e-03
3.682222126018028664e-03
3.284634773334956220e-03
3.053485692111761879e-03
2.577205619105128222e-03
2.137256966408959506e-03
1.869033795313126533e-03
1.625927404661215445e-03
1.527025234185456397e-03
1.227658652981865372e-03
9.372249706666041253e-04
9.235821253055205658e-04
9.115295626519720040e-04
7.877860608452261649e-04
7.051827270080099439e-04
6.744395126601389345e-04
5.724071967699381628e-04
5.212782219423252143e-04
4.834528182232515148e-04
4.417738017506343752e-04
4.245935854100447862e-04
3.976018200652818796e-04
3.648276184958116632e-04
3.419983152311861395e-04
3.313188704820074272e-04
3.018059215279159753e-04
2.885997021862827584e-04
2.707665894455989685e-04
2.524437413318481580e-04
2.358295148294617036e-04
2.256022014674504827e-04
2.149860649955558848e-04
2.094695724583321174e-04
2.017262193434709032e-04
1.854933651074623646e-04
1.718216416930428933e-04
1.674375557500464495e-04
1.603394932259391873e-04
1.589602089514409575e-04
1.452790949056125599e-04
1.412565485141791498e-04
1.347934524369292792e-04
1.278919615889379370e-04
1.215884890580089765e-04
1.159904107520302272e-04
1.115368263792378503e-04
1.086463058784403773e-04
1.025709160914663594e-04
9.861631383637059337e-05
9.550104333148812968e-05
9.196152422489080097e-05
9.023983891025964723e-05
8.727707321221727895e-05
8.336087390106686917e-05
8.004021077960161708e-05
7.734442329573048170e-05
7.602421075129181408e-05
7.169615763874264845e-05
6.851996627335435236e-05
6.691275792911012456e-05
6.412274131108602361e-05
6.150358515489618740e-05
5.961961072353456258e-05
5.782893130043477610e-05
5.703011724424145688e-05
5.515507047797869427e-05
5.340749762142864737e-05
5.177204639672713645e-05
4.885787516764167451e-05
4.700143765640972223e-05
4.656030399997219667e-05
4.570406536217984920e-05
4.389038267862548385e-05
4.309121952323186576e-05
4.195515040060600537e-05
4.029959384833803907e-05
3.757482394291615638e-05
3.624947065053423640e-05
3.587678720179700694e-05
3.474925637153663237e-05
3.393262742566926024e-05
3.274640565502943214e-05
3.097264810823140363e-05
3.056483972419021447e-05
2.929883366350607635e-05
2.836830863192762856e-05
2.757430413603753221e-05
2.661950867519884275e-05
2.519597649532959218e-05
2.461885253669143011e-05
2.367531878520640583e-05
2.302966603673978075e-05
2.298098329143197444e-05
2.242200276302155505e-05
2.192434878145529134e-05
2.074683002932226270e-05
2.030010301078434611e-05
1.941215323221783147e-05
1.904552275177550278e-05
1.881900646054536627e-05
1.827926197509497047e-05
1.790866471932694686e-05
1.712024968518667561e-05
1.675545844769990889e-05
1.636977464179875056e-05
1.514012980441678702e-05
1.484587604990777989e-05
1.475180594980826449e-05
1.447029163854997820e-05
1.430572661481149428e-05
1.408646164247281138e-05
1.300542115129534450e-05
1.277640585219356209e-05
1.267227739039246015e-05
1.206605609568038690e-05
1.178573578479447104e-05
1.154311842973417714e-05
1.102575007503690926e-05
1.085283215884089668e-05
1.072563764119338262e-05
1.006245765275218296e-05
9.813915452515600715e-06
9.554555302332952378e-06
9.315385457352383356e-06
8.866153093503695675e-06
8.671411588253092386e-06
8.046151909103798036e-06
8.021704858598420563e-06
7.975106539419749924e-06
7.727064576532608736e-06
7.636603683975798674e-06
7.349417168501827118e-06
6.951923200966686275e-06
6.793646275451892815e-06
6.560602229900509376e-06
6.444280221937315230e-06
6.250901257032174921e-06
6.216109295484001426e-06
5.922030450596757934e-06
5.837865347117266860e-06
5.567770332803903545e-06
5.481300900615567453e-06
5.363019374942098335e-06
5.187868933104904799e-06
5.032491663475261324e-06
4.791882458101766265e-06
4.682278470614836737e-06
4.558940487475163988e-06
4.461926736235374366e-06
4.321327021576943049e-06
4.220303982757739055e-06
4.095027699857520453e-06
4.030500629238877106e-06
3.846779366019646151e-06
3.788996492227177242e-06
3.684370477960995499e-06
3.556040346636844212e-06
3.439653063747915653e-06
3.406115130306865557e-06
3.343287216543404281e-06
3.095780353647735685e-06
3.068407152969144847e-06
2.965227300820131111e-06
2.876021199826954034e-06
2.797532299249391341e-06
2.650215244122892916e-06
2.561407418474868867e-06
2.457790725983324489e-06
2.405483887735004140e-06
2.313605719895377205e-06
2.230497998570003422e-06
2.177772798249030582e-06
2.096073998864680083e-06
2.021461929758473436e-06
1.989991923614338208e-06
1.923386568245778108e-06
1.868519667042131487e-06
1.737674164588303755e-06
1.697863468333760963e-06
1.627868781158609940e-06
1.587760771920131853e-06
1.505211406233429239e-06
1.473901750831600621e-06
1.464862575166333792e-06
1.428372023344841940e-06
1.371129190816278765e-06
1.285817104283192375e-06
1.250909857361464355e-06
1.195561219024412622e-06
1.143292928494984980e-06
1.111424107878938724e-06
1.095004177803989601e-06
9.996440798864162171e-07
9.535763136569338845e-07
9.311327283170037711e-07
9.209384178657331731e-07
9.147481140026239456e-07
8.232169228323776764e-07
7.932472510985267333e-07
7.722181509965268259e-07
7.297355815354098230e-07
7.141109258061987598e-07
6.939747454725931591e-07
6.296160979177903995e-07
6.234289853875418614e-07
5.793332018628389574e-07
5.467233061670638449e-07
5.185623530237169407e-07
4.741393447702307612e-07
4.481347982144904648e-07
4.319130940989014277e-07
4.038667295306558403e-07
3.939634601607868312e-07
3.613140150745551552e-07
3.466772759056441262e-07
3.224586406183737894e-07
2.921335413796730853e-07
2.695617372785248024e-07
2.423604698621411712e-07
2.045876151023273885e-07
1.847381564746857668e-07
1.536271505826137371e-07
1.509551010201430654e-07
1.372035999368033686e-07
9.746589421451771796e-08
4.885732664797245235e-09
4.483923672490613499e-09
3.408166231033040417e-09
2.973596607344059273e-09
2.878766451538793425e-09
2.801289162230750532e-09
2.616487655222422172e-09
2.505043146498771566e-09
2.436765581730709799e-09
2.332878660893884188e-09
2.266482706687220736e-09
2.168548817408028763e-09
2.027053439579281016e-09
1.946574998986266762e-09
1.825319918925719771e-09
1.777869446407175558e-09
1.687400046864775168e-09
1.620999748797842916e-09
1.604584605649555151e-09
1.572188356446600689e-09
1.469560704366126717e-09
1.437256696987091648e-09
1.294635245965364859e-09
1.277714890489518035e-09
1.188832881133609594e-09
1.137724207932156844e-09
1.109015448968758231e-09
1.064594586570539907e-09
9.983170923390667856e-10
9.954014518571862656e-10
9.587231189506353827e-10
9.567725369888501283e-10
8.910788384495730783e-10
8.812525519126264697e-10
8.078612685989701906e-10
7.302873101551479382e-10
6.983959657345766093e-10
6.540617276609493979e-10
5.983431674068576228e-10
5.893792562061893677e-10
5.855462787486205752e-10
5.815497303686237957e-10
5.401008078778808729e-10
4.171032111123340336e-10
4.004422423116221018e-10
3.975228375941381821e-10
3.422351131904709654e-10
3.345663859202679402e-10
3.000262413068471378e-10
2.884673897204104124e-10
2.675758699659691455e-10
2.466627865993594559e-10
2.191266521273088638e-10
1.823437159573492365e-10
1.476196155828087579e-10
1.144182732205867184e-10
1.061317815154023070e-10
8.993201752343030252e-11
4.908974304953841438e-11
4.893811632245203026e-11
1.513443074064324370e-11
1.493051643296413738e-11
5.674101103282317753e-12
