5.202901363372802734e-01
1.118226870894432068e-01
6.333512067794799805e-02
5.382474511861801147e-02
2.982245758175849915e-02
1.906942389905452728e-02
1.088570617139339447e-02
8.934878744184970856e-03
7.239104714244604111e-03
5.076265428215265274e-03
4.373592790216207504e-03
3.663196926936507225e-03
3.253054805099964142e-03
2.488854574039578438e-03
2.388279419392347336e-03
1.784836756996810436e-03
1.508226152509450912e-03
1.416973886080086231e-03
1.335283974185585976e-03
1.043846248649060726e-03
8.672967087477445602e-04
8.307105745188891888e-04
6.889491924084722996e-04
5.713654682040214539e-04
5.403395625762641430e-04
5.118752014823257923e-04
4.705676401499658823e-04
4.426934174261987209e-04
4.075878532603383064e-04
3.913479449693113565e-04
3.395157109480351210e-04
3.300465177744626999e-04
3.010604414157569408e-04
2.805987023748457432e-04
2.743151271715760231e-04
2.525595773477107286e-04
2.431551693007349968e-04
2.307087997905910015e-04
2.186632773373275995e-04
2.065085718641057611e-04
1.911162544274702668e-04
1.845172228058800101e-04
1.697136030998080969e-04
1.660061243455857038e-04
1.530848385300487280e-04
1.417689345544204116e-04
1.403052010573446751e-04
1.359855232294648886e-04
1.212437273352406919e-04
1.202289276989176869e-04
1.111288511310704052e-04
1.070021608029492199e-04
1.014706504065543413e-04
9.588357352185994387e-05
9.379551192978397012e-05
8.744862861931324005e-05
8.445153798675164580e-05
8.222538599511608481e-05
7.892799476394429803e-05
7.606439612573012710e-05
7.166875002440065145e-05
6.944524648133665323e-05
6.670808215858414769e-05
6.400347047019749880e-05
6.192670844029635191e-05
5.961516217212192714e-05
5.642237738356925547e-05
5.436161154648289084e-05
5.252160553936846554e-05
5.115288877277635038e-05
4.702079968410544097e-05
4.474461456993594766e-05
4.286184412194415927e-05
4.148176958551630378e-05
3.990377445006743073e-05
3.847791231237351894e-05
3.659252979559823871e-05
3.539335739333182573e-05
3.288135849288664758e-05
3.174205630784854293e-05
3.105209179921075702e-05
2.958782351925037801e-05
2.775117900455370545e-05
2.710595254029612988e-05
2.690227483981288970e-05
2.495910121069755405e-05
2.417028372292406857e-05
2.360329017392359674e-05
2.265512193844188005e-05
2.190772283938713372e-05
2.082302489725407213e-05
2.022183252847753465e-05
1.969062213902361691e-05
1.833926762628834695e-05
1.783074912964366376e-05
1.764412627380806953e-05
1.633978354220744222e-05
1.594207060406915843e-05
1.555022754473611712e-05
1.524495655758073553e-05
1.495268679718719795e-05
1.417754810972837731e-05
1.378388060402357951e-05
1.367566801491193473e-05
1.336150398856261745e-05
1.305481691815657541e-05
1.237266405951231718e-05
1.191882256534881890e-05
1.107518437493126839e-05
1.059337500919355080e-05
1.029684244713280350e-05
9.787340786715503782e-06
9.552454685035627335e-06
9.462871275900397450e-06
9.126207260123919696e-06
8.900476132112089545e-06
8.640960004413500428e-06
8.486842489219270647e-06
8.341885404661297798e-06
8.231886567955370992e-06
7.742560228507500142e-06
7.629646461282391101e-06
7.390404334728373215e-06
7.226500201795715839e-06
7.009633009147364646e-06
6.567120180989149958e-06
6.403122824849560857e-06
6.107960871304385364e-06
6.051840500731486827e-06
5.746890110458480194e-06
5.611819233308779076e-06
5.266920652502449229e-06
5.168903044250328094e-06
4.905301466351374984e-06
4.802088369615375996e-06
4.633088792616035789e-06
4.504237949731759727e-06
4.492041625780984759e-06
4.296164661354850978e-06
3.979121174779720604e-06
3.934599135391181335e-06
3.880865278915734962e-06
3.684766170408693142e-06
3.614042952904128470e-06
3.539134240782004781e-06
3.363559699209872633e-06
3.305747895865351893e-06
3.197600790372234769e-06
3.116999323538038880e-06
2.960179017463815399e-06
2.931185690613347106e-06
2.884456534957280383e-06
2.744636731222271919e-06
2.668856723175849766e-06
2.581670287327142432e-06
2.556030722189461812e-06
2.419499423922388814e-06
2.364721012781956233e-06
2.280838543811114505e-06
2.204677457484649494e-06
2.168852233808138408e-06
2.058648988167988136e-06
2.028295739364693873e-06
1.940960601132246666e-06
1.912148491101106629e-06
1.872548409664887004e-06
1.835129296523518860e-06
1.759313590810052119e-06
1.735255068524566013e-06
1.695627815934130922e-06
1.578351771058805753e-06
1.536674176350061316e-06
1.497646735515445471e-06
1.462588784306717571e-06
1.415313477082236204e-06
1.382200480293249711e-06
1.307760271629376803e-06
1.230797238349623512e-06
1.208545086228696164e-06
1.173356508843426127e-06
1.071855194823001511e-06
1.062687601915968116e-06
1.054844346981553826e-06
1.021381763166573364e-06
9.905918432195903733e-07
9.502588227405794896e-07
8.996148039841500577e-07
8.609622454969212413e-07
8.257899253294453956e-07
7.866014470891968813e-07
7.652215572306886315e-07
7.599323907925281674e-07
7.256213621076312847e-07
6.892040005368471611e-07
6.592871955035661813e-07
6.268804213505063672e-07
5.946342298557283357e-07
5.794300932393525727e-07
5.633052069242694415e-07
5.502456019712553825e-07
5.309695438882044982e-07
5.005661591894750018e-07
4.960631372341595124e-07
4.717846593393915100e-07
4.490455864925024798e-07
4.393777714994939743e-07
4.289023536330205388e-07
4.123420467294636182e-07
4.051753990097495262e-07
3.885488979449291946e-07
3.702364779201161582e-07
3.414197919937578263e-07
3.220178541596396826e-07
3.144573099689296214e-07
2.974232415908772964e-07
2.847214659595920239e-07
2.644476069235679461e-07
2.600540085495595122e-07
2.324898957795085153e-07
2.213539289641630603e-07
2.157822081017002347e-07
2.061361641381154186e-07
1.793764425883637159e-07
1.621180416577772121e-07
1.537032403575722128e-07
1.456776459463071660e-07
1.366641839695148519e-07
1.251557506520839524e-07
1.037449948171342839e-07
1.014293005141553294e-07
9.433398417968419380e-08
7.679599178800344816e-08
6.996753398880173336e-08
5.200203645472356584e-08
5.027745775265657358e-09
-3.380239421701958236e-09
2.830214507199002583e-09
2.329581638704780744e-09
-2.323141679028140061e-09
-1.905551272329830681e-09
1.704657526246933230e-09
-1.396175286494383272e-09
1.359645174225931896e-09
-1.289005568949619374e-09
1.257753234895631067e-09
-1.198399046664633261e-09
1.157754780933828442e-09
-1.078821698641263538e-09
1.047348874294584675e-09
-1.029975660316040376e-09
-9.934262301669605222e-10
9.366477593530930790e-10
9.313239068831080658e-10
-8.750050684014354374e-10
8.319118727229124488e-10
8.235181425675364153e-10
-7.984906069680164364e-10
-7.405595581211343870e-10
7.178685978992405126e-10
-7.170189442184948803e-10
6.622790094112929182e-10
-6.584812139998064140e-10
-5.759189236620443353e-10
5.692055160544384762e-10
5.481088360959063266e-10
-5.303581462889894738e-10
-5.140980974260855874e-10
4.931437480593103828e-10
-4.805104092397982640e-10
4.717989887659257420e-10
-4.250387819482170926e-10
4.023341104719690975e-10
-3.432900907984759442e-10
-3.367961187716872473e-10
3.296609651926019069e-10
3.138546367242867063e-10
-2.911411112194173256e-10
2.739261317774577265e-10
-2.616751537676265116e-10
-2.308156582531140089e-10
2.302970592005237904e-10
2.167911961059587611e-10
-1.954596623443549674e-10
1.863033616267273374e-10
1.790620429709122163e-10
-1.533307231182945429e-10
-1.290744316984060447e-10
1.228826207455568920e-10
-1.034289320855918959e-10
9.645553800119444077e-11
7.328319201471700239e-11
-6.533719398849058280e-11
5.342073658431978345e-11
-5.146330236960316995e-11
-1.445071666494879281e-11
1.431009824526263685e-11
6.721807572357407778e-12
