3.896505243756222432e-03 1.695449634417028548e-02
5.266201704118627855e-03 1.495312995124853730e-02
6.912774529412121782e-03 1.337521830828262807e-02
4.049930997576002036e-03 2.014466156616973730e-02
4.827391219468168786e-03 1.635264886147165531e-02
5.801775115159827322e-03 1.708614298824423505e-02
8.185801357697489178e-03 1.496690531131601894e-02
6.592670630623379165e-03 1.753202989663313685e-02
7.257955046438928186e-03 1.794713386778131262e-02
2.564710711635946778e-03 1.838093276495000178e-02
4.801050427862017800e-03 2.168679107488025865e-02
2.925467163178532490e-03 1.938859170979084778e-02
5.160635675033036635e-03 1.556435900625562432e-02
2.485262206808410584e-04 1.851916349814416302e-02
4.853996824006602713e-03 2.118576133529335992e-02
1.866386330399031420e-04 1.846272090375028832e-02
2.874426177011349826e-03 1.366940637020089104e-02
3.901472497088834517e-03 1.197055110736491672e-02
3.953915109129913126e-03 2.066747943518164321e-02
6.037020488146051071e-03 1.636941145136905362e-02
3.805908728267988657e-03 2.207588563638874374e-02
5.748901536383275307e-03 5.748901536383275307e-03
0.000000000000000000e+00 1.536489520675160189e-02
2.952452732206834168e-03 2.060596508128061805e-02
2.835704596062226576e-03 2.063007715647554099e-02
3.777048835222731986e-03 1.876642207006997895e-02
4.435297937976194482e-03 1.707125392553372062e-02
4.386517119187746845e-03 1.033678880176024106e-02
2.314793514341229215e-03 1.633219368843272581e-02
4.928738118592089490e-03 1.658942577831526086e-02
3.841660325503594344e-03 1.870920909919480610e-02
3.082877647782840207e-04 1.775309954402961785e-02
2.220149685427263379e-03 2.076237085237302854e-02
4.778707827790374210e-04 2.177949078248553674e-02
5.243333724879842110e-03 1.098234883751365853e-02
5.746195881429682663e-03 1.420152240146611844e-02
1.361275713554235345e-03 2.050657854448134296e-02
5.823906843796254444e-03 1.473868694438926555e-02
2.275371019677767653e-03 2.065474091900370429e-02
5.643421806407162428e-03 1.360760542657013690e-02
4.153911137513197592e-03 1.123094988690205576e-02
7.996576361683048126e-03 1.356468027146337171e-02
5.896759771981775061e-03 2.275420534245888721e-02
5.471975838887112135e-03 2.029004914212939950e-02
5.488743276160701866e-03 1.421522427065524327e-02
4.511899561373572398e-03 2.155306698142378866e-02
5.752834762900954288e-03 1.923082613458687584e-02
2.430156397847204556e-03 1.947818789240145579e-02
4.260796204836886023e-03 1.085160198770291837e-02
3.863054933997475161e-03 1.206757438350478800e-02
7.245478294721579247e-03 7.245478294721579247e-03
4.968390805477072673e-03 4.968390805477072673e-03
2.980664555514233195e-03 1.356061490946003714e-02
6.812451220700268574e-03 1.742020804775627416e-02
3.823475067331890288e-03 2.019529423008083538e-02
6.804353145764818582e-03 1.673988882472789846e-02
1.423425012428192887e-03 1.929243002618531364e-02
5.002136720357469764e-03 2.285189840513492110e-02
2.503907105917271142e-03 1.627902977314983970e-02
1.574010874201117998e-03 2.302444636420057297e-02
4.721535613495449549e-03 1.699942160524087545e-02
6.367082528164168254e-03 1.612973930744467793e-02
1.461790950565585367e-03 1.930789464239431041e-02
4.493815471151540487e-03 1.672242637984293692e-02
9.418336779334518820e-04 2.027265345994498300e-02
4.444277378850694689e-03 1.393819701820659188e-02
1.293704340191122572e-03 2.047359537638825458e-02
4.318404758173457689e-03 1.423225836260752150e-02
4.622068930121486785e-03 9.063494401401771261e-03
4.659811175530203901e-03 2.030784387512817035e-02
6.749489369661595614e-03 1.695779357003732168e-02
2.354936909489491713e-03 1.948079262529590211e-02
5.301518800844565865e-03 1.843764341267802379e-02
1.525026338621486175e-03 1.418984218296918606e-02
3.618150990147961116e-03 1.805053115004967915e-02
4.219754406249396630e-05 1.832496035140715115e-02
9.028090732958419119e-04 2.013907943720427349e-02
1.506005965029099530e-03 1.932492337314646938e-02
1.702801497424376526e-03 1.419910181801915805e-02
4.871005031887947444e-03 1.598129325550926363e-02
1.840682870327472803e-03 1.857354862571336876e-02
5.924027617653455403e-03 1.220448648779570364e-02
3.694246266603309729e-03 1.897269169056777643e-02
2.764772353211382861e-03 1.930601012602917860e-02
1.957482497426324495e-03 1.944918584815629251e-02
2.881352574375815791e-04 1.977201574858556896e-02
0.000000000000000000e+00 1.332600106675778731e-02
5.601683295455533833e-03 2.208313498128512339e-02
3.342163721834203512e-03 1.860432818565299629e-02
8.334868826132245129e-04 1.815083511222254087e-02
2.087902487659389419e-03 2.193698785234830112e-02
5.319222303685543912e-03 1.511499284511363776e-02
5.238478285673632724e-03 1.909819773828348721e-02
2.687241126795565302e-03 2.076697542706545246e-02
3.860565616077813161e-03 1.207373828203880430e-02
3.285251699574122906e-03 1.578848830454027130e-02
5.145986360989713779e-03 1.560318932665743195e-02
5.002051932870362101e-03 1.882879563266885714e-02
5.437505948569584455e-03 1.600283355171987568e-02
8.050668019389134802e-03 8.050668019389134802e-03
