1.460862927002236944e+01
7.509130153842574096e+00
4.594372157823370273e+00
3.725963622052773427e+00
5.348552568445376076e-01
3.042826603914157158e-01
9.825863955661216786e-02
6.795138016698594463e-02
5.453434146635113833e-02
4.107311760921455307e-02
4.049591579332609964e-02
2.790590352701422319e-02
1.709559171259369612e-02
1.462114409557647987e-02
1.058164616581559227e-02
8.563080365548770764e-03
5.983494766163677432e-03
4.216645781351205727e-03
3.626489529277374200e-03
3.335510101274316054e-03
3.019504445562732654e-03
2.073684181548645158e-03
1.824643985007391766e-03
1.529512633966802464e-03
1.376878433840733086e-03
1.335657934324413704e-03
1.106175613198427188e-03
9.816511575734732011e-04
7.916342898913993412e-04
7.660392028534591165e-04
7.257184242566685128e-04
6.495994811574517169e-04
6.014218723706454351e-04
5.737686760012805599e-04
5.300823626878229961e-04
5.138768087016721674e-04
4.834171887502715262e-04
4.171286043062920269e-04
3.927057572130110722e-04
3.553874449377180484e-04
3.380771420086513615e-04
3.255938599327511443e-04
3.207738593254290112e-04
2.869304853978204813e-04
2.542220478677412578e-04
2.427862465172926523e-04
2.321010000634918745e-04
2.267922926008068580e-04
2.148719261859360474e-04
2.088338027758712614e-04
1.977123129354369023e-04
1.887426090528171484e-04
1.808693305927015760e-04
1.708368845805636126e-04
1.668833504662680072e-04
1.629789780188674276e-04
1.452817215295157480e-04
1.360214070807775927e-04
1.287486452669598812e-04
1.250284836810458544e-04
1.204003680389147054e-04
1.140061957407500169e-04
1.110817966389553125e-04
1.037524947473358108e-04
9.948149824861499243e-05
9.721618910816567634e-05
9.337524201654008853e-05
9.122891222075382440e-05
8.746565310687434475e-05
8.509665497858250581e-05
8.189570765769541006e-05
7.945946710909565166e-05
7.799031060591187121e-05
7.648981777885061062e-05
7.286615946494900715e-05
7.001751869340358070e-05
6.705654684520941740e-05
6.631605377888456418e-05
6.478202046045619591e-05
6.110386108048923418e-05
6.051541886653893958e-05
5.899755682963686787e-05
5.586634478832729371e-05
5.446926684606440648e-05
5.381896042996897898e-05
5.317012350821763108e-05
5.127988441503261160e-05
4.937039259221699227e-05
4.852691863385677094e-05
4.799641326341883962e-05
4.729394256555618701e-05
4.610623445959939495e-05
4.538314243452061487e-05
4.395653980574284737e-05
4.237437527633963063e-05
4.208889223189002219e-05
4.164435037499369030e-05
4.079486128290366943e-05
4.006343014612590454e-05
3.932160316796475772e-05
3.829738190702535507e-05
3.780691686829334134e-05
3.614998175795879228e-05
3.566286830338392472e-05
3.472679354453127304e-05
3.340804698677995484e-05
3.306766061808471798e-05
3.252041516342569209e-05
3.191847658330475708e-05
3.182019359516687188e-05
3.112434957630478167e-05
2.994570523521533092e-05
2.971419555377101884e-05
2.900912914017352660e-05
2.832515931789986662e-05
2.786520196109224047e-05
2.754867679583681262e-05
2.667521806350590312e-05
2.610496883517687876e-05
2.522341878989944910e-05
2.456413964390370699e-05
2.436419165414487823e-05
2.407600658060426749e-05
2.346427571097861204e-05
2.318775375518056223e-05
2.298881122693399346e-05
2.228109666570519736e-05
2.185044045148919068e-05
2.124065685997473426e-05
2.111480464110136618e-05
2.073188539159191989e-05
2.040347593342681167e-05
2.008013766399391033e-05
1.993236327377583900e-05
1.958030335507766271e-05
1.931344960542242113e-05
1.894868717433885363e-05
1.868888664149124273e-05
1.830816718623343601e-05
1.798793364806179556e-05
1.731603699319006460e-05
1.724055728023045711e-05
1.686487458191431881e-05
1.645053096615164110e-05
1.596429263936129922e-05
1.569396315858057796e-05
1.541821818020507718e-05
1.486887508503694863e-05
1.470516627528357816e-05
1.443704451562945964e-05
1.422703056764892966e-05
1.391369108541654966e-05
1.365130301450304798e-05
1.321678042474845648e-05
1.311815188722408648e-05
1.299331784880686762e-05
1.292156917763224528e-05
1.248979357619201880e-05
1.228248942952675985e-05
1.207554763798456712e-05
1.186222549652983760e-05
1.177747909750079995e-05
1.144477869611104507e-05
1.126906307796673736e-05
1.090373268770073171e-05
1.065202289671684470e-05
1.047152666208641427e-05
1.028472990087478727e-05
1.016329683918142496e-05
9.845546359063019398e-06
9.673512105282406690e-06
9.508929165520214969e-06
9.343503859019611471e-06
9.184708393076107367e-06
9.048810600858319655e-06
8.926527395507815265e-06
8.705661763999105674e-06
8.645281706436063965e-06
8.473894606617838118e-06
8.428507681638374935e-06
8.059151896759354715e-06
8.005276545540184437e-06
7.773194318429153793e-06
7.604084074332283616e-06
7.455628152116047622e-06
7.259232803197653845e-06
6.986799699347737976e-06
6.841878421855763370e-06
6.751908090590730956e-06
6.558334056497289906e-06
6.502347293407947918e-06
6.323754088035140667e-06
6.253843815251064341e-06
6.144948918201792917e-06
6.098221066204277544e-06
5.914974577642266662e-06
5.773419233632521280e-06
5.725469807555013174e-06
5.549886559586917659e-06
5.441999613015365097e-06
5.271879006928398670e-06
5.174229849020697792e-06
5.047929297453788011e-06
4.880035183374098148e-06
4.859194984495601106e-06
4.789781971668992765e-06
4.626352604977850298e-06
4.589707750541548635e-06
4.462734846165878746e-06
4.323435417716964281e-06
4.196114814073532728e-06
4.062953048117734021e-06
3.936493650016548448e-06
3.870399852464265668e-06
3.835748760927705451e-06
3.745189983078791354e-06
3.669158719155574356e-06
3.593820080329894136e-06
3.537673079055527554e-06
3.386355704329358310e-06
3.369359097550206818e-06
3.227595082002670665e-06
3.140150011798295999e-06
3.050919937470446852e-06
3.008246435716444018e-06
2.865355497247552950e-06
2.836288731454772569e-06
2.789584443100162433e-06
2.692158504183875673e-06
2.557217222175838805e-06
2.468268006133519424e-06
2.422423515107606378e-06
2.405322685301713235e-06
2.344114408663299530e-06
2.276285919336721407e-06
2.165556912601816954e-06
2.110755816798780444e-06
2.064923374808589299e-06
2.040615858436896339e-06
1.995702861850258355e-06
1.887558075212130085e-06
1.831613720461615350e-06
1.749242586016682124e-06
1.726536161367429020e-06
1.632845390836069978e-06
1.608578167525682242e-06
1.591108305439779351e-06
1.483207175039376366e-06
1.462740186508872269e-06
1.457635774732245998e-06
1.446858813605182233e-06
1.383003782497838629e-06
1.322736811492531736e-06
1.275110844192497163e-06
1.200677967616398805e-06
1.160889578830795186e-06
1.142817518449584027e-06
1.077529073477196300e-06
1.038090885524385956e-06
1.011240040777232490e-06
1.001040258405771721e-06
9.586171142815771016e-07
9.016642086245429684e-07
8.830767786720475893e-07
8.559453266831945644e-07
8.139176928903909398e-07
8.124368195334448226e-07
7.702970258428986491e-07
7.301935538560456162e-07
6.868245456556358222e-07
6.736242660790387977e-07
6.297340088433929244e-07
6.018829600833020152e-07
5.859152256299608871e-07
5.581224907314602288e-07
5.195764214564494175e-07
5.047994795344302862e-07
4.683310757733755386e-07
4.502881433764284606e-07
4.206148000000604045e-07
3.854524619012860767e-07
3.647034622296464495e-07
3.269513577173444195e-07
3.220526625603422817e-07
3.054957665980934278e-07
2.706239817977475005e-07
2.357273275277792932e-07
1.813948774697987984e-07
1.563801099289440241e-07
1.361016410024207720e-07
1.328551043730105336e-07
1.077167833585764871e-07
8.445348929258228836e-08
7.338408463369941860e-08
3.150331209511179551e-08
2.486148884608341683e-08
1.388894541442933890e-08
