5.803964614868164062e+01
3.244820022583007812e+01
1.866942596435546875e+01
1.559633255004882812e+01
2.318776607513427734e+00
1.247926950454711914e+00
8.113816380500793457e-01
7.491323351860046387e-01
2.435150742530822754e-01
1.720380932092666626e-01
1.450099200010299683e-01
7.899323850870132446e-02
6.520013511180877686e-02
4.494453221559524536e-02
1.734444312751293182e-02
1.402026880532503128e-02
9.175489656627178192e-03
7.019740995019674301e-03
5.339296068996191025e-03
4.809113685041666031e-03
3.667569253593683243e-03
1.995261060073971748e-03
1.650274032726883888e-03
1.480012782849371433e-03
1.306032063439488411e-03
1.129941781982779503e-03
1.056076376698911190e-03
8.772519067861139774e-04
7.313572568818926811e-04
6.816307432018220425e-04
6.217188783921301365e-04
5.714567378163337708e-04
5.164433387108147144e-04
4.799006273970007896e-04
4.595468635670840740e-04
4.152361943852156401e-04
4.104866238776594400e-04
3.662685921881347895e-04
3.367715107742697001e-04
3.251939197070896626e-04
3.115049039479345083e-04
2.775048196781426668e-04
2.710881235543638468e-04
2.598604187369346619e-04
2.435180649627000093e-04
2.224562485935166478e-04
2.163243480026721954e-04
2.024353743763640523e-04
1.941067748703062534e-04
1.802323095034807920e-04
1.665480813244357705e-04
1.544206024846062064e-04
1.490618305979296565e-04
1.431367563782259822e-04
1.386557414662092924e-04
1.340369344688951969e-04
1.301380543736740947e-04
1.285286998609080911e-04
1.233290095115080476e-04
1.134786216425709426e-04
1.041869181790389121e-04
9.690542356111109257e-05
9.605255036149173975e-05
9.337858500657603145e-05
8.908742893254384398e-05
8.654659177409484982e-05
8.058272214839234948e-05
7.748358621029183269e-05
7.709455530857667327e-05
7.355718844337388873e-05
7.100767106749117374e-05
6.793432839913293719e-05
6.537501030834391713e-05
6.290627061389386654e-05
6.136973388493061066e-05
5.852261529071256518e-05
5.790776776848360896e-05
5.510902701644226909e-05
5.302875069901347160e-05
5.170836448087356985e-05
5.048447201261296868e-05
4.915692989015951753e-05
4.608200106304138899e-05
4.208449172438122332e-05
4.139473094255663455e-05
4.064130553160794079e-05
3.908266444341279566e-05
3.848932465189136565e-05
3.817203833023086190e-05
3.688627839437685907e-05
3.407120311749167740e-05
3.355669105076231062e-05
3.305988502688705921e-05
3.176859172526746988e-05
2.992629015352576971e-05
2.888475682993885130e-05
2.788638630590867251e-05
2.728963590925559402e-05
2.633383337524719536e-05
2.584294634289108217e-05
2.517171742510981858e-05
2.383842365816235542e-05
2.317074722668621689e-05
2.291315286129247397e-05
2.220791793661192060e-05
2.166710146411787719e-05
2.130235588992945850e-05
2.053163916571065784e-05
1.994133708649314940e-05
1.978523323487024754e-05
1.878292277979198843e-05
1.817063639464322478e-05
1.766690365911927074e-05
1.731251177261583507e-05
1.690418866928666830e-05
1.642983079364057630e-05
1.634789987292606384e-05
1.596654692548327148e-05
1.529561632196418941e-05
1.499584141129162163e-05
1.485439588577719405e-05
1.461774263589177281e-05
1.425752725481288508e-05
1.360421902063535526e-05
1.328595590166514739e-05
1.280658307223347947e-05
1.258500378753524274e-05
1.257264557352755219e-05
1.218484248965978622e-05
1.191948922496521845e-05
1.157313636213075370e-05
1.152076129073975608e-05
1.111484471039148048e-05
1.060573231370653957e-05
1.041780888044741005e-05
1.025618166750064120e-05
1.010158484859857708e-05
9.888506610877811909e-06
9.684332326287403703e-06
9.378578397445380688e-06
9.351415428682230413e-06
9.038004463945981115e-06
8.802548109088093042e-06
8.575129868404474109e-06
8.493604582326952368e-06
8.271446858998388052e-06
8.025683200685307384e-06
7.940545401652343571e-06
7.759369509585667402e-06
7.601606739626731724e-06
7.368506885541137308e-06
7.286955224117264152e-06
7.234687018353724852e-06
7.053056833683513105e-06
6.792909061914542690e-06
6.632510576309869066e-06
6.418613338610157371e-06
6.325289632513886318e-06
6.202806162036722526e-06
5.954642801953013986e-06
5.855180916114477441e-06
5.713463906431570649e-06
5.674246949638472870e-06
5.545578005694551393e-06
5.456898634292883798e-06
5.294319635140709579e-06
5.112506187288090587e-06
4.959776106261415407e-06
4.934818662150064483e-06
4.809745860256953165e-06
4.752204858959885314e-06
4.697451913671102375e-06
4.597093266056617722e-06
4.552185600914526731e-06
4.462637662072665989e-06
4.407402229844592512e-06
4.388876277516828850e-06
4.324828751123277470e-06
4.191294465272221714e-06
3.982684575021266937e-06
3.909433871740475297e-06
3.841646048385882750e-06
3.750797986867837608e-06
3.621364385253400542e-06
3.568469310266664252e-06
3.491710003800108097e-06
3.473131073405966163e-06
3.392718554096063599e-06
3.296112254247418605e-06
3.268983618909260258e-06
3.135144197585759684e-06
3.062932592001743615e-06
3.056670038859010674e-06
2.854340436897473410e-06
2.779823262244462967e-06
2.732969505814253353e-06
2.718939867918379605e-06
2.589722043921938166e-06
2.547917574702296406e-06
2.498278263374231756e-06
2.496804881957359612e-06
2.406064368187799118e-06
2.357579205636284314e-06
2.292889575983281247e-06
2.252916146971983835e-06
2.205194050475256518e-06
2.117754320352105424e-06
2.086746235363534652e-06
2.071675226034130901e-06
2.021470209001563489e-06
1.930411144712707028e-06
1.882916308204585221e-06
1.839533524616854265e-06
1.797676418391347397e-06
1.785667564035975374e-06
1.742064000609389041e-06
1.667743731559312437e-06
1.632333123779972084e-06
1.581213609824771993e-06
1.558203962304105517e-06
1.502702161815250292e-06
1.484600488765863702e-06
1.474634359510673676e-06
1.416846203028399032e-06
1.362324269393866416e-06
1.335409365310624707e-06
1.306651597587915603e-06
1.227097300215973519e-06
1.220006652147276327e-06
1.183941435556334909e-06
1.155267682406702079e-06
1.110043058361043222e-06
1.083657366507395636e-06
1.058549401022901293e-06
1.019871319840603974e-06
1.013676410366315395e-06
-9.923137440637219697e-07
9.448343689655303024e-07
9.257542501472926233e-07
9.017900310936965980e-07
8.793485335445438977e-07
8.547556262783473358e-07
8.244182367889152374e-07
7.945698712319426704e-07
7.472830816368514206e-07
7.334256793001259211e-07
6.906711860210634768e-07
6.739500690855493303e-07
6.526124138872546609e-07
-6.188355428093927912e-07
6.015568487782729790e-07
5.917066232541401405e-07
5.757003691542195156e-07
-5.711594894819427282e-07
5.617096121568465605e-07
5.363139052860788070e-07
5.222185563980019651e-07
4.898705583400442265e-07
4.802520834346069023e-07
-4.776532591677096207e-07
4.650955816032364964e-07
-4.308462848712224513e-07
-4.277337382063706173e-07
4.271944646916381316e-07
4.206578694265772356e-07
3.784382158755761338e-07
3.668661747724399902e-07
-3.435831104070530273e-07
3.271689763550966745e-07
3.145041205243614968e-07
2.968926366975210840e-07
2.873931350677594310e-07
-2.834810288732114714e-07
2.546927930779929738e-07
-2.385728237186413025e-07
2.370806697626903770e-07
-2.188518948287310195e-07
2.146118305290656281e-07
-2.015693922885475331e-07
-1.889130629706414766e-07
1.886997011979474337e-07
1.719053841497952817e-07
-1.570117973415108281e-07
1.538291201086394722e-07
1.370119377952505602e-07
-1.185369029599314672e-07
-1.117982435516751138e-07
8.230078663018502994e-08
7.671219037774790195e-08
-5.831140015288838185e-08
5.107381184643600136e-08
4.539829134841966152e-08
-4.171630152427496796e-08
3.488416311370201583e-08
1.478450162295530390e-08
1.096283508417172925e-08
-6.260668872215546799e-09
