3.809762347113163691e-03 1.708956804454538417e-02
5.368955521608756096e-03 1.462972260767545461e-02
6.435765044203617738e-03 1.585977927654803887e-02
3.841034680888522328e-03 2.030980539870551327e-02
5.000525512267253378e-03 1.596677995764780866e-02
4.040600031389049440e-03 2.002245731609817239e-02
7.982951906239590598e-03 1.636257793463070237e-02
6.998746746218970430e-03 1.588065685830054863e-02
7.322723141550374452e-03 1.768035819557105953e-02
2.823163469954200182e-03 1.831069240134394413e-02
5.126830040451047649e-03 2.128943618640051147e-02
2.884785033859499359e-03 1.940086943759877433e-02
5.079235494400042260e-03 1.577486223204457166e-02
1.790301228536262507e-04 1.845567480750559194e-02
4.975811813903530632e-03 2.103441557899740633e-02
1.768852110103108391e-04 1.845368421353498975e-02
2.673845183528851185e-03 1.384320965373534405e-02
3.884913986568720203e-03 1.201281079029346832e-02
4.084619803270848545e-03 2.056429674100394150e-02
6.019431773031228873e-03 1.642737132430890923e-02
3.971965863354101796e-03 2.197886938013824537e-02
5.757747517650135122e-03 5.757747517650135122e-03
0.000000000000000000e+00 1.536489520675160189e-02
2.964494637758519416e-03 2.060308922339235821e-02
2.021856372916758498e-03 2.061892440247284006e-02
3.660956124688153832e-03 1.886167116417198850e-02
3.983374628554601192e-03 1.768664821966214537e-02
4.329553687616522623e-03 1.058050358228174864e-02
2.484238083697172181e-03 1.628564953833108384e-02
4.895728018592599047e-03 1.665871884599916600e-02
3.892366769395709438e-03 1.866214270440859010e-02
3.744343894313302687e-04 1.780967945273519842e-02
2.418552086181297803e-03 2.077648247459944197e-02
3.969651685302728449e-04 2.171085746779048350e-02
5.192016242918678914e-03 1.126599731355788954e-02
5.816133858225191675e-03 1.391041729267545636e-02
1.187641957852964827e-03 2.041816069381264045e-02
5.795192299260275640e-03 1.484718459201831743e-02
1.961955100081913279e-03 2.060637054060350179e-02
5.445559785344823885e-03 1.436970907412595325e-02
4.124709951458703332e-03 1.132684481013577701e-02
7.937308785511559134e-03 1.410023999658860730e-02
5.940946977148109723e-03 2.268336151435695891e-02
5.473525754182007562e-03 2.028736874664581816e-02
5.242362996804464902e-03 1.502436755815543881e-02
4.540914689100609102e-03 2.152504012760719440e-02
5.593348768025640204e-03 1.955856105918401741e-02
2.498650768825539520e-03 1.947336339564047572e-02
4.226516461993666020e-03 1.097844295395646042e-02
3.804273983429458904e-03 1.220929212179922355e-02
7.266520386347956502e-03 7.266520386347956502e-03
4.884858374265842879e-03 6.010050522485672203e-03
3.009269621656665561e-03 1.352921696570465529e-02
6.809337716224472467e-03 1.743185556460603511e-02
4.206197682013610578e-03 1.986917661227949675e-02
6.650741907898911377e-03 1.732720889885777313e-02
1.277772049324089670e-03 1.922793825928982223e-02
4.835028644923543284e-03 2.302185414654546111e-02
2.223839863693993085e-03 1.634962284622895612e-02
1.496296470780630449e-03 2.298778924380812452e-02
4.681120752782139995e-03 1.707282660951928155e-02
6.347958778147945284e-03 1.620220570372066932e-02
1.220215727747494183e-03 1.919994951294605803e-02
4.497023160861071157e-03 1.671691784088383953e-02
1.007636506739253328e-03 2.031392361171264691e-02
4.237706976893186941e-03 1.440561376424526370e-02
1.211063384582727063e-03 2.043078570574136110e-02
4.622894684604292315e-03 1.346413622657475530e-02
4.231263517865123912e-03 1.096118509573583248e-02
4.387290539394320295e-03 2.060699406932204464e-02
6.773742615733907568e-03 1.686264733789368669e-02
2.293010058581082533e-03 1.948084713148326777e-02
5.373166880641698853e-03 1.829239573261039892e-02
1.437419640461180511e-03 1.417771949324092909e-02
3.684743563707570946e-03 1.799209017024748503e-02
2.584040767798737674e-05 1.830882810618728734e-02
1.023671510957545458e-03 2.021517062811825638e-02
1.164975547533419597e-03 1.917176304157604955e-02
1.607409462095169602e-03 1.419672017644190397e-02
4.892088221949896995e-03 1.593371691542509044e-02
2.149556150242834616e-03 1.860804812173938103e-02
5.985752742609810884e-03 1.181775362631467749e-02
3.702464759610745327e-03 1.896620335154911713e-02
2.544233872704242116e-03 1.934494633045636541e-02
1.879670386512812376e-03 1.943432461529351687e-02
2.090000440544877982e-04 1.970033890980902105e-02
1.554307622139175190e-04 1.347473234001477123e-02
5.667668896794367771e-03 2.198157842985463267e-02
3.510747445484474656e-03 1.849063991126889683e-02
7.973560507562357357e-04 1.812727064177331593e-02
1.599447859524454150e-03 2.178098956350486143e-02
5.383680865611749009e-03 1.491570393321619940e-02
5.267731652122652208e-03 1.904528074519119124e-02
2.440199728631673760e-03 2.077695037899696465e-02
3.673484902923816742e-03 1.249793304968545987e-02
2.399361815520277639e-03 1.631128945300615654e-02
4.919838311024818042e-03 1.615252596359396942e-02
3.716869957132557922e-03 2.026909242059898864e-02
5.027142837704600201e-03 1.700031999994428347e-02
7.923582421207293197e-03 7.923582421207293197e-03
