1.268157479480004923e+01
9.167525510789010568e+00
4.699225274241711325e+00
1.674507510559726908e+00
9.865778629803392263e-01
3.489107047536727513e-01
2.472783070445501719e-01
2.416884041184853282e-01
1.123668450866001645e-01
8.417478738458093745e-02
5.794153724038945269e-02
5.342990297030737745e-02
4.129751604765730805e-02
3.982842950786545655e-02
3.508345312412334410e-02
2.945448854669750760e-02
2.484962453532617299e-02
2.409455838762000063e-02
2.184094843533035402e-02
1.725198409472321337e-02
1.504409707747145046e-02
1.366831177693794350e-02
1.117280658632967272e-02
9.701804190352042792e-03
8.449533540556542627e-03
7.877707077067501104e-03
6.821074011930507684e-03
6.328761215092304666e-03
5.390147227386680312e-03
4.742616347356567834e-03
4.397099613392534481e-03
3.827269281561651061e-03
3.330418808402010617e-03
3.129651740899640471e-03
2.934295332321631110e-03
2.645457363057594768e-03
2.572038849056395952e-03
2.222414607985253535e-03
2.173205998321001923e-03
1.945059619084640824e-03
1.628998346474962210e-03
1.565616552790316919e-03
1.493689228294236464e-03
1.333056727270337700e-03
1.178467748899648124e-03
1.070460858714786202e-03
1.027559813820914025e-03
9.393503983419359714e-04
9.036671869243061454e-04
8.415372183645158715e-04
8.102541531291769256e-04
7.427216895710356953e-04
6.950002231486749737e-04
6.584789378015850790e-04
5.846059841773156842e-04
5.664815107160053745e-04
5.567615503218295743e-04
5.394099889271553603e-04
5.187673628306594537e-04
4.938645521923654006e-04
4.500024889167036912e-04
4.214502535292005345e-04
4.011019069801287037e-04
3.948071163094352305e-04
3.548352380987975820e-04
3.449108931033028225e-04
3.391498455803137915e-04
3.271806005957274429e-04
3.124790308193643685e-04
2.841990322785464883e-04
2.766554686350194622e-04
2.727276339029890257e-04
2.643992508321516130e-04
2.500386044669333828e-04
2.293897634729652772e-04
2.201248406737066278e-04
2.180028003994833360e-04
2.024693645437786161e-04
1.932387793557941563e-04
1.907518124515127404e-04
1.847696097298068653e-04
1.743717443164841943e-04
1.716285619835310043e-04
1.695476723431467143e-04
1.643126486511100465e-04
1.599637930363794576e-04
1.486465072156975293e-04
1.459795590822178513e-04
1.419701440471114219e-04
1.309690069987979569e-04
1.268671593364596522e-04
1.235662755718691186e-04
1.197300692708171848e-04
1.170877584819535129e-04
1.104076351614923461e-04
1.095476732165610569e-04
1.066286140016423453e-04
1.022888753196752833e-04
9.992587385276402402e-05
9.834899304367557065e-05
9.309210631262513508e-05
9.169060172061183859e-05
8.884264511640613726e-05
8.567943072199778610e-05
8.360468905968754466e-05
7.957548502691752425e-05
7.813928044938629411e-05
7.617961912781435476e-05
7.327817355378141173e-05
7.233681533774444293e-05
6.939738565107587932e-05
6.787697054690370756e-05
6.570903034138488540e-05
6.304400414984690372e-05
6.188768925941688810e-05
6.163205227377372461e-05
6.006520673560698131e-05
5.914929506200266196e-05
5.675225869259195328e-05
5.543641180911449426e-05
5.287754811794708257e-05
5.203806629921322246e-05
5.167338965381767336e-05
5.022212869644675709e-05
4.871916332534958154e-05
4.708793407576370213e-05
4.674698051717269328e-05
4.587054297994449425e-05
4.531054075174037395e-05
4.437821182222561364e-05
4.356746497963526470e-05
4.307371319627676781e-05
4.198839542625130484e-05
4.031202595790013901e-05
3.979443166652421344e-05
3.918439529581451027e-05
3.800589916243735691e-05
3.734527934578601402e-05
3.672635226028254864e-05
3.574888516362518794e-05
3.399525543926756611e-05
3.278193632130835922e-05
3.205657219281657849e-05
3.141941986459433029e-05
3.029238766904066173e-05
2.987417467264926835e-05
2.950763351977342866e-05
2.902462663523019482e-05
2.834046387607641910e-05
2.757521632328014332e-05
2.705808306931526530e-05
2.630960467890282350e-05
2.581251030199148232e-05
2.523618504879160127e-05
2.427707514140361244e-05
2.389272178073872769e-05
2.339722463624059146e-05
2.312901555405041991e-05
2.260981684783340900e-05
2.200156700869305775e-05
2.131888977177448668e-05
2.094841361086928204e-05
2.071400641342759460e-05
2.021066352849605483e-05
2.004017064798242686e-05
1.926694765650542392e-05
1.885045111534018283e-05
1.858041795772382167e-05
1.832547246231844244e-05
1.781250786725376681e-05
1.738214810187068622e-05
1.708235733101121941e-05
1.701244170459333772e-05
1.633265186588875409e-05
1.606469559153809155e-05
1.575107456996042803e-05
1.516822494168984528e-05
1.510241169377539131e-05
1.478204426488761995e-05
1.446867455514045350e-05
1.392527291877846618e-05
1.370504322193682442e-05
1.340110197670609077e-05
1.337664136200154147e-05
1.312039687295274464e-05
1.293554939751342860e-05
1.237186132869113270e-05
1.230105138397507912e-05
1.196177695513503137e-05
1.174457448034225206e-05
1.139894584461179337e-05
1.094724681073483767e-05
1.076422032246493726e-05
1.053074768652820573e-05
1.031116182411834666e-05
9.920257785586434140e-06
9.719383550755893370e-06
9.607419261049492140e-06
9.320431345427206404e-06
9.135485989615072051e-06
9.011116097914883942e-06
8.930022308579949988e-06
8.574509935572610325e-06
8.291106395860186229e-06
8.170137287651458308e-06
7.803349559445863949e-06
7.671650076475843119e-06
7.537242724756395334e-06
7.319558346574732680e-06
7.284526466666331557e-06
6.984062205432797185e-06
6.805955695288435516e-06
6.592618234192422236e-06
6.482537717363340396e-06
6.348791310827951117e-06
6.214900032398667599e-06
6.047854557356097258e-06
5.901911235529234205e-06
5.879338734940294541e-06
5.768760951459918618e-06
5.555406115421337530e-06
5.515005021357865524e-06
5.325201008217449150e-06
5.056230260598289914e-06
4.869331976154807198e-06
4.766793156467313150e-06
4.638524559294573893e-06
4.611376092502220765e-06
4.435860471568569627e-06
4.265481456572746458e-06
4.128347263456776873e-06
4.060266474858085928e-06
3.943459546991689257e-06
3.720126809495410002e-06
3.523050417403205274e-06
3.503714304346138976e-06
3.343740299826170554e-06
3.200634575774411796e-06
3.117665676051560830e-06
3.009368353464291172e-06
2.911966600571396353e-06
2.873264123571884103e-06
2.746933476713984616e-06
2.704694056917760361e-06
2.595252351011280792e-06
2.525485566697423795e-06
2.474958919802329272e-06
2.397574515596106757e-06
2.350045136799717463e-06
2.180125640717617683e-06
2.122917064880120275e-06
2.003719954493675091e-06
1.928227450077381823e-06
1.865312872518964230e-06
1.801661722643664466e-06
1.775511953530982970e-06
1.687037778640598455e-06
1.627686614722038451e-06
1.511149479919635150e-06
1.434981536146877381e-06
1.387415124825346852e-06
1.252901676681782796e-06
1.204970916763976559e-06
1.162656881933521018e-06
1.137570209231031577e-06
1.079410948656232317e-06
1.025990069253255310e-06
1.025490646397624497e-06
9.941176878957206504e-07
9.614221764530800356e-07
9.217730248404027828e-07
8.379529659831753002e-07
7.987190334381321139e-07
7.189642757054017560e-07
6.848267696934756191e-07
6.634012518320191390e-07
6.521971510637650823e-07
5.682133281214585749e-07
5.415395057715637625e-07
4.700545441674025323e-07
4.658784966712075260e-07
4.065394827233995019e-07
3.648609207137860370e-07
3.461807029840084971e-07
3.451492484607219347e-07
2.845840756663622852e-07
2.600483459534883469e-07
2.496173916276746477e-07
2.129809977227898986e-07
1.818754784197858949e-07
1.657450608034948041e-07
1.329515711046238327e-07
1.065768119485112445e-07
8.122870803118699066e-08
6.750016042445457615e-08
5.148009942737033808e-08
4.928946377519289921e-09
