5.112911987304687500e+01
3.785475921630859375e+01
1.945577430725097656e+01
6.832811355590820312e+00
3.872228860855102539e+00
1.962672114372253418e+00
1.330031156539916992e+00
5.734468102455139160e-01
4.610597491264343262e-01
4.001303315162658691e-01
2.936830818653106689e-01
1.808573752641677856e-01
1.416947841644287109e-01
1.265704780817031860e-01
6.130567565560340881e-02
4.720758646726608276e-02
4.670589789748191833e-02
3.393971920013427734e-02
2.817214094102382660e-02
2.536497823894023895e-02
1.924640499055385590e-02
1.613252796232700348e-02
1.173594221472740173e-02
1.131646987050771713e-02
8.899574168026447296e-03
8.783296681940555573e-03
7.328261621296405792e-03
5.640968680381774902e-03
5.559298675507307053e-03
5.028427112847566605e-03
4.031081683933734894e-03
3.045022487640380859e-03
2.662226557731628418e-03
2.370609901845455170e-03
1.900428789667785168e-03
1.830655965022742748e-03
1.682519796304404736e-03
1.520705525763332844e-03
1.410430297255516052e-03
1.253334572538733482e-03
1.175769721157848835e-03
1.094383071176707745e-03
1.078745233826339245e-03
1.049360726028680801e-03
9.892422240227460861e-04
8.973211515694856644e-04
8.216806454584002495e-04
7.944192038848996162e-04
7.567359716631472111e-04
7.357435533776879311e-04
6.692188326269388199e-04
5.933002685196697712e-04
5.904035060666501522e-04
5.673766136169433594e-04
5.549797206185758114e-04
4.808274388778954744e-04
4.633470962289720774e-04
4.479843773879110813e-04
4.360825405456125736e-04
4.145562998019158840e-04
3.837303956970572472e-04
3.549894609022885561e-04
3.420504508540034294e-04
3.379054833203554153e-04
3.100147587247192860e-04
3.052618121728301048e-04
2.916519879363477230e-04
2.717909519560635090e-04
2.541197463870048523e-04
2.495157823432236910e-04
2.311940916115418077e-04
2.207468496635556221e-04
2.108185144606977701e-04
2.073465147987008095e-04
1.984397677006199956e-04
1.938767090905457735e-04
1.862288045231252909e-04
1.752685493556782603e-04
1.687722251517698169e-04
1.589240710018202662e-04
1.558880903758108616e-04
1.474400924053043127e-04
1.455240999348461628e-04
1.434574660379439592e-04
1.399177126586437225e-04
1.359128800686448812e-04
1.292357046622782946e-04
1.226539607159793377e-04
1.150514144683256745e-04
1.117713254643604159e-04
1.024544981191866100e-04
1.008526087389327586e-04
9.925007907440885901e-05
9.197479812428355217e-05
8.957434329204261303e-05
8.489255560562014580e-05
8.119832637021318078e-05
7.769756484776735306e-05
7.384674245258793235e-05
7.025105151114985347e-05
6.944972119526937604e-05
6.732411566190421581e-05
6.665079126833006740e-05
6.375232624122872949e-05
6.197813490871340036e-05
6.015465987729839981e-05
5.548327317228540778e-05
5.407261414802633226e-05
5.327981125446967781e-05
5.297601819620467722e-05
4.929239730699919164e-05
4.867212555836886168e-05
4.784650445799343288e-05
4.644795262720435858e-05
4.375870776129886508e-05
4.136756251682527363e-05
4.057839396409690380e-05
3.992561687482520938e-05
3.860032302327454090e-05
3.735612335731275380e-05
3.659887806861661375e-05
3.525704960338771343e-05
3.389991616131737828e-05
3.315028880024328828e-05
3.150323755107820034e-05
3.076333450735546649e-05
2.868782758014276624e-05
2.833691542036831379e-05
2.759624840109609067e-05
2.664347266545519233e-05
2.636965655256062746e-05
2.485929508111439645e-05
2.463474993419367820e-05
2.368301829847041517e-05
2.329025846847798675e-05
2.252410922665148973e-05
2.220313035650178790e-05
2.148175371985416859e-05
2.079071964544709772e-05
2.009629679378122091e-05
1.958714528882410377e-05
1.879111368907615542e-05
1.869180050562135875e-05
1.796110700524877757e-05
1.763131331244949251e-05
1.682919901213608682e-05
1.665167474129702896e-05
1.645957672735676169e-05
1.573363624629564583e-05
1.560342934681102633e-05
1.511940627096919343e-05
1.465689365431899205e-05
1.457366670365445316e-05
1.402756242896430194e-05
1.356828852294711396e-05
1.334899479843443260e-05
1.298899769608397037e-05
1.226622134709032252e-05
1.205249736813129857e-05
1.162850003311177716e-05
1.155522932094754651e-05
1.117342708312207833e-05
1.098073880712036043e-05
1.066265213012229651e-05
1.063925174094038084e-05
1.036935009324224666e-05
1.001576310954988003e-05
9.926232451107352972e-06
9.282898645324166864e-06
9.151455742539837956e-06
8.996998076327145100e-06
8.705032996658701450e-06
8.568872544856276363e-06
8.438016266154590994e-06
8.203449397115036845e-06
7.985027878021355718e-06
7.698835361225064844e-06
7.595469469379168004e-06
7.565910891571547836e-06
7.443551567121176049e-06
7.352500233537284657e-06
7.137809006962925196e-06
6.990645488258451223e-06
6.885655693622538820e-06
6.548649253090843558e-06
6.191928605403518304e-06
6.141930043668253347e-06
5.959615464234957471e-06
5.844299721502466127e-06
5.665073331329040229e-06
5.544049145100871101e-06
5.307473202265100554e-06
5.140585926710627973e-06
5.057790986029431224e-06
4.924833774566650391e-06
4.849737706535961479e-06
4.717128831543959677e-06
4.649639777198899537e-06
4.577814706863136962e-06
4.418714070197893307e-06
4.328252089180750772e-06
4.243315288476878777e-06
4.067143436259357259e-06
4.011138571513583884e-06
3.922306859749369323e-06
3.774140623136190698e-06
3.695419309224234894e-06
3.477967993603670038e-06
3.474444838502677158e-06
3.423663201829185709e-06
3.265597115387208760e-06
3.198562353645684198e-06
3.141414708807133138e-06
3.087108552790596150e-06
3.003087613251409493e-06
2.920085762525559403e-06
2.824141574819805101e-06
2.719723170230281539e-06
2.619416818561148830e-06
2.556535491748945788e-06
2.517889470254885964e-06
2.496730303391814232e-06
2.391793259448604658e-06
2.343166897844639607e-06
2.254950686619849876e-06
2.170061634387820959e-06
2.125085984516772442e-06
2.070594518954749219e-06
2.039820856225560419e-06
1.991522140087909065e-06
1.947341161212534644e-06
1.858804807852720842e-06
1.778845444277976640e-06
1.734901047711900901e-06
1.716766860226925928e-06
1.611116431377013214e-06
1.586144094289920758e-06
1.492020828663953580e-06
1.437389073544181883e-06
1.388213263453508262e-06
1.355372319267189596e-06
1.311216237809276208e-06
1.251477669939049520e-06
1.226639938067819458e-06
1.219278146891156211e-06
1.171485450868203770e-06
1.096868800232186913e-06
1.047112505148106720e-06
1.025108076646574773e-06
1.003994611892267130e-06
9.469735573475190904e-07
8.985564363683806732e-07
8.659980608172190841e-07
8.421735628871829249e-07
7.991509960447729100e-07
7.856954198359744623e-07
7.417877441184828058e-07
7.162137762861675583e-07
6.970500407987856306e-07
6.432916279663913883e-07
6.197609536684467457e-07
5.765523383161053061e-07
5.734186743211466819e-07
5.209428195485088509e-07
5.119770776218501851e-07
4.869582994615484495e-07
4.692456627708452288e-07
-4.463829554879339412e-07
4.323736959577217931e-07
4.140875660141318804e-07
3.941220541037182556e-07
3.690464609462651424e-07
-3.578522580482967896e-07
3.385808327038830612e-07
3.262003929194179364e-07
2.929270692675345344e-07
-2.910497869379469194e-07
2.767248474810912739e-07
2.455341814311395865e-07
2.346191365631966619e-07
1.992938933881305275e-07
-1.843818893121351721e-07
1.833640794757229742e-07
-1.608416795306766289e-07
1.515111165417692973e-07
-1.473970741017183173e-07
1.176955422010905750e-07
-1.075788702564750565e-07
9.064230255262373248e-08
8.863223399657726986e-08
-6.845834832347463816e-08
-5.408122660810477100e-08
4.350309978917721310e-08
-3.766099254676191777e-08
2.935230902778585005e-08
-2.453836778215645609e-08
-2.413512723009603178e-09
