7.021476523952250304e-01
3.512698357718631037e-01
2.028514918926793420e-01
1.543676424692380922e-01
1.462005127316629016e-01
1.121003009258525751e-01
9.757094208169060645e-02
7.451821032383763865e-02
6.669594332898365341e-02
5.786910498745757858e-02
4.946943115458843354e-02
4.396368697359746835e-02
4.113043314096655884e-02
3.834880748562433800e-02
3.347071073869734709e-02
3.076607671912022501e-02
2.926964098540395937e-02
2.884860991433863681e-02
2.632323148175924263e-02
2.417320423603370669e-02
2.347198650634064326e-02
2.280807893178384005e-02
2.206163084610975739e-02
2.002927765227451376e-02
1.886739845330360349e-02
1.810533498494276000e-02
1.781500058222213606e-02
1.710356065397972136e-02
1.599661121561228930e-02
1.563675476132816294e-02
1.531633551861748266e-02
1.453265735398555705e-02
1.404479219233178283e-02
1.346869559917716550e-02
1.301261734934688018e-02
1.279889849150081700e-02
1.255165566064524348e-02
1.178752479661867962e-02
1.122756500976310017e-02
1.113593250336574088e-02
1.059894013365476548e-02
1.007140398068280367e-02
9.859825007546209330e-03
9.757494713812788628e-03
9.598864145289565455e-03
9.277172955639336957e-03
8.593739970236257200e-03
8.334137663666512513e-03
8.129013595826753424e-03
8.031794439918447243e-03
7.731876895626937571e-03
7.564258374088071203e-03
7.399252969948556628e-03
7.093236289631713737e-03
6.920552974090300562e-03
6.822026438465926025e-03
6.675426410351132343e-03
6.639889956066768670e-03
6.239659659378906341e-03
6.146607895320724789e-03
5.962676987096182657e-03
5.663210302212421873e-03
5.589296055593623129e-03
5.453007922118485035e-03
5.216817992759058449e-03
5.133143173358548604e-03
5.020833600688607949e-03
4.912111140690434384e-03
4.705637873194834508e-03
4.580914215138421133e-03
4.487394267934905617e-03
4.336460540561089261e-03
4.244112731229215604e-03
4.121846081925842169e-03
4.023261311148269674e-03
3.870175267601170394e-03
3.827652220973370642e-03
3.752574620321291569e-03
3.698276687172267780e-03
3.613337039678286150e-03
3.412651403498179366e-03
3.362513183641725658e-03
3.258753122414425035e-03
3.224439072308402272e-03
3.095982645275654251e-03
3.009642271644154526e-03
2.983582080755408684e-03
2.910633881028790431e-03
2.844362677119700172e-03
2.802412445825342140e-03
2.773513841789794574e-03
2.749056555083454183e-03
2.641440479480493611e-03
2.564902443391385220e-03
2.491837156200747867e-03
2.415579914114055014e-03
2.361615189461510351e-03
2.330148026212426962e-03
2.322027849240096160e-03
2.254266768800414385e-03
2.213817885592836345e-03
2.181198556686181605e-03
2.146849946506548205e-03
2.030971447583566035e-03
2.019571485222997585e-03
1.947040106587988578e-03
1.883708535727737126e-03
1.857587346567636088e-03
1.834750096426691728e-03
1.790522854927909836e-03
1.758448912924081295e-03
1.713363128984462516e-03
1.691288822042120348e-03
1.651094173585045729e-03
1.619980297992800172e-03
1.588025005123605603e-03
1.509107221900595971e-03
1.501048163568256214e-03
1.476021261908977899e-03
1.413413857192315258e-03
1.383560889300133358e-03
1.368644742916537774e-03
1.333409371186047203e-03
1.294717489078269553e-03
1.234342391009547908e-03
1.212421451458630447e-03
1.201736606593404970e-03
1.134582192492675527e-03
1.101208622877230701e-03
1.079124891583216643e-03
1.062714474700867349e-03
1.026549442955890581e-03
1.004561332085192630e-03
9.966563217016048692e-04
9.552754385641643725e-04
9.291457609722338301e-04
8.969726313782898234e-04
8.949847453400088231e-04
8.630184975531044128e-04
8.588032042106584713e-04
8.360900087119038648e-04
8.077597152056992594e-04
7.980080899858846364e-04
7.868970837875230873e-04
7.745585724041914892e-04
7.325409837603377890e-04
7.028087550081060265e-04
6.911196082365778787e-04
6.726104332773843748e-04
6.443889269519812888e-04
6.322911113129521228e-04
6.128766004681947439e-04
5.865468512210254880e-04
5.777364534980945722e-04
5.588686334766316275e-04
5.506602523353691962e-04
5.455895297753354410e-04
5.330594384027190821e-04
5.279012606772682907e-04
5.036271163942996698e-04
4.902454514052996884e-04
4.754060129875933632e-04
4.702110914265504680e-04
4.410784533615986634e-04
4.382196985941586498e-04
4.266643366795717473e-04
4.130289517602794380e-04
4.110291911986950443e-04
3.829518304111086645e-04
3.719870977522898251e-04
3.555480150220805490e-04
3.410723919707185680e-04
3.393887453962518130e-04
3.275842189797587099e-04
3.062107989393815142e-04
2.980734149667617350e-04
2.942653462541058884e-04
2.881558136952299645e-04
2.707348192494523622e-04
2.685562511714422959e-04
2.550767795258003230e-04
2.447915368041488288e-04
2.419212153640417078e-04
2.221819545472269390e-04
2.199605496168806546e-04
2.141375707321824750e-04
2.017955452093985987e-04
1.900588660147402276e-04
1.875707069770260699e-04
1.765596456592831063e-04
1.719708396542924062e-04
1.670412084514008230e-04
1.595890908643369350e-04
1.532257698174621608e-04
1.415691434244766944e-04
1.334231018482483948e-04
1.290264526809615847e-04
1.205632567102725639e-04
1.171587427104877753e-04
1.123425881796047150e-04
1.057067583292333320e-04
1.001056249939449757e-04
9.205542456706112642e-05
8.841904170957723386e-05
8.370124458470751217e-05
8.094826430413392922e-05
7.464303607630293886e-05
6.328691489170345619e-05
6.208313337803903636e-05
5.320008228715302894e-05
5.057392874312197122e-05
4.927394916361982639e-05
3.747064257059465277e-05
3.380477343608487533e-05
2.233296592456680056e-08
1.876779398777617659e-08
1.455386335247532089e-08
1.426291167528823236e-08
1.369646015811840312e-08
1.250012235881476869e-08
1.202383024553497036e-08
9.947525514314322542e-09
9.826370765819168799e-09
9.555131246713563297e-09
9.139718743860390835e-09
9.109529851956158102e-09
8.791897336895306556e-09
8.272728834928965566e-09
8.042039036837205794e-09
7.656764324226647411e-09
7.592819936949715645e-09
7.045234299483570263e-09
6.975127589916044374e-09
6.709792637536187561e-09
6.551958472749455086e-09
6.425335071110598564e-09
6.209076538908678408e-09
6.205044063492171051e-09
5.864507000442099005e-09
5.722031242389245109e-09
5.437959304160828383e-09
5.278788547799707098e-09
5.274006985388441306e-09
5.194324063431872066e-09
4.974148395156697598e-09
4.908979844184722280e-09
4.535341506142401938e-09
4.488069210491386424e-09
4.231818211806479803e-09
4.216656261495330874e-09
4.166895912168846817e-09
4.014339682377414519e-09
3.822390735345756675e-09
3.658418091470358454e-09
3.445304400382986940e-09
3.395986310524326503e-09
3.319106412052545356e-09
3.124856665631369832e-09
2.995390891411181672e-09
2.903300496120031838e-09
2.692661747937837724e-09
2.663118483251603616e-09
2.614720240523164934e-09
2.550799695621147610e-09
2.525374381586615968e-09
2.277697341726327017e-09
2.247964586812108925e-09
2.169254605524352551e-09
1.992358125998237175e-09
1.878883036785538427e-09
1.760256509448840297e-09
1.728195303124716577e-09
1.619170771399334846e-09
1.567416567165022678e-09
1.522718260950941922e-09
1.439156036824738345e-09
1.331228603919714582e-09
1.177044412649584924e-09
1.118265689224118583e-09
1.042131281558619322e-09
1.001040161291562888e-09
9.666388758656736038e-10
9.116417382928293558e-10
8.332730088403500904e-10
7.326460136716175017e-10
6.960963868136659031e-10
6.952275140540329231e-10
6.064559010843858361e-10
4.713639298766079640e-10
3.926833073654909015e-10
3.323351598581764821e-10
2.795617682364205765e-10
1.634234070306227676e-10
1.522197327097221991e-10
1.134536686642074632e-10
4.874031512827987905e-11
1.246655279290414141e-11
