1.123880386352539062e+00
6.686964631080627441e-01
3.993761539459228516e-01
3.031353652477264404e-01
2.865013778209686279e-01
2.208514213562011719e-01
1.763917505741119385e-01
1.420262902975082397e-01
9.254997223615646362e-02
7.235597819089889526e-02
6.703182309865951538e-02
6.290689110755920410e-02
5.739882588386535645e-02
5.569666251540184021e-02
4.643428698182106018e-02
4.536466300487518311e-02
3.587979450821876526e-02
3.459855914115905762e-02
3.275986015796661377e-02
3.143226355314254761e-02
2.864952757954597473e-02
2.669589221477508545e-02
2.363929711282253265e-02
2.227118611335754395e-02
2.082602120935916901e-02
2.023049816489219666e-02
1.851740479469299316e-02
1.727897860109806061e-02
1.662000827491283417e-02
1.585076935589313507e-02
1.549829076975584030e-02
1.456382125616073608e-02
1.415596622973680496e-02
1.247853226959705353e-02
1.187158934772014618e-02
1.141026522964239120e-02
1.116948202252388000e-02
1.060174405574798584e-02
1.001512259244918823e-02
9.883888065814971924e-03
9.570742957293987274e-03
9.103246033191680908e-03
8.528406731784343719e-03
8.313489146530628204e-03
7.999381981790065765e-03
7.817237637937068939e-03
7.369386963546276093e-03
6.959843449294567108e-03
6.508247926831245422e-03
6.341714877635240555e-03
6.307911127805709839e-03
6.014557555317878723e-03
5.752979777753353119e-03
5.577125120908021927e-03
5.377409979701042175e-03
5.174255464226007462e-03
5.002109333872795105e-03
4.830699879676103592e-03
4.821218084543943405e-03
4.638430662453174591e-03
4.508246667683124542e-03
4.299005493521690369e-03
4.225394222885370255e-03
4.179609008133411407e-03
4.118801094591617584e-03
3.817829303443431854e-03
3.713201964274048805e-03
3.514086827635765076e-03
3.452000906690955162e-03
3.235926385968923569e-03
3.128699027001857758e-03
3.085794625803828239e-03
3.060694085434079170e-03
2.934396034106612206e-03
2.840180415660142899e-03
2.792145125567913055e-03
2.723015146329998970e-03
2.576463855803012848e-03
2.508548088371753693e-03
2.386287786066532135e-03
2.372893039137125015e-03
2.309479750692844391e-03
2.284056041389703751e-03
2.189818304032087326e-03
2.142076846212148666e-03
2.059826161712408066e-03
2.006191760301589966e-03
1.964762341231107712e-03
1.887851743958890438e-03
1.795476768165826797e-03
1.737422076985239983e-03
1.696657855063676834e-03
1.676181564107537270e-03
1.645567710511386395e-03
1.598434289917349815e-03
1.564197707921266556e-03
1.484680455178022385e-03
1.464351429603993893e-03
1.412428566254675388e-03
1.376650412566959858e-03
1.362091163173317909e-03
1.339299487881362438e-03
1.303108059801161289e-03
1.245850580744445324e-03
1.196682685986161232e-03
1.176185556687414646e-03
1.156712765805423260e-03
1.112528960220515728e-03
1.098913489840924740e-03
1.086281612515449524e-03
1.024333643727004528e-03
9.999641915783286095e-04
9.632717701606452465e-04
9.582139900885522366e-04
9.198525222018361092e-04
8.864848059602081776e-04
8.651357493363320827e-04
8.521507843397557735e-04
8.341122302226722240e-04
8.131928043439984322e-04
7.939506904222071171e-04
7.759280852042138577e-04
7.572219474241137505e-04
7.470882264897227287e-04
7.086982950568199158e-04
6.909823860041797161e-04
6.854439270682632923e-04
6.755797076039016247e-04
6.161912460811436176e-04
6.141814519651234150e-04
5.961847491562366486e-04
5.750484997406601906e-04
5.484891007654368877e-04
5.350640276446938515e-04
5.155946710146963596e-04
5.020125536248087883e-04
4.975249757990241051e-04
4.823647032026201487e-04
4.733800014946609735e-04
4.498928901739418507e-04
4.467190883588045835e-04
4.340158484410494566e-04
4.192218184471130371e-04
4.093928437214344740e-04
3.935704589821398258e-04
3.842171863652765751e-04
3.769917238969355822e-04
3.689144505187869072e-04
3.564020444173365831e-04
3.502902691252529621e-04
3.387033648323267698e-04
3.269192820880562067e-04
3.178959304932504892e-04
3.092458646278828382e-04
3.054485423490405083e-04
2.893771743401885033e-04
2.784362586680799723e-04
2.730406122282147408e-04
2.663450723048299551e-04
2.638394071254879236e-04
2.515488013159483671e-04
2.429751766612753272e-04
2.355576434638351202e-04
2.302558277733623981e-04
2.257240412291139364e-04
2.221688773715868592e-04
2.103184815496206284e-04
1.993961341213434935e-04
1.919260539580136538e-04
1.879369228845462203e-04
1.799485471565276384e-04
1.734622492222115397e-04
1.705517497612163424e-04
1.643256837269291282e-04
1.558173244120553136e-04
1.523943647043779492e-04
1.445268717361614108e-04
1.402506895828992128e-04
1.364140480291098356e-04
1.344059564871713519e-04
1.227568427566438913e-04
1.145939677371643484e-04
1.107863135985098779e-04
1.092726597562432289e-04
1.066468321369029582e-04
1.048765479936264455e-04
9.678830247139558196e-05
9.115644934354349971e-05
8.834208711050450802e-05
8.720329060452058911e-05
8.424156840192154050e-05
7.994915358722209930e-05
7.539195212302729487e-05
7.058389019221067429e-05
6.705361010972410440e-05
6.628841219935566187e-05
6.158556061564013362e-05
6.143574864836409688e-05
5.641083771479316056e-05
5.449657328426837921e-05
5.261017940938472748e-05
4.807605364476330578e-05
4.583506233757361770e-05
4.346634159446693957e-05
4.059200728079304099e-05
3.935207132599316537e-05
3.547243977664038539e-05
3.056943023693747818e-05
2.918452082667499781e-05
2.701388802961446345e-05
2.510100603103637695e-05
2.280926855746656656e-05
1.962331771210301667e-05
1.608052116353064775e-05
-1.576255748148014391e-08
-1.047913400498146075e-08
-9.105876941362112120e-09
8.460324885106729198e-09
7.715214245251900138e-09
7.235954946338551963e-09
6.784139916504727807e-09
-6.309560873773989442e-09
-6.215511216822733331e-09
5.468258734708797419e-09
-5.223367516293819790e-09
4.703132994166026037e-09
-4.697788380525480534e-09
-4.566228728464238884e-09
4.427630262426873742e-09
4.090945360246678320e-09
3.986508456677029244e-09
-3.908466439384028490e-09
-3.724262898074925943e-09
3.690299399394803004e-09
3.552107052939845744e-09
-3.445266960611093054e-09
3.314711394253322396e-09
-3.249983393516231445e-09
3.122690550583229196e-09
-3.053975294875499458e-09
2.924972486439969543e-09
-2.836513246506910946e-09
2.755032868506646082e-09
2.628993911457655486e-09
-2.604598314803752146e-09
2.484642269706682782e-09
-2.473685256632052187e-09
-2.435219581542469314e-09
-2.284870737057076440e-09
2.255270858952940216e-09
-2.226897777291014791e-09
2.144146860061368898e-09
-2.064593163098038531e-09
2.051417924420206873e-09
-1.921399039872540015e-09
1.863030396620501961e-09
-1.847761055273622333e-09
-1.807510585649652057e-09
1.794440485092252402e-09
-1.711789598957125236e-09
1.660696802296968144e-09
-1.605196420229049181e-09
1.493709600453030362e-09
-1.400010218866043488e-09
1.379524272593357637e-09
-1.332078780613699109e-09
-1.310185515634998410e-09
1.281857731072477691e-09
-1.200109345234068314e-09
1.083576561811128158e-09
-1.053254705674078195e-09
1.049605846681345156e-09
9.558326352632207090e-10
8.976925314208017426e-10
-8.899463943556895629e-10
8.685649977024922919e-10
8.077178370591298062e-10
-7.531535395344235440e-10
-6.924684159415050999e-10
-6.235562621803580896e-10
6.105195793359996514e-10
5.852893170121831190e-10
-5.656259349784420465e-10
-5.425279669957205897e-10
4.855451596341708864e-10
4.526313213126798018e-10
4.357205707350431112e-10
-3.875499365868506629e-10
3.108737711698950079e-10
-2.775500940188635468e-10
2.224186251842397155e-10
-2.211023447662441299e-10
1.675119071231634393e-10
-1.628371743001011396e-10
-1.152909157031700715e-10
3.346621590960552339e-11
-1.794962269097144514e-11
