3.080645376953874415e-01
1.023169596909012380e-01
6.517447151141186890e-02
4.754254806980746928e-02
3.611289222670437810e-02
2.652823897790842003e-02
1.529174485749707976e-02
1.026736285932976570e-02
7.421959206518329022e-03
6.563313840194003219e-03
5.989511100468090758e-03
5.194997650176458488e-03
4.748707745452839663e-03
3.780772879999053614e-03
3.226420067025789675e-03
3.114679450865215360e-03
2.877067473797055921e-03
2.479145763563843970e-03
2.267691879253637410e-03
2.125934079613368746e-03
1.839032972775040851e-03
1.654861936207415070e-03
1.404102716105455921e-03
1.335081525653985298e-03
1.267594303182992743e-03
1.168245383573527372e-03
1.128294992303970502e-03
1.048667986750538572e-03
9.199800161061749172e-04
8.846134825966744508e-04
7.546631036114287167e-04
7.344732987939121653e-04
7.030544184410995271e-04
6.525637833647424243e-04
6.319735342005816398e-04
5.844610505899332708e-04
5.213695598102124429e-04
4.917744028221870088e-04
4.532409671495791093e-04
4.449108893823249151e-04
4.161451661311316727e-04
4.048744126092072718e-04
3.601764906005027432e-04
3.341238820250310554e-04
3.267769629013448436e-04
2.909452065057603273e-04
2.730603137801341368e-04
2.671175886970475282e-04
2.426463656618019790e-04
2.358909847552278756e-04
2.272688311434738488e-04
2.188263232048060262e-04
2.116263861357617620e-04
1.993483485560562944e-04
1.947261932424446888e-04
1.821977570013864249e-04
1.746251045386068860e-04
1.643275297544735517e-04
1.585087013998307611e-04
1.543593331915090415e-04
1.474802945795908001e-04
1.434135910865718907e-04
1.380558372858859610e-04
1.307234976175362766e-04
1.297110135930569562e-04
1.228326340797591769e-04
1.162710492884071894e-04
1.098768471453337572e-04
1.077097860851887717e-04
1.042632336482818078e-04
9.599344661591685730e-05
9.476956351553656116e-05
9.402690720849173056e-05
9.072569903628966467e-05
8.634890659030972147e-05
8.295553053094456889e-05
8.050560109494554924e-05
7.672363314063633142e-05
7.546812310766837684e-05
7.075567476526956133e-05
6.843891020210007608e-05
6.543524491827073586e-05
6.370868727468390774e-05
6.313983538003282829e-05
5.887886283804079709e-05
5.716246385714603861e-05
5.576683565563238010e-05
5.250807792059273416e-05
5.099288343576995492e-05
5.039677339130587520e-05
4.891814498310425907e-05
4.723338310496589588e-05
4.576651052833087535e-05
4.488496040221965158e-05
4.108595633744036106e-05
4.039208034016662340e-05
3.884234436432513988e-05
3.824635105986833570e-05
3.745331337106626730e-05
3.681696294786200043e-05
3.599543342986455315e-05
3.525311877025440356e-05
3.422925172445402577e-05
3.213267786924201079e-05
3.155894620218435166e-05
3.066183641004796220e-05
3.023931336596439570e-05
2.897633427009350639e-05
2.808220895274941717e-05
2.769810477360094979e-05
2.707345424681049820e-05
2.614266019733896135e-05
2.525982891336249635e-05
2.461061181256520938e-05
2.443585154994772188e-05
2.343152439704891310e-05
2.302811292204119448e-05
2.220201801546620610e-05
2.142608705779765823e-05
2.052834652187382472e-05
1.973635942006333118e-05
1.917236564237195600e-05
1.890861239535456955e-05
1.836220532411487246e-05
1.793387933320275495e-05
1.747374465360977750e-05
1.677732360662468738e-05
1.623350633665658160e-05
1.594839486613820048e-05
1.573590887796996653e-05
1.489568263904826201e-05
1.475797556753043149e-05
1.455960568266747676e-05
1.432631118465618994e-05
1.370763155039036799e-05
1.330341995797410297e-05
1.307144165490942753e-05
1.266907933128332665e-05
1.234454233565413567e-05
1.191561028568974130e-05
1.153910244889490362e-05
1.109017752053329439e-05
1.091082100104802682e-05
1.069166919996400929e-05
1.052561008124039060e-05
1.021031865117803393e-05
9.998664816238240656e-06
9.871296685759553484e-06
9.409570548114357892e-06
9.284164965033642295e-06
8.933640144024179657e-06
8.716030245472429646e-06
8.473385221161330676e-06
8.333929652675233003e-06
7.855722849395801769e-06
7.629856294232458512e-06
7.466033321310313302e-06
7.234361632633441182e-06
7.089075359375894271e-06
6.888952787934376835e-06
6.607175730403356113e-06
6.586405293069557273e-06
6.344268537334099525e-06
6.012677890289584571e-06
5.918135534085214558e-06
5.795396429105312550e-06
5.683684601253373645e-06
5.549480991718983749e-06
5.418337049000158713e-06
5.276409584398835664e-06
5.104567343686109417e-06
4.927726726482335311e-06
4.805535992324306148e-06
4.699813275445390534e-06
4.514473532292256707e-06
4.390632176038833689e-06
4.240100328193359611e-06
4.191335478842448967e-06
4.074991493983944288e-06
3.945282951895398356e-06
3.852553021426199786e-06
3.807177003065329384e-06
3.705477933734892380e-06
3.489081995023511719e-06
3.472411713783411055e-06
3.320455623573403903e-06
3.198541318694349028e-06
3.126960441252081930e-06
3.045955572022828303e-06
3.008825580257347175e-06
2.916997722429012212e-06
2.825110310455487504e-06
2.750805062206430328e-06
2.675824296413877988e-06
2.662793872871292341e-06
2.620572979847648608e-06
2.475777396575583698e-06
2.372383079462207315e-06
2.327552811520811747e-06
2.302871926131327402e-06
2.251090420107946631e-06
2.191508783133209371e-06
2.098824410263441599e-06
2.002896628813943571e-06
1.979082894623247081e-06
1.857727336941273910e-06
1.844340471250962758e-06
1.780464319056489468e-06
1.717493815503214417e-06
1.677746617326628460e-06
1.627401985455995715e-06
1.586273036130857039e-06
1.509113291798935365e-06
1.482731552811786962e-06
1.431861255244668178e-06
1.389893815792295702e-06
1.322863599920980254e-06
1.237008532095139805e-06
1.220904565056160584e-06
1.187271178081554981e-06
1.130864356743926937e-06
1.109519271657823628e-06
1.057587220844850418e-06
1.009260153029986659e-06
9.794211287457922676e-07
9.427658529036422820e-07
9.225282620577065396e-07
8.900442932947654570e-07
8.720751000029941266e-07
8.183283554051438108e-07
8.165005210758631523e-07
7.590121438087606734e-07
7.393088935822697463e-07
6.859582313647445347e-07
6.460542173404744113e-07
6.019735388177690766e-07
5.906412360633694833e-07
5.478660049916243351e-07
5.385769080703055375e-07
5.141272344955990672e-07
4.798476658713388213e-07
4.348483951005148131e-07
4.328600694188519277e-07
4.130079145744620004e-07
3.937545655442541163e-07
3.832185784871178381e-07
3.593178107376563909e-07
3.550226637962061898e-07
3.436963258349464194e-07
3.237595812027766145e-07
3.019217611160751470e-07
2.886415073806938063e-07
2.771992830412625884e-07
2.570217774973714951e-07
2.464929222017016171e-07
2.337199457562615781e-07
2.161127726924587429e-07
1.904346390328811159e-07
1.861684058441867477e-07
1.741855022888575734e-07
1.561101886787702559e-07
1.274213320828006204e-07
1.125226918053356579e-07
1.039832712470299617e-07
9.669405793582988649e-08
8.519179645803105513e-08
7.369217024393474569e-08
6.593876517756077735e-08
5.966804626349734861e-08
5.395007489901199140e-08
5.340207726983186660e-08
4.828214110259921867e-08
3.379926872081854955e-08
2.837342727141501460e-08
2.156854198766472109e-08
1.609922305754244448e-08
1.221510482288446369e-08
9.752034413538540810e-09
8.896945720804736650e-09
4.887597961410235791e-09
1.078296962340619617e-09
8.484207854848243446e-10
6.461732042142834297e-10
4.762897191196099709e-10
4.321889431516136757e-10
3.595165517163591892e-10
3.413475398956403261e-10
3.000264865553517934e-10
2.983571972540056030e-10
2.351013233578055195e-10
1.711907800706765250e-10
1.456034188359578669e-10
7.869792461928107056e-11
4.902140550435300835e-11
4.889620174166042989e-11
3.180621850739384690e-11
6.236591284073527623e-12
