4.724951386451721191e-01
1.715476512908935547e-01
9.728344529867172241e-02
6.225915998220443726e-02
4.268386214971542358e-02
2.828334458172321320e-02
1.913169398903846741e-02
1.198114920407533646e-02
9.410372935235500336e-03
8.111707866191864014e-03
7.417840883135795593e-03
6.252563092857599258e-03
4.917136393487453461e-03
3.845091210678219795e-03
3.461976768448948860e-03
2.483967458829283714e-03
2.320473780855536461e-03
2.091741887852549553e-03
2.001634566113352776e-03
1.890257117338478565e-03
1.679001725278794765e-03
1.600889721885323524e-03
1.343738171271979809e-03
1.337333931587636471e-03
1.168599585071206093e-03
1.143481349572539330e-03
1.007583457976579666e-03
8.846406708471477032e-04
8.497223025187849998e-04
7.949123391881585121e-04
7.250536000356078148e-04
6.830049096606671810e-04
5.960385897196829319e-04
5.656695575453341007e-04
5.387383280321955681e-04
4.743544559460133314e-04
4.664172593038529158e-04
4.402436024975031614e-04
4.198343667667359114e-04
3.807506582234054804e-04
3.650400612968951464e-04
3.521133912727236748e-04
3.305867430754005909e-04
2.899749379139393568e-04
2.722595236264169216e-04
2.665702486410737038e-04
2.424484991934150457e-04
2.357232151553034782e-04
2.178015856770798564e-04
1.980669621843844652e-04
1.916461915243417025e-04
1.770759117789566517e-04
1.685003953753039241e-04
1.639240217627957463e-04
1.628328900551423430e-04
1.561518874950706959e-04
1.421103224856778979e-04
1.362801704090088606e-04
1.296074624406173825e-04
1.258177362615242600e-04
1.226394379045814276e-04
1.143429180956445634e-04
1.069384161382913589e-04
1.035031455103307962e-04
9.562112245475873351e-05
9.337363007944077253e-05
8.876222273102030158e-05
8.633911784272640944e-05
8.234190318034961820e-05
7.846157677704468369e-05
7.736739644315093756e-05
7.322377496166154742e-05
6.947181827854365110e-05
6.337976083159446716e-05
6.199380732141435146e-05
6.176104216137900949e-05
5.855305789737030864e-05
5.651656101690605283e-05
5.429177326732315123e-05
5.306019011186435819e-05
5.009373126085847616e-05
4.946631815982982516e-05
4.711460132966749370e-05
4.579336746246553957e-05
4.282388545107096434e-05
4.065502798766829073e-05
3.894083056366071105e-05
3.773304342757910490e-05
3.594411828089505434e-05
3.518899029586464167e-05
3.354546424816362560e-05
3.311286855023354292e-05
3.189413837390020490e-05
3.047334212169516832e-05
2.902299274865072221e-05
2.861201937776058912e-05
2.694441718631424010e-05
2.557641710154712200e-05
2.521873830119147897e-05
2.385616426181513816e-05
2.316091376997064799e-05
2.298231993336230516e-05
2.203026997449342161e-05
2.116372525051701814e-05
2.049681279459036887e-05
2.028172275458928198e-05
2.009056697716005147e-05
1.883623917819932103e-05
1.843865175032988191e-05
1.767380672390572727e-05
1.733227691147476435e-05
1.626029552426189184e-05
1.560149394208565354e-05
1.534879993414506316e-05
1.487196641392074525e-05
1.476299621572252363e-05
1.423762205376988277e-05
1.360180795018095523e-05
1.318806062045041472e-05
1.262673413293669000e-05
1.237584274349501356e-05
1.190496277558850124e-05
1.172627071355236694e-05
1.137883919000159949e-05
1.104365401261020452e-05
1.087650616682367399e-05
1.011030235531507060e-05
1.004321711661759764e-05
9.505253729003015906e-06
9.323111953563056886e-06
9.262791536457370967e-06
8.824267752061132342e-06
8.648812581668607891e-06
8.304651601065415889e-06
8.066161171882413328e-06
7.779623956594150513e-06
7.364763405348639935e-06
7.235612883960129693e-06
7.112367711670231074e-06
6.842528364359168336e-06
6.636474608967546374e-06
6.539455625897971913e-06
6.255804237298434600e-06
5.961719580227509141e-06
5.915615929552586749e-06
5.705415333068231121e-06
5.686735221388516948e-06
5.537187462323345244e-06
5.352272182790329680e-06
5.122759375808527693e-06
4.969898327544797212e-06
4.867538336839061230e-06
4.776487912749871612e-06
4.595779500959906727e-06
4.515801720117451623e-06
4.410581823321990669e-06
4.274177626939490438e-06
4.144028480368433520e-06
3.893395387422060594e-06
3.704747314259293489e-06
3.559125616448000073e-06
3.533916242304258049e-06
3.452757027844199911e-06
3.405565621505957097e-06
3.266877001806278713e-06
3.156150569338933565e-06
3.114038463536417112e-06
3.019641553692054003e-06
2.899332685046829283e-06
2.820149120452697389e-06
2.722473254834767431e-06
2.600321067802724428e-06
2.441341166559141129e-06
2.422953457426046953e-06
2.391515408817213029e-06
2.348688894926453941e-06
2.252523927381844260e-06
2.205625833084923215e-06
2.158586994482902810e-06
2.117694293701788411e-06
2.036417754425201565e-06
1.942054041137453169e-06
1.925951210068888031e-06
1.883694721982465126e-06
1.842074766500445548e-06
1.826011612138245255e-06
1.725798597362881992e-06
1.665685658736038022e-06
1.637027821743686218e-06
1.599121674189518671e-06
1.499010409133916255e-06
1.493073341407580301e-06
1.419935756530321669e-06
1.348516661892062984e-06
1.328900793851062190e-06
1.302545683756761719e-06
1.202210228257172275e-06
1.191679302792181261e-06
1.153043285739840940e-06
1.146870431512070354e-06
1.110104221879737452e-06
1.047912064677802846e-06
1.012245320453075692e-06
9.931389968187431805e-07
9.446304716220765840e-07
9.181695759252761491e-07
9.123526183429930825e-07
8.808160600892733783e-07
8.533569939572771545e-07
8.391798473894596100e-07
8.139249416672100779e-07
8.075826940512342844e-07
7.687810352763335686e-07
7.463213478331454098e-07
7.135399187063740101e-07
6.742525329173076898e-07
6.613456093873537611e-07
6.397086735887569375e-07
6.276013095884991344e-07
6.011352411405823659e-07
5.757996177635504864e-07
5.561776106333127245e-07
5.457425231725210324e-07
5.307511514729412738e-07
5.053679501543228980e-07
4.901776833321491722e-07
4.757800695642799838e-07
4.286553405563608976e-07
4.197816565465473104e-07
3.973831894654722419e-07
3.895914915119647048e-07
3.740324245882220566e-07
3.538483213105791947e-07
3.371117145434254780e-07
3.272973572165938094e-07
3.212632009308435954e-07
3.035216025182307931e-07
2.939260070888849441e-07
2.660862890024873195e-07
2.616766892060695682e-07
2.508808734091871884e-07
2.462980148720816942e-07
2.344376497376288171e-07
2.227689321898651542e-07
2.139891108754454763e-07
1.908060625055441051e-07
1.811707051047051209e-07
1.736649153372127330e-07
1.672632663485273952e-07
1.598347552089762758e-07
1.532794300374007435e-07
1.474966353498530225e-07
1.354373324602420325e-07
1.285281001628391095e-07
1.172870298660200206e-07
1.101146338555736293e-07
1.084871996681613382e-07
9.890917596067083650e-08
9.129649924943805672e-08
8.989309918661092524e-08
8.425908504250401165e-08
7.290373105206526816e-08
6.315073619589384180e-08
5.555561344294801529e-08
5.045374606993391353e-08
4.271781861575618677e-08
4.067008774200076004e-08
3.681465443605702603e-08
3.322428199226123979e-08
2.936910092898870062e-08
2.671397147935294925e-08
2.574185309356380458e-08
1.765580925905396725e-08
1.619507195016467449e-08
1.249925674073892878e-08
9.864903560696802742e-09
7.555247982793389383e-09
5.202870134723980300e-09
4.950179377516406021e-09
4.079311111127026379e-09
1.427862383884814790e-09
-1.263428806019817330e-09
9.850278370748810630e-10
5.053567564416994173e-10
-5.040199368977482663e-10
3.464666054053822108e-10
-3.102920420605670415e-10
-2.634694129532988427e-10
2.127268777796231802e-10
-1.983928715754146310e-10
1.901960255956680612e-10
1.703309437939282134e-10
-1.423492990149100024e-10
1.062845506050180688e-10
-5.779951864348653601e-11
-2.756812660098528767e-11
1.098429073392859223e-11
