2.204535850757502580e+00
5.631191253095073623e-01
2.996851295126036208e-01
1.608154850171736316e-01
1.299444455179937230e-01
1.066650975648697208e-01
8.625672995295038947e-02
7.189898517271788025e-02
6.872617511926443212e-02
6.187665226682360908e-02
5.000263335070039700e-02
4.516730841411777109e-02
3.081047756763634002e-02
2.810094687380666409e-02
2.427832883027357391e-02
2.176420455420030250e-02
2.062798276414833099e-02
1.821811255300259322e-02
1.570778610828456670e-02
1.477261744003942508e-02
1.316951982882758228e-02
1.206460981139699691e-02
1.107787892661547466e-02
1.054876424390443698e-02
9.662859817351487912e-03
8.502359974403208426e-03
7.468584279193790816e-03
7.232179498899381047e-03
6.397972805137752510e-03
6.317470222762132902e-03
5.719243462435446429e-03
5.259473823014933734e-03
4.799331313814573716e-03
4.710366242796143986e-03
4.459832491332606057e-03
3.913487507128496530e-03
3.614218548409835110e-03
3.514298983488283335e-03
3.402414760748143606e-03
3.135031672490563599e-03
2.898359173843307462e-03
2.622112114858873941e-03
2.437363123372696290e-03
2.321548609076505912e-03
2.154727672062280771e-03
1.999807135799044032e-03
1.952593424456661089e-03
1.746703750202276226e-03
1.703565207018998932e-03
1.622862593350545869e-03
1.550024819117306859e-03
1.533321865655965562e-03
1.433865633772273039e-03
1.322458379889130233e-03
1.254238137209727922e-03
1.201529001499848865e-03
1.121900505556099699e-03
1.066320021162656855e-03
1.046590839917600768e-03
9.518892036835721040e-04
8.877056261980809364e-04
7.996054366509606137e-04
7.605969452164143552e-04
7.455551881139251122e-04
7.321770297430171652e-04
7.120003109123247079e-04
6.802535210054241541e-04
6.539339635584701972e-04
6.376676276569118694e-04
6.233161240972305995e-04
6.006139088184623848e-04
5.593363708133806652e-04
5.167931477394347101e-04
5.124108330760091456e-04
4.841670687892715079e-04
4.391217766681967689e-04
4.322984454381034627e-04
4.146030306319583290e-04
3.884675604689258061e-04
3.689583002526523447e-04
3.619757020295629574e-04
3.542588305959052416e-04
3.216627298471685524e-04
3.056891428893778405e-04
2.970678449389523891e-04
2.852676261746809726e-04
2.769762369925164443e-04
2.716356238160183697e-04
2.510307000941877685e-04
2.380804598000237906e-04
2.198720422078299756e-04
2.146403114708796242e-04
2.119934674255080501e-04
2.017861893578609298e-04
1.917659368458015832e-04
1.882968788910605029e-04
1.733868512963883455e-04
1.715797374655164340e-04
1.626842117438588456e-04
1.571565963165310231e-04
1.514003840373692007e-04
1.450365668392911340e-04
1.406393414307064815e-04
1.318066044181981540e-04
1.279609396359724792e-04
1.233557234018425658e-04
1.185891799538681850e-04
1.145864284947280390e-04
1.077179842438711368e-04
1.056320350343117496e-04
9.927594404772596606e-05
9.710088034422797857e-05
9.211469180130322024e-05
8.797767505497840266e-05
8.728237940405153344e-05
8.299060866320298569e-05
8.081763119768985474e-05
7.991470631093838730e-05
7.491112712302678775e-05
7.223884509487402594e-05
6.986049456886810321e-05
6.784696516087724584e-05
6.296247723354047113e-05
6.140793486136052822e-05
5.864965614612828248e-05
5.812601234190900806e-05
5.564905138018747373e-05
5.397808423909733006e-05
5.247702519243274059e-05
5.119616111755200780e-05
4.889142335222954424e-05
4.718993191807172190e-05
4.610901698626737502e-05
4.477964168784426480e-05
4.239439101714682396e-05
4.098307967225839143e-05
3.972408159734569592e-05
3.874862086161639992e-05
3.662977863493977262e-05
3.628982046197305094e-05
3.520921766684587958e-05
3.412111888547024891e-05
3.213313378728073862e-05
3.137447986154361616e-05
3.006336073666100492e-05
2.865436708931977779e-05
2.837811528664045517e-05
2.693145326031560601e-05
2.578449217810205180e-05
2.524676701671964093e-05
2.449348312685005366e-05
2.359462250095486458e-05
2.339417255405971472e-05
2.236071468363014684e-05
2.165570809201431925e-05
2.088888234442213616e-05
2.055002726207787089e-05
2.005785582814512906e-05
1.980159629740978425e-05
1.898961015580720370e-05
1.813564028488425376e-05
1.793543804788629790e-05
1.734548979326256912e-05
1.621286471831086484e-05
1.581820623414018477e-05
1.555788646561374406e-05
1.514262002504535415e-05
1.420346335391889436e-05
1.389577460964931991e-05
1.351137551694714763e-05
1.345024917380741294e-05
1.296997847684503879e-05
1.273317145568515798e-05
1.219874453148895194e-05
1.194099682713981309e-05
1.166341085987030571e-05
1.130451867293855307e-05
1.038154039593770924e-05
1.029932488233040136e-05
1.027713907969364568e-05
9.791593427822659114e-06
9.220115555233994361e-06
8.873267688690009050e-06
8.729005627596852411e-06
8.450857473723709241e-06
8.162469190843833314e-06
7.996195631464806492e-06
7.868432092091246486e-06
7.475648120991670716e-06
7.249112938368252553e-06
7.063757942370494047e-06
6.999172313394905910e-06
6.637650211987104999e-06
6.375679555574153931e-06
6.325430757701309514e-06
6.221836266134661649e-06
6.134977424807104636e-06
5.787119965289993099e-06
5.694676785919792912e-06
5.441564403228816065e-06
5.222124118201679366e-06
5.127148459619977432e-06
5.060545333970575342e-06
4.855653543243309031e-06
4.658296570172863319e-06
4.479023035381289803e-06
4.423056901857865960e-06
4.311844416907943220e-06
4.083167552833372173e-06
4.053748127145629132e-06
3.840528123322254916e-06
3.709087517088228349e-06
3.636493870768342564e-06
3.564054681495867204e-06
3.404101043121552848e-06
3.298569898202333225e-06
3.229322492390604163e-06
3.073100087756262627e-06
2.978929656515473312e-06
2.869525145305439086e-06
2.733531024535575600e-06
2.664592289876783025e-06
2.599135760032157967e-06
2.386235508195952783e-06
2.329168828096685503e-06
2.310017247657095868e-06
2.274993591933229953e-06
2.056746968807537763e-06
2.009526945728125831e-06
1.957656783902439435e-06
1.921833761964325340e-06
1.802261330661632258e-06
1.790944819162480963e-06
1.751883906036846114e-06
1.617443457587155778e-06
1.567752174539927167e-06
1.545303342613419249e-06
1.390371830702528858e-06
1.376335702658739404e-06
1.329924543759293624e-06
1.310252692626789658e-06
1.262212619656043213e-06
1.191443260584346167e-06
1.143970764196024611e-06
1.093021859458729271e-06
1.078027736759773431e-06
1.018333285308877121e-06
1.008612451920055791e-06
9.607037193250520807e-07
9.093109488561194191e-07
8.854873806310345648e-07
8.570725052889726143e-07
7.871914552961761680e-07
7.747372578258653988e-07
7.483484434782907766e-07
6.528611496336050197e-07
6.200215300617595617e-07
5.894891697276768163e-07
5.586429932372285533e-07
5.329218239549601704e-07
4.994644389853667738e-07
4.534609259216764609e-07
4.404200622545400005e-07
4.115958901901512997e-07
3.878001186618335042e-07
3.741956496431410476e-07
3.559177117223148450e-07
3.165529262114514904e-07
3.108442364345161591e-07
3.041834010362575268e-07
2.697557050735144516e-07
2.536093086130709960e-07
2.439564069629125151e-07
2.263268489726811961e-07
2.013317769671543694e-07
1.814961205734590248e-07
1.629820154657672956e-07
1.405604637318016534e-07
1.229601098588561331e-07
1.086383143638802031e-07
1.011429454688423251e-07
9.653802060141114752e-08
7.857300023533849409e-08
6.908127444111756315e-08
6.003080896474684476e-08
5.135665077756106731e-08
3.835210533853295191e-08
3.201553895599654797e-08
2.616510525131905298e-08
2.123341233073811728e-08
2.042543875110671074e-08
7.495534070180744548e-09
1.169304516353791746e-09
8.023914654489558642e-10
2.988295050683496842e-10
2.187258890031973913e-10
5.230458622531205068e-11
