3.433165311813354492e+00
9.327890872955322266e-01
4.511497020721435547e-01
2.422231137752532959e-01
2.110782712697982788e-01
1.620987504720687866e-01
1.110776364803314209e-01
1.036970168352127075e-01
9.484038501977920532e-02
7.655175775289535522e-02
6.388667970895767212e-02
6.011177599430084229e-02
4.038827866315841675e-02
3.508203104138374329e-02
2.619112469255924225e-02
2.403859421610832214e-02
1.923586800694465637e-02
1.815261133015155792e-02
1.413850113749504089e-02
1.328669115900993347e-02
1.203453447669744492e-02
1.069659646600484848e-02
8.946005254983901978e-03
8.015863597393035889e-03
7.920141331851482391e-03
7.175864651799201965e-03
6.496040150523185730e-03
6.070191506296396255e-03
5.496784113347530365e-03
4.929485730826854706e-03
4.453359637409448624e-03
3.975708968937397003e-03
3.771964460611343384e-03
3.676570951938629150e-03
3.386389696970582008e-03
2.873961348086595535e-03
2.601725980639457703e-03
2.464006654918193817e-03
2.373933093622326851e-03
2.215604064986109734e-03
1.998643158003687859e-03
1.800686819478869438e-03
1.774393604137003422e-03
1.581846154294908047e-03
1.515224110335111618e-03
1.482158550061285496e-03
1.308136619627475739e-03
1.245722523890435696e-03
1.222836901433765888e-03
1.141540007665753365e-03
1.082970877178013325e-03
9.922033641487360001e-04
9.753501508384943008e-04
9.017728734761476517e-04
8.216629503294825554e-04
8.178454590961337090e-04
8.071714546531438828e-04
7.697594701312482357e-04
7.190848118625581264e-04
7.074415916576981544e-04
6.753641646355390549e-04
6.316291401162743568e-04
5.829905858263373375e-04
5.648432997986674309e-04
5.392371094785630703e-04
5.014417110942304134e-04
4.921444924548268318e-04
4.512574814725667238e-04
4.313372483011335135e-04
4.128719447180628777e-04
3.929746162611991167e-04
3.671606245916336775e-04
3.478323051240295172e-04
3.292427572887390852e-04
3.192951553501188755e-04
3.019921714439988136e-04
2.971567446365952492e-04
2.822618407662957907e-04
2.716016315389424562e-04
2.580691361799836159e-04
2.494030632078647614e-04
2.359856152907013893e-04
2.195383713115006685e-04
2.071530325338244438e-04
1.950194855453446507e-04
1.933952298713847995e-04
1.874654408311471343e-04
1.785495260264724493e-04
1.692256191745400429e-04
1.546358980704098940e-04
1.513395691290497780e-04
1.432250428479164839e-04
1.366373617202043533e-04
1.345406199106946588e-04
1.325961347902193666e-04
1.209078109241090715e-04
1.180438048322685063e-04
1.145729984273202717e-04
1.121100358432158828e-04
1.016955648083239794e-04
9.739978122524917126e-05
9.559919271850958467e-05
9.255253826268017292e-05
8.918903040466830134e-05
8.468342275591567159e-05
7.953988097142428160e-05
7.683839066885411739e-05
7.630314212292432785e-05
7.417296728817746043e-05
6.851579382782801986e-05
6.774226494599133730e-05
6.064280751161277294e-05
5.850716479471884668e-05
5.635026900563389063e-05
5.372233135858550668e-05
5.227508881944231689e-05
5.149768912815488875e-05
4.841959525947459042e-05
4.754863402922637761e-05
4.556675048661418259e-05
4.337298014434054494e-05
4.125865234527736902e-05
3.922040923498570919e-05
3.777003803406842053e-05
3.605529127526097000e-05
3.477594873402267694e-05
3.382068098289892077e-05
3.303070843685418367e-05
3.065027703996747732e-05
3.005109465448185802e-05
2.867053990485146642e-05
2.767306068562902510e-05
2.671914990060031414e-05
2.515966480132192373e-05
2.497098103049211204e-05
2.411561399640049785e-05
2.298946128576062620e-05
2.237720400444231927e-05
2.223826595582067966e-05
2.142794983228668571e-05
2.014845085795968771e-05
1.977606189029756933e-05
1.800073550839442760e-05
1.792255534383002669e-05
1.697727566352114081e-05
1.591747604834381491e-05
1.561796125315595418e-05
1.534871262265369296e-05
1.470427014282904565e-05
1.423266712663462386e-05
1.370626705465838313e-05
1.339815298706525937e-05
1.315759436693042517e-05
1.253880509466398507e-05
1.224939387611811981e-05
1.215367137774592265e-05
1.117085957957897335e-05
1.057975896401330829e-05
1.041208906826796010e-05
1.006383808999089524e-05
9.749604032549541444e-06
9.437389962840825319e-06
9.184645023196935654e-06
8.815702130959834903e-06
8.595651706855278462e-06
8.261462426162324846e-06
8.084039109235163778e-06
7.835134965716861188e-06
7.611570708832005039e-06
7.411567821691278368e-06
7.109816124284407124e-06
6.863712769700214267e-06
6.595446393475867808e-06
6.514747838082257658e-06
6.231835413927910849e-06
6.062499778636265546e-06
5.881078323000110686e-06
5.684037660103058442e-06
5.446573595691006631e-06
5.165006314200581983e-06
4.956329576089046896e-06
4.866294148087035865e-06
4.671562692237785086e-06
4.494265795074170455e-06
4.293692654755432159e-06
4.074468506587436423e-06
4.030102900287602097e-06
3.973983439209405333e-06
3.892742824973538518e-06
3.663417601273977198e-06
3.599380534069496207e-06
3.527665512592648156e-06
3.426487410251866095e-06
3.270228944529662840e-06
3.202487732778536156e-06
3.137328576485742815e-06
3.016258460775134154e-06
2.911814135586610064e-06
2.775172333713271655e-06
2.726846105360891670e-06
2.611727950352360494e-06
2.396964873696560971e-06
2.355307060497580096e-06
2.334557166250306182e-06
2.266966930619673803e-06
2.144344762200489640e-06
2.121712441294221207e-06
2.035669695032993332e-06
2.019877683778759092e-06
1.964210923688369803e-06
1.937346951308427379e-06
1.879669071058742702e-06
1.726480036268185358e-06
1.640065647734445520e-06
1.601947701601602603e-06
1.557120185680105351e-06
1.479555862715642434e-06
1.459475129195197951e-06
1.425734694748825859e-06
1.350354523310670629e-06
1.310468519477581140e-06
1.286046540371899027e-06
1.241537916030210909e-06
1.220653189193399157e-06
1.092443540073873010e-06
1.087869009097630624e-06
1.073793896466668230e-06
9.910440894600469619e-07
9.676509762357454747e-07
9.383464885104331188e-07
8.989804314296634402e-07
8.594874429945775773e-07
8.015114190129679628e-07
7.678964379920216743e-07
7.574899427709169686e-07
7.421821806019579526e-07
6.957951654840144329e-07
6.853043146293202881e-07
6.792989211135136429e-07
6.552646709678811021e-07
6.270689709708676673e-07
5.829730298501090147e-07
5.764177331002429128e-07
5.404228318184323143e-07
5.175306228011322673e-07
4.967857876181369647e-07
4.820531103177927434e-07
4.606197592238459038e-07
4.542078215763467597e-07
4.453027315776125761e-07
4.177267953764385311e-07
3.916463526820734842e-07
3.706628035615722183e-07
3.559238166417344473e-07
3.424934789109101985e-07
3.291810628525126958e-07
3.089978974912810372e-07
2.860366237200651085e-07
2.740540026024973486e-07
2.519104214115941431e-07
2.289603742156032240e-07
2.179333051799403620e-07
2.011462783002571086e-07
1.952699051344097825e-07
1.822286179731236189e-07
1.804710336728021502e-07
1.651545602499027154e-07
1.533315838742055348e-07
1.436368961549305823e-07
1.352674985355406534e-07
1.265754150381326326e-07
1.215893661310474272e-07
1.156894313680822961e-07
1.083177068039731239e-07
1.003806175958743552e-07
8.594778933002089616e-08
6.737428037695281091e-08
6.386425610571677680e-08
5.938292702012404334e-08
5.909503997258980235e-08
5.182759821309446124e-08
4.550341969888904714e-08
4.464946812277048593e-08
4.145853793602327642e-08
3.854861674312815012e-08
3.141144944152074459e-08
2.501996654302729439e-08
2.317834635334747873e-08
1.716242614691054769e-08
1.303800445384695195e-08
1.088490542144882056e-08
1.012195216532063569e-08
6.187169887539312185e-09
3.754228039554163843e-09
3.527215186593934959e-09
2.538986798583664495e-09
-3.298087913883307465e-10
