2.366858462366875582e+00
5.710883938335481469e-01
1.778230008853163846e-01
1.406896742546335510e-01
1.192689103697344155e-01
9.654837080803170546e-02
8.975797032677633458e-02
8.099861130680818810e-02
7.011115144087523565e-02
5.394969043925505747e-02
4.225226515862376409e-02
3.911971457940027069e-02
3.077857924285759203e-02
2.366159855439496640e-02
2.287423511139762000e-02
1.784477552174890125e-02
1.431087236858764357e-02
1.332887872407667769e-02
1.131142558037653498e-02
1.034825656312225034e-02
9.357711993311836757e-03
8.572770693398830064e-03
6.956770235031773698e-03
6.298083578171976768e-03
5.342162257873212493e-03
5.284983334347819438e-03
4.991804979398200420e-03
4.838768540921447626e-03
4.092805363003813347e-03
3.578445949883102706e-03
3.453718924274013381e-03
3.254853749813988936e-03
3.024583877759868221e-03
2.728355877959583956e-03
2.500721568960262604e-03
2.279733732248113206e-03
2.106124858184004345e-03
1.908008794957587488e-03
1.697765895141857941e-03
1.662561137254511693e-03
1.515613073475650333e-03
1.483151102417436338e-03
1.434807558881078101e-03
1.257746622331436075e-03
1.202208740120936942e-03
1.130922952890010087e-03
1.020422999399293569e-03
9.868796247896080391e-04
9.153055090215539034e-04
8.730341074945684393e-04
8.080000313986635246e-04
7.935876402172614783e-04
7.501559899187541357e-04
7.134130278200409570e-04
6.601179197714555002e-04
6.150067577488126710e-04
6.085567180436701014e-04
5.697746157270676360e-04
4.903879572092303962e-04
4.826254166232799101e-04
4.471688416011169336e-04
4.324400177962585260e-04
4.187355390264049944e-04
4.036191370108120104e-04
3.867955162024235244e-04
3.560964738072079595e-04
3.130748307921448685e-04
3.029837116258457573e-04
2.995880428249394416e-04
2.712316969614714788e-04
2.584328864026234560e-04
2.468858693174763130e-04
2.425191658642559915e-04
2.299026356439695705e-04
2.035328928549694043e-04
1.931689549658127442e-04
1.898116793474020252e-04
1.856431865269760322e-04
1.713726999672893832e-04
1.655088074857436365e-04
1.607681241406147424e-04
1.495892427741964104e-04
1.460855351438138463e-04
1.399280603131419515e-04
1.348082731908590009e-04
1.328157750086341674e-04
1.252169171607659423e-04
1.129701644974292254e-04
1.110703446978222929e-04
1.073437741468470419e-04
9.710613889712386602e-05
9.544603163966302423e-05
9.521510503067990216e-05
9.318462936880237519e-05
8.518497632103128015e-05
8.145336234609149365e-05
8.024475623258832283e-05
7.936534171507281981e-05
7.482102366667076282e-05
7.414758392775446362e-05
6.932113127274675121e-05
6.730364956618095683e-05
6.551223467329379683e-05
6.354619812520065760e-05
6.137905135522983872e-05
6.066003951937777263e-05
5.769185467106668040e-05
5.673682179730007123e-05
5.408566427459713554e-05
5.055515041894638185e-05
4.918106360248272562e-05
4.635102859688071999e-05
4.611666114967753033e-05
4.417920061042894249e-05
4.397327303469623889e-05
4.180747205813167383e-05
4.013276488498830174e-05
3.989899718716255196e-05
3.882272788564756388e-05
3.819300237537770460e-05
3.674067121963817020e-05
3.496067456338115029e-05
3.471634993841710154e-05
3.421179899337894054e-05
3.359063640077507729e-05
3.154508467091253086e-05
3.039262419185971849e-05
2.932130432463150708e-05
2.875529527853755063e-05
2.832129402933099554e-05
2.802053013936197087e-05
2.693743620994317983e-05
2.599071525617236135e-05
2.548943674593678885e-05
2.463191091897638633e-05
2.400329115759288178e-05
2.377613712636276249e-05
2.225990005143623507e-05
2.199898624521637940e-05
2.184347343485509854e-05
2.126990395160162367e-05
2.087131884994946173e-05
1.973124368868851936e-05
1.913008658455348315e-05
1.904164333422200120e-05
1.820504961788969468e-05
1.750855841488171353e-05
1.717118403030985302e-05
1.646106765905412406e-05
1.615625790424819885e-05
1.573850629173328343e-05
1.522724518100559801e-05
1.507779615063001431e-05
1.489734382369105682e-05
1.356560104837492957e-05
1.327190458017236107e-05
1.316604023880680257e-05
1.293108669090876678e-05
1.225606366509296025e-05
1.212984956718867851e-05
1.198591858435107521e-05
1.160135747207541335e-05
1.141861930415975800e-05
1.118687663946600963e-05
1.076696750536139144e-05
1.048015375434085263e-05
1.015736864441678056e-05
9.966948523348670278e-06
9.830534252541815949e-06
9.579356507885073216e-06
9.352425591526113125e-06
9.128065787595194370e-06
8.694348256164486654e-06
8.533702251216554921e-06
8.421524143032107400e-06
8.016379104662060042e-06
7.824679682654747583e-06
7.652427022588617354e-06
7.444398233193630970e-06
7.228089473483359902e-06
7.126668350971788678e-06
6.786947245488016703e-06
6.486564081338302747e-06
6.409446323398687820e-06
6.294428369631398823e-06
6.162235943055728517e-06
6.099420990698477461e-06
5.790836925110833104e-06
5.501470576808441028e-06
5.459666359149994340e-06
5.427607800732037902e-06
5.189889920856663634e-06
5.171087691033924364e-06
5.098107247486393504e-06
4.730599193036015000e-06
4.628125981835792725e-06
4.594692086288332253e-06
4.514146127540508498e-06
4.344652562789376010e-06
4.252673391833292057e-06
4.155398932845361748e-06
4.016134583467943516e-06
3.924492209128420655e-06
3.813659329957950395e-06
3.715816135727719296e-06
3.637548771787225962e-06
3.508247560262429734e-06
3.314150162336376072e-06
3.207633440554224002e-06
3.133639088659874951e-06
3.085862237436222485e-06
3.018340434210801407e-06
2.989805120592311177e-06
2.904017843619994756e-06
2.795118211859266882e-06
2.753818843024940101e-06
2.658431844880816997e-06
2.605703112422794542e-06
2.502291771827074377e-06
2.393504294564062689e-06
2.315838744590286104e-06
2.266236898347108404e-06
2.144722033091370470e-06
2.103076229573032918e-06
2.016023999159874686e-06
1.986390516834670138e-06
1.896180952934778455e-06
1.802820224354360903e-06
1.792172276212681064e-06
1.714837689055359006e-06
1.691313589280498419e-06
1.630648677829350048e-06
1.591627743734141333e-06
1.526841976255813215e-06
1.472253265159592710e-06
1.444305383536132284e-06
1.406123224248896968e-06
1.339171460143513476e-06
1.263469909340756548e-06
1.246094009442512240e-06
1.230516660810205640e-06
1.198605601730073938e-06
1.121925431281277445e-06
1.071521927422796341e-06
1.054636826463919310e-06
1.032008779281557569e-06
9.749099601034219816e-07
9.566158456682283831e-07
9.061070505943725992e-07
8.540437026123367656e-07
8.397472058114579981e-07
8.095294777709367039e-07
8.001149099745885411e-07
7.495045419234862896e-07
7.278824604300771213e-07
6.661159244810484564e-07
6.269132092356973340e-07
6.037487669919051349e-07
5.851901130064571975e-07
5.597367729196726910e-07
5.303252963529324712e-07
5.049372242917166207e-07
4.738172963142865743e-07
4.574019823441429181e-07
4.217661911820568653e-07
3.990431899256659597e-07
3.954323056260164664e-07
3.523369623404211997e-07
3.411772676316548895e-07
3.217404985455499672e-07
3.003414884853630070e-07
2.760083592825554451e-07
2.594223517769669456e-07
2.435668324855415721e-07
2.255194734863192198e-07
2.173100983389783402e-07
1.821186875725830431e-07
1.775275661232544249e-07
1.657267449105439641e-07
1.603470764576537650e-07
1.509844216105650016e-07
1.282773696429811416e-07
1.178821962535728580e-07
9.306150179930419532e-08
8.677623750939957446e-08
7.866152331315335804e-08
6.662703463837969093e-08
5.692414596634185637e-08
5.294877828122542240e-08
4.732481385776418488e-08
2.489211149912817112e-08
9.771166985651628059e-09
2.435858488524301513e-09
1.361796880527337308e-09
3.982708469050223362e-10
2.561874180998843517e-10
1.847699634642323812e-10
