4.270570755004882812e+00
9.845165610313415527e-01
3.204089999198913574e-01
2.344452738761901855e-01
1.643880456686019897e-01
1.537952125072479248e-01
1.343661844730377197e-01
1.243171617388725281e-01
1.014625802636146545e-01
8.205048739910125732e-02
5.856473371386528015e-02
4.345263913273811340e-02
3.897597640752792358e-02
3.371846303343772888e-02
2.828607894480228424e-02
2.326913736760616302e-02
1.980769261717796326e-02
1.529085263609886169e-02
1.351353712379932404e-02
9.761399589478969574e-03
9.165694005787372589e-03
9.057896211743354797e-03
7.786164525896310806e-03
6.918534170836210251e-03
5.330983549356460571e-03
4.840054549276828766e-03
4.375797230750322342e-03
3.848043503239750862e-03
3.507580142468214035e-03
3.294299589470028877e-03
2.870811615139245987e-03
2.555965678766369820e-03
2.449272898957133293e-03
2.223390620201826096e-03
2.121803816407918930e-03
1.871689804829657078e-03
1.733148354105651379e-03
1.659803558140993118e-03
1.483805943280458450e-03
1.442393055185675621e-03
1.191237824968993664e-03
1.142092165537178516e-03
1.066434313543140888e-03
9.741176036186516285e-04
9.261592058464884758e-04
8.418927900493144989e-04
8.088237373158335686e-04
7.813173579052090645e-04
6.732067558914422989e-04
6.607775576412677765e-04
6.230291910469532013e-04
5.898513481952250004e-04
5.606365157291293144e-04
5.551485810428857803e-04
4.845433868467807770e-04
4.639271064661443233e-04
4.434780857991427183e-04
4.223083960823714733e-04
4.173011693637818098e-04
3.869593783747404814e-04
3.738947852980345488e-04
3.503678308334201574e-04
3.242790116928517818e-04
3.029736981261521578e-04
3.009617212228477001e-04
2.724950609263032675e-04
2.514405932743102312e-04
2.342828520340844989e-04
2.224848431069403887e-04
2.091580245178192854e-04
2.014561468968167901e-04
1.931213191710412502e-04
1.841069315560162067e-04
1.726447226246818900e-04
1.684740855125710368e-04
1.573188637848943472e-04
1.473256270401179790e-04
1.384178322041407228e-04
1.344659103779122233e-04
1.307407947024330497e-04
1.210637637996114790e-04
1.121741297538392246e-04
1.041888390318490565e-04
9.976508590625599027e-05
9.664920071372762322e-05
9.472526289755478501e-05
9.237355698132887483e-05
8.996950055006891489e-05
8.922579581849277020e-05
7.812714466126635671e-05
7.325851038331165910e-05
6.970616959733888507e-05
6.501321331597864628e-05
6.378762918757274747e-05
6.162004137877374887e-05
5.940243136137723923e-05
5.607199636870063841e-05
5.152823359821923077e-05
5.037886148784309626e-05
4.985650957678444684e-05
4.806191645911894739e-05
4.666248423745855689e-05
4.450338383321650326e-05
4.080116195837035775e-05
4.034715311718173325e-05
3.978405948146246374e-05
3.744199420907534659e-05
3.650283542810939252e-05
3.510684473440051079e-05
3.270359957241453230e-05
3.237078635720536113e-05
2.924404907389543951e-05
2.919331018347293139e-05
2.767341175058390945e-05
2.713428330025635660e-05
2.605459667393006384e-05
2.529476842028088868e-05
2.422118996037170291e-05
2.351120383536908776e-05
2.243537528556771576e-05
2.190669329138472676e-05
2.124681850546039641e-05
2.054347896773833781e-05
1.967035132111050189e-05
1.910255741677246988e-05
1.854026959335897118e-05
1.802494625735562295e-05
1.778061414370313287e-05
1.687004623818211257e-05
1.679765773587860167e-05
1.522031016065739095e-05
1.496880031481850892e-05
1.494046955485828221e-05
1.433116085536312312e-05
1.376910040562506765e-05
1.344225620414363220e-05
1.286845599679509178e-05
1.272284862352535129e-05
1.227707434736657888e-05
1.206599063152680174e-05
1.195439199364045635e-05
1.136329683504300192e-05
1.129335305449785665e-05
1.059867645381018519e-05
1.058522957464447245e-05
9.986913937609642744e-06
9.832708201429340988e-06
9.465746188652701676e-06
9.195219718094449490e-06
8.608088137407321483e-06
8.410493137489538640e-06
8.141128091665450484e-06
7.806615940353367478e-06
7.628214461874449626e-06
7.403852578136138618e-06
7.279997134901350364e-06
6.942982963664690033e-06
6.915076937730191275e-06
6.564333489222917706e-06
6.512714662676444277e-06
6.370266419253312051e-06
6.230091912584612146e-06
5.944549229752738029e-06
5.829621386510552838e-06
5.704734121536603197e-06
5.448573119792854413e-06
5.284849521558498964e-06
5.184745532460510731e-06
4.936026016366668046e-06
4.863110916630830616e-06
4.649629318009829149e-06
4.570535566017497331e-06
4.305333277443423867e-06
4.206174253340577707e-06
4.176852598902769387e-06
4.046788035338977352e-06
3.843314516416285187e-06
3.743411753021064214e-06
3.626206989792990498e-06
3.626001671364065260e-06
3.420754637772915885e-06
3.385460104254889302e-06
3.353308102305163629e-06
3.185920604664715938e-06
3.106383928752620704e-06
2.983714466608944349e-06
2.876241978810867295e-06
2.789052814478054643e-06
2.752151203821995296e-06
2.702377287278068252e-06
2.639187869135639630e-06
2.592833880044054240e-06
2.517161419746116735e-06
2.434019279462518170e-06
2.359148538744193502e-06
2.273005293318419717e-06
2.227404365839902312e-06
2.153921286662807688e-06
2.132949475708301179e-06
1.973104645003331825e-06
1.916240080390707590e-06
1.829507937145535834e-06
1.820189027057494968e-06
1.782443405318190344e-06
1.718460907795815729e-06
1.649821911087201443e-06
1.607012450222100597e-06
1.574417296978936065e-06
1.530202212052245159e-06
1.482657353335525841e-06
1.434001205780077726e-06
1.410515437783033121e-06
1.403055762239091564e-06
1.375973056383372750e-06
1.307919205828511622e-06
1.285064172407146543e-06
1.276298121410945896e-06
1.251547473657410592e-06
1.181910306513600517e-06
1.131923454522620887e-06
1.099872633858467452e-06
1.069004156306618825e-06
1.029998998092196416e-06
1.025016217681695707e-06
9.408572054780961480e-07
9.212907343680853955e-07
8.811932730168337002e-07
8.541917964066669811e-07
8.366249062419228721e-07
8.081065629994554911e-07
7.991760639924905263e-07
7.521987868130963761e-07
7.375481914095871616e-07
7.271045205925474875e-07
6.997176456025044899e-07
6.590774432879697997e-07
6.206045668477599975e-07
5.985239681649545673e-07
5.822942057420732453e-07
5.685055839421693236e-07
5.451693709801475052e-07
5.317104410096362699e-07
5.171147563487465959e-07
4.981665711056848522e-07
4.784191673934401479e-07
4.729047020646248711e-07
4.380682980809069704e-07
4.313351382734254003e-07
4.140769078730954789e-07
3.994998110101732891e-07
3.878570282722648699e-07
3.688800802592595574e-07
3.476613414932216983e-07
3.267908255111251492e-07
3.235059864437062060e-07
3.019852954366797348e-07
2.942578873899037717e-07
2.743204561284073861e-07
2.700300569813407492e-07
2.499112099485500949e-07
2.391934117440541741e-07
2.280330164694532868e-07
2.103611222992185503e-07
2.018914813106675865e-07
1.841649748257623287e-07
1.816680565980277606e-07
1.729698340113827726e-07
1.652416870001616189e-07
1.560892854968187748e-07
1.509858265080765705e-07
1.372576150515669724e-07
1.323165861322195269e-07
1.238944946635456290e-07
1.173299608581146458e-07
9.977912895919871517e-08
9.647831689107988495e-08
9.347850493668374838e-08
8.313553934158335323e-08
7.582034555753125460e-08
7.512415578503350844e-08
6.572049926489853533e-08
5.727896379426056228e-08
5.274375070030146162e-08
-5.259752455799571180e-08
4.164960643038284616e-08
3.821768146394788346e-08
3.728286657178614405e-08
3.298976736232361873e-08
2.952099009689845843e-08
2.485728956003185885e-08
1.861761056431987527e-08
1.237857105707007577e-08
1.076176392444949670e-08
7.913412147786402784e-09
3.193300290860179302e-09
2.718121505651538428e-09
2.311603131133210809e-09
