3.881559500898187215e-03 1.697575075444199971e-02
5.216193462505387332e-03 1.510102842851395941e-02
6.837101447808131664e-03 1.386927385575886795e-02
3.925855244306158433e-03 2.024616665711409871e-02
4.831460163335177076e-03 1.634411252570264206e-02
5.612272974908764575e-03 1.758387962121610651e-02
8.170070221812847366e-03 1.508993626740836452e-02
6.601028400637666375e-03 1.750308287463619994e-02
7.231416217818533235e-03 1.805268512426080538e-02
2.434225164547297159e-03 1.840208891341363340e-02
4.815868338486933853e-03 2.167040121819812856e-02
2.910350872510571955e-03 1.939326024418129915e-02
5.148046365166488066e-03 1.559775466715051379e-02
2.077653136067708422e-04 1.848216309674113877e-02
4.775837350613936980e-03 2.127698858276120403e-02
2.033360726386225807e-04 1.847810197557952713e-02
2.902763207749927549e-03 1.364156893732901103e-02
3.905637352533546190e-03 1.195981460455236393e-02
3.938187446587895248e-03 2.067916689384147189e-02
6.029053295426683480e-03 1.639576117375609807e-02
3.752678706838785162e-03 2.210383651553855452e-02
5.760447746857602809e-03 5.760447746857602809e-03
0.000000000000000000e+00 1.536489520675160189e-02
2.977817420892268311e-03 2.059982190260543911e-02
2.689922821164480136e-03 2.065076455596658034e-02
3.773154197275773759e-03 1.876977338781454091e-02
4.475753071340656322e-03 1.700586277369452171e-02
4.373897551549113527e-03 1.039241993638808509e-02
2.300458013690233859e-03 1.633528545397967824e-02
4.957880081640075355e-03 1.652692231719384702e-02
3.871974018217977723e-03 1.868130334726425534e-02
3.130476660767174900e-04 1.775723308540894801e-02
2.210833349267783687e-03 2.076127780558302896e-02
4.059762887986816419e-04 2.171861437573695611e-02
5.124430465251107736e-03 1.160865918411741783e-02
5.787869278392409993e-03 1.403049631543629508e-02
1.385210956709828981e-03 2.051782396840262646e-02
5.821236050698021768e-03 1.474889625009511568e-02
2.322415107466600272e-03 2.065825425260438969e-02
5.649430775427682558e-03 1.358207295039698219e-02
4.171333728098534747e-03 1.117224195653714405e-02
7.993393503840526271e-03 1.359516445549402430e-02
5.859722780701745806e-03 2.281232861807010875e-02
5.548941304233948740e-03 2.015399815710618853e-02
5.496207630708470175e-03 1.418790490504025920e-02
4.528538076264448237e-03 2.153706331312138858e-02
5.824392310962002092e-03 1.907335019153950234e-02
2.439967979760964117e-03 1.947764101436380915e-02
4.267228199532348623e-03 1.082721412731000102e-02
3.857305110940410613e-03 1.208178955433539953e-02
7.226918399110342575e-03 7.226918399110342575e-03
4.966370145175718134e-03 4.966370145175718134e-03
2.960533864048290383e-03 1.358216662963339198e-02
6.811413544006811489e-03 1.742409299271487078e-02
3.816924942874422820e-03 2.020003367509270314e-02
6.794164959452800301e-03 1.678108535479514579e-02
1.416246084293636218e-03 1.928946548539501107e-02
5.018445717449609988e-03 2.283434963875589918e-02
2.634536673008937464e-03 1.622844101262819333e-02
1.602670766940109993e-03 2.303741963781263252e-02
4.705219035622688027e-03 1.702930160491190892e-02
6.375070785679930012e-03 1.609913136244907686e-02
1.469921102174611121e-03 1.931108970508789435e-02
4.523665454840854715e-03 1.667068167062555478e-02
8.137126955233597901e-04 2.018747213693602646e-02
4.485187377794089270e-03 1.383586965724262902e-02
1.327935862747818855e-03 2.049053242332940158e-02
4.278246140501054673e-03 1.431992980725810966e-02
4.756795263199240474e-03 7.980086967500570061e-03
4.672475458172490985e-03 2.029257917967837443e-02
6.725779269222621932e-03 1.704906724808639973e-02
2.374367164697452782e-03 1.948038782511457220e-02
5.324535151897335020e-03 1.839169278925601239e-02
1.615384334556980951e-03 1.419715033368457342e-02
3.589553829308963183e-03 1.807460220654506441e-02
1.491906108824941764e-05 1.829799671243210329e-02
9.179651260774722172e-04 2.014893471275778017e-02
1.539998239408163104e-03 1.933743488758159906e-02
1.764450878823479356e-03 1.419739436758952859e-02
4.861912314678872721e-03 1.600159027828992886e-02
1.842908838207374042e-03 1.857396407940185151e-02
5.910887782589698859e-03 1.228216909716038641e-02
3.746457637002639784e-03 1.893067078263582087e-02
2.698633020265280100e-03 1.932038230348175067e-02
2.090338622848437067e-03 1.946808361170822982e-02
2.769064211162886990e-04 1.976198996524581100e-02
0.000000000000000000e+00 1.332600106675778731e-02
5.594359675094807451e-03 2.209418145325297775e-02
3.346348746632385549e-03 1.860173576126037537e-02
8.379358766035489110e-04 1.815369758815867096e-02
1.840990060394753249e-03 2.186982545596842173e-02
5.289959709676247783e-03 1.520212728457355153e-02
5.288249063377530729e-03 1.900759777490356947e-02
2.681922406841847316e-03 2.076749129283742348e-02
3.905492562552123365e-03 1.196018858544855602e-02
3.072450463927159283e-03 1.596926265676973378e-02
5.011341746239714005e-03 1.594105224510918017e-02
4.588762869463984886e-03 1.943690707504001219e-02
5.180212814259758589e-03 1.666115495185310075e-02
8.046979523850056326e-03 8.046979523850056326e-03
