1.488716258897978939e+01
8.340444931698941744e+00
4.975629910784417298e+00
2.324474042479587332e+00
4.187828215771500773e-01
3.271089942691328689e-01
6.991796747996061046e-02
5.816945977144655916e-02
4.350497539249622431e-02
3.744883668831482104e-02
2.867388094372432666e-02
2.563351136199297151e-02
1.774254676623633273e-02
1.490328758809659690e-02
1.163885062401117179e-02
7.145801283086529281e-03
4.670129931755386682e-03
4.029793948899511313e-03
3.225215273442068493e-03
2.304407179265738608e-03
1.886656448093817703e-03
1.531227317342628326e-03
1.357974724537350762e-03
1.177329875721969512e-03
9.617092878260470037e-04
9.132440255059466518e-04
8.303266131803074650e-04
7.884422916884396620e-04
6.973961710235186727e-04
6.031425198715153905e-04
4.932020729256577935e-04
4.835454344899061232e-04
4.421152609753872201e-04
3.930501238725214383e-04
3.653001602266108309e-04
3.480904602312163195e-04
3.039056452013967429e-04
2.975614919529736440e-04
2.889930182492882866e-04
2.678321180025478574e-04
2.582044788299254134e-04
2.378198616009421574e-04
2.318068638373123195e-04
2.133374731683442894e-04
2.082295191534387592e-04
1.863419985695094125e-04
1.735483057032141663e-04
1.699337749183430228e-04
1.611058285453753310e-04
1.526215095888305254e-04
1.468520465379956753e-04
1.413473882946470871e-04
1.358884484083433314e-04
1.344201851527404470e-04
1.262338813755257136e-04
1.199254509815737553e-04
1.167196091236110257e-04
1.103518800284353110e-04
1.058741994235399203e-04
1.008215809861494106e-04
9.288247850293089157e-05
8.960883438247347320e-05
8.727397508522461626e-05
8.604271006652284659e-05
8.084406490385331553e-05
7.873783156904906849e-05
7.749356111444085239e-05
7.282297821903168538e-05
7.202756222269828131e-05
7.046312486268009742e-05
6.665582396828202325e-05
6.468686426010254113e-05
6.433995602816193146e-05
6.227970609799558875e-05
5.986272920236282332e-05
5.787308380400857963e-05
5.609489775661896557e-05
5.463656391772550737e-05
5.316875827355962752e-05
5.159018159313589282e-05
5.054875784003831380e-05
4.943592399027938665e-05
4.812704541638355320e-05
4.778028880685859580e-05
4.675485178117133242e-05
4.530304502876616676e-05
4.474144963288622555e-05
4.335699364161980641e-05
4.299715007633838915e-05
4.217937254323785338e-05
4.133003733452583718e-05
4.002776154203803634e-05
3.915143172366581455e-05
3.897138350960656909e-05
3.795188284541614675e-05
3.733705917564053496e-05
3.649607497690477532e-05
3.622107937911830022e-05
3.439595195217951088e-05
3.407612335263926397e-05
3.322816024043475275e-05
3.239552479914242008e-05
3.202855260471940867e-05
3.087722792359220004e-05
3.024845269467453117e-05
2.973068424508047166e-05
2.937158787042448672e-05
2.896792522266241650e-05
2.862760388350419884e-05
2.802739770492609805e-05
2.692380908281750046e-05
2.675263587484226648e-05
2.640401312711191574e-05
2.557246381954676368e-05
2.530207224310871135e-05
2.488466460680368401e-05
2.439098418782309182e-05
2.405903575498424747e-05
2.343052902384950829e-05
2.319068342397975142e-05
2.237079875965774186e-05
2.206815298607292300e-05
2.196191319291060463e-05
2.149049918846394401e-05
2.118090025936175859e-05
2.071515014277594579e-05
2.046415352090316967e-05
2.014765879621908026e-05
1.965824260860622283e-05
1.912144863623339679e-05
1.881833004519912594e-05
1.845947930994769291e-05
1.810678453380857651e-05
1.774235912367978608e-05
1.753876090434552354e-05
1.725285036493201106e-05
1.652963699082799485e-05
1.646334840770789798e-05
1.610990815411324518e-05
1.592993825968630053e-05
1.548916889330278251e-05
1.502751121007615453e-05
1.470684847413428758e-05
1.467718564533133237e-05
1.424813748331215930e-05
1.403113912426081611e-05
1.359440441246202697e-05
1.346913393495044888e-05
1.323381696291506467e-05
1.316100762658316206e-05
1.274600502055638505e-05
1.217106434700568082e-05
1.213450397593522109e-05
1.197991046281040079e-05
1.177552314816666460e-05
1.168699569037429657e-05
1.133761389600402012e-05
1.131985650752310692e-05
1.099808692895041396e-05
1.063060363079370731e-05
1.052519190264971249e-05
1.040655572881745280e-05
1.001603965967742337e-05
9.814969476956812513e-06
9.668068824006389393e-06
9.498500008469755806e-06
9.211960958966460461e-06
9.196531940811814362e-06
9.003845896387190331e-06
8.891169062847385630e-06
8.629973391530263056e-06
8.483859698005404406e-06
8.328942026278383074e-06
8.230462079659135198e-06
8.010806097285297651e-06
7.919638022639745794e-06
7.710212223608767102e-06
7.642502772640410682e-06
7.391020889647992817e-06
7.320085984204059972e-06
7.251538537652882278e-06
7.087355594526709401e-06
7.034632885073516660e-06
6.941249387890114136e-06
6.727848128491588569e-06
6.605952276590279513e-06
6.441877612355633344e-06
6.308412379408592323e-06
6.269757668851368756e-06
6.146151965964394281e-06
5.845803481165822188e-06
5.791087005352957463e-06
5.679928187957635440e-06
5.604352153316957660e-06
5.509991534021998049e-06
5.258569287990615208e-06
5.182381640517702330e-06
5.140138163918030165e-06
5.039120463327739884e-06
4.887497508322126700e-06
4.864608900105718681e-06
4.685137645734062804e-06
4.619181763170106858e-06
4.451546153123673258e-06
4.351314400322994724e-06
4.261515026481776103e-06
4.044234546414535301e-06
4.021300231619950648e-06
3.839750378717180523e-06
3.786436638663449564e-06
3.636911334822233618e-06
3.600928620140896481e-06
3.536462823809833663e-06
3.402818197871959536e-06
3.328067758179618513e-06
3.265921054111134822e-06
3.223374113062741353e-06
3.170887901020826472e-06
3.099632403221294403e-06
3.086942800606446234e-06
2.975414423149649801e-06
2.925949082503688748e-06
2.921340327843095674e-06
2.811938277947222508e-06
2.743458357104465526e-06
2.632051526062557080e-06
2.613436738894505657e-06
2.483948548392703088e-06
2.370772425150867210e-06
2.334098252370686851e-06
2.307695515679214420e-06
2.206268127466985414e-06
2.151142066927773777e-06
2.038090467042160067e-06
1.949831081304633216e-06
1.899713313999687458e-06
1.820050020636179674e-06
1.788236652371002822e-06
1.739902945587045764e-06
1.666690086522338218e-06
1.663004609306225378e-06
1.616966810287342403e-06
1.574811222817416007e-06
1.569486833868718639e-06
1.549009475528800631e-06
1.486588791004868303e-06
1.454668375057670632e-06
1.396903831963891673e-06
1.372551271609062796e-06
1.358032446466850809e-06
1.342485651208460949e-06
1.303456501793273420e-06
1.256356181866724053e-06
1.167461879195528384e-06
1.131822883996263644e-06
1.087171954382255865e-06
1.077555286174114261e-06
1.013616887303378909e-06
9.692966939193212259e-07
9.539887449956568733e-07
9.165482865718091401e-07
8.728878037672322271e-07
8.316149883133706999e-07
8.069162623110966411e-07
8.008098093787816238e-07
7.899215116624673769e-07
7.545464180634711101e-07
7.397287642644790864e-07
6.931828442071623524e-07
6.374245305842108736e-07
6.144071899836922119e-07
5.937207276181228645e-07
5.579036902138566860e-07
5.459453953790515448e-07
5.077134627687672583e-07
4.844957457067767858e-07
4.832894809898360862e-07
4.214099783962539630e-07
4.113345478545033492e-07
4.013046215621577221e-07
3.764890170201012955e-07
3.481312917113851263e-07
3.461896638091715805e-07
3.008260330250693005e-07
2.941134951377432309e-07
2.773275235277594655e-07
2.651497464452827789e-07
2.149520459251296058e-07
1.692018357458654685e-07
1.614239336556690654e-07
1.501667793983068835e-07
1.365532966489075803e-07
1.103868257214278426e-07
6.996437426260101604e-08
4.243673981563140859e-08
3.502391414560216664e-08
3.477281270549443929e-08
