5.897520446777343750e+01
3.699929428100585938e+01
1.944010543823242188e+01
9.838789939880371094e+00
1.721948981285095215e+00
1.312491655349731445e+00
6.842712759971618652e-01
4.666718542575836182e-01
1.847349703311920166e-01
1.229933872818946838e-01
1.110727861523628235e-01
7.855470478534698486e-02
5.571366474032402039e-02
4.621424153447151184e-02
2.655648626387119293e-02
1.319289021193981171e-02
7.447368931025266647e-03
5.612249951809644699e-03
4.953427240252494812e-03
3.219652920961380005e-03
2.626618836075067520e-03
1.782042672857642174e-03
1.144184963777661324e-03
1.084294519387185574e-03
1.066862489096820354e-03
8.297000313177704811e-04
7.456995081156492233e-04
6.173813599161803722e-04
5.784362438134849072e-04
4.939148784615099430e-04
4.425776423886418343e-04
4.225510347168892622e-04
4.024735535494983196e-04
3.565661609172821045e-04
3.346427984070032835e-04
2.946098975371569395e-04
2.879454405046999454e-04
2.693367423489689827e-04
2.631614916026592255e-04
2.407485008006915450e-04
2.282778295921161771e-04
2.159099094569683075e-04
2.012992481468245387e-04
1.879480259958654642e-04
1.798356970539316535e-04
1.696057734079658985e-04
1.681322464719414711e-04
1.556414790684357285e-04
1.412840501870959997e-04
1.339150039711967111e-04
1.292561355512589216e-04
1.270450593437999487e-04
1.190024777315557003e-04
1.167306181741878390e-04
1.071098595275543630e-04
1.000188567559234798e-04
9.659688657848164439e-05
9.289293666370213032e-05
8.685237844474613667e-05
8.364264067495241761e-05
7.752676174277439713e-05
7.489985000574961305e-05
7.337889110203832388e-05
7.244824519148096442e-05
6.885582115501165390e-05
6.807567842770367861e-05
6.712741014780476689e-05
6.432159716496244073e-05
6.013730308040976524e-05
5.799680002382956445e-05
5.708165190299041569e-05
5.599733049166388810e-05
5.248374873190186918e-05
5.056626832811161876e-05
4.939692007610574365e-05
4.714316673926077783e-05
4.601261753123253584e-05
4.426596206030808389e-05
4.291692675906233490e-05
4.139303200645372272e-05
4.005247683380730450e-05
3.931143146473914385e-05
3.825197563855908811e-05
3.594455120037309825e-05
3.497445504763163626e-05
3.410312638152390718e-05
3.352416024426929653e-05
3.199187631253153086e-05
3.155978993163444102e-05
3.045626908715348691e-05
2.990801112900953740e-05
2.890020004997495562e-05
2.806936390697956085e-05
2.675354335224255919e-05
2.647512701514642686e-05
2.554191451054066420e-05
2.510027115931734443e-05
2.443545963615179062e-05
2.401969140919391066e-05
2.238846354885026813e-05
2.202357791247777641e-05
2.121002762578427792e-05
2.010201933444477618e-05
1.976264866243582219e-05
1.922487354022450745e-05
1.881542266346514225e-05
1.840792901930399239e-05
1.793230512703303248e-05
1.744123255775775760e-05
1.704568785498850048e-05
1.661897294980008155e-05
1.599073402758222073e-05
1.521557169326115400e-05
1.511553728050785139e-05
1.491949478804599494e-05
1.420324588252697140e-05
1.406418778060469776e-05
1.389480803482001647e-05
1.375033116346457973e-05
1.311075357079971582e-05
1.299598170589888468e-05
1.289490955969085917e-05
1.246654665010282770e-05
1.239039647771278396e-05
1.187280213343910873e-05
1.165067988040391356e-05
1.139366122515639290e-05
1.125905328080989420e-05
1.100216104532591999e-05
1.054493895935593173e-05
1.041406903823371977e-05
1.002637145575135946e-05
9.850823516899254173e-06
9.557727025821805000e-06
9.481910637987311929e-06
9.293907169194426388e-06
9.122325536736752838e-06
8.775477908784523606e-06
8.534476364729925990e-06
8.470255124848335981e-06
8.366002475668210536e-06
8.120499842334538698e-06
7.943431228341069072e-06
7.670653758395928890e-06
7.495413228753022850e-06
7.338209798035677522e-06
7.296328931261086836e-06
7.212634955067187548e-06
6.829362064308952540e-06
6.652361662418115884e-06
6.588864380319137126e-06
6.483340257545933127e-06
6.314749043667688966e-06
6.173740075610112399e-06
6.036536433384753764e-06
5.962854629615321755e-06
5.881743163627106696e-06
5.661436716764001176e-06
5.602657438430469483e-06
5.557670647249324247e-06
5.525965661945519969e-06
5.258625606074929237e-06
5.152895028004422784e-06
5.005876118957530707e-06
4.953890766046242788e-06
4.820026333618443459e-06
4.756775069836294279e-06
4.631936917576240376e-06
4.486168563744286075e-06
4.351858024165267125e-06
4.343582531873835251e-06
4.300424279790604487e-06
4.189972059975843877e-06
4.044589786644792184e-06
3.974844275944633409e-06
3.813422381426789798e-06
3.768621809285832569e-06
3.743260549526894465e-06
3.683504019136307761e-06
3.601598791647120379e-06
3.571009301595040597e-06
3.455712430877611041e-06
3.383566081538447179e-06
3.327300419186940417e-06
3.207030886187567376e-06
3.139891305181663483e-06
3.096860837104031816e-06
3.050398163395584561e-06
3.013139803442754783e-06
2.909321665356401354e-06
2.890411451517138630e-06
2.813900437104166485e-06
2.772841526166303083e-06
2.675908717719721608e-06
2.660113977981382050e-06
2.573335223132744431e-06
2.529236553527880460e-06
2.480374632796156220e-06
2.430621407256694511e-06
2.325052037122077309e-06
2.244762526970589533e-06
2.211065975643577985e-06
2.134699343514512293e-06
2.084060270135523751e-06
2.028609060289454646e-06
1.986412598853348754e-06
1.948785438798950054e-06
1.908880221890285611e-06
1.854990841820836067e-06
1.828945755733002443e-06
1.785129938980389852e-06
1.759310521265433636e-06
1.700982465990819037e-06
1.651895672694081441e-06
1.614135385352710728e-06
1.533688759991491679e-06
1.527226913822232746e-06
1.512034259576466866e-06
1.485560915170935914e-06
1.462361638004949782e-06
1.416694090039527509e-06
1.359899442832102068e-06
1.356278289676993154e-06
1.291738158215594012e-06
1.250315676770696882e-06
1.204826048706308939e-06
1.175234274342074059e-06
1.165587605100881774e-06
1.132717898144619539e-06
-1.092202182917390019e-06
1.043081510943011381e-06
1.037158085637202021e-06
1.018368834593275096e-06
9.604689239495201036e-07
9.422116136192926206e-07
9.126887903221359011e-07
8.886626119419815950e-07
8.565976941099506803e-07
8.376001119358988944e-07
8.182827286873362027e-07
7.658156846446217969e-07
7.522041300944692921e-07
-7.494993496948154643e-07
7.368139449681621045e-07
7.017245025053853169e-07
6.718474310218880419e-07
6.429422114706540015e-07
6.341605285342666321e-07
-6.072655196476262063e-07
6.013444817654090002e-07
-5.869923143109190278e-07
5.732677550440712366e-07
5.601690418188809417e-07
-5.446146360554848798e-07
5.421164246399712283e-07
5.155345661478349939e-07
4.929008241560950410e-07
4.545017588952759979e-07
-4.506795505676564062e-07
-4.359038427992345532e-07
4.268192128620285075e-07
4.001750255611113971e-07
3.981888596626959043e-07
-3.677407676150323823e-07
3.578012979232880753e-07
3.470220235612941906e-07
-3.419653467062744312e-07
3.318262713492003968e-07
3.250516158459504368e-07
3.118031202120619128e-07
2.891437702601251658e-07
-2.821132056851638481e-07
2.723553507166798227e-07
-2.391428779446869157e-07
2.386275923527136911e-07
-2.224895041536001372e-07
2.176241338247564272e-07
-2.033425374747821479e-07
-1.926050288147962419e-07
1.882530824559580651e-07
1.839504193412722088e-07
-1.686363049202554976e-07
1.578443686867103679e-07
1.493146868369876756e-07
-1.380143288542967639e-07
1.315983695349132176e-07
-1.271652934065059526e-07
1.043492545704793883e-07
8.163384279669116950e-08
7.137249724564753706e-08
-6.886897097047040006e-08
-6.262380480848150910e-08
-5.260637436776960385e-08
3.491289746193615429e-08
1.833080709445766843e-08
-1.710532693266486604e-08
1.402748583956281436e-08
