1.970951971388443524e-01
4.442942554067159933e-02
2.800731341287377579e-02
1.292227648505875869e-02
7.634826697371580560e-03
5.014280075911765888e-03
3.120231708930456226e-03
2.860566890894277337e-03
2.291501472336168483e-03
1.692159442056065301e-03
1.336843621327763430e-03
1.118348732493648547e-03
1.063568352651088865e-03
9.810650833196371459e-04
7.248293396271315078e-04
6.638791714501176980e-04
6.302614165038250430e-04
4.869094657791170951e-04
4.320584664180846315e-04
4.082888392496328202e-04
3.706315692473168824e-04
3.150706767491058958e-04
3.059421704434275662e-04
2.917526484878993874e-04
2.638011806412431516e-04
2.269163115728508738e-04
2.145237483453910998e-04
2.045715317463337227e-04
2.017369705019520442e-04
1.913016072328741759e-04
1.757551373593108969e-04
1.710465814470469518e-04
1.593011433458115509e-04
1.522724089130315093e-04
1.426383174816364110e-04
1.354448792001808387e-04
1.259262148264419547e-04
1.212064297797552055e-04
1.091540962123454015e-04
1.038295435224958482e-04
9.821843273651819598e-05
9.642932172703881687e-05
9.445604681010152210e-05
9.066495301151308688e-05
8.742311103829697178e-05
8.559303802366023488e-05
8.209634861242063664e-05
7.736253501240426128e-05
7.487853866754954095e-05
7.053524283257452522e-05
6.957292659945129209e-05
6.666976024872324979e-05
6.477395306414103287e-05
6.193700980676590019e-05
5.946970273858312754e-05
5.533867074209473052e-05
5.314321506524551547e-05
5.259817703585088403e-05
5.177062099417577376e-05
4.849826921435557663e-05
4.653467075861007145e-05
4.610778302705536338e-05
4.413323065978356298e-05
4.102394898229026163e-05
4.051473721493390032e-05
4.002524517680486051e-05
3.795341901614170376e-05
3.704412357435074376e-05
3.645222709064444168e-05
3.432050718272851048e-05
3.325612699451611437e-05
3.262072293584156445e-05
3.170631269114902652e-05
3.139661798623395223e-05
3.014316152105501410e-05
2.877643520235191582e-05
2.831595729612258655e-05
2.645261709002065379e-05
2.563240690151040506e-05
2.513395913048078862e-05
2.467279240748533167e-05
2.310526358989209387e-05
2.263785319714651560e-05
2.196018759709990250e-05
2.125592481051051614e-05
2.103915344931732914e-05
2.001017820608704301e-05
1.948065847904254598e-05
1.916045481442711336e-05
1.888643194669333350e-05
1.844134329128520824e-05
1.727802102238310350e-05
1.680430356229876228e-05
1.638746208822820669e-05
1.621363562768411530e-05
1.569369159508181860e-05
1.533624112102458195e-05
1.463331641780565188e-05
1.450567559448501961e-05
1.410808003612217399e-05
1.378460852085613316e-05
1.360493788682703658e-05
1.309393565420860819e-05
1.295731002313723634e-05
1.284387730766324535e-05
1.206288138837631470e-05
1.185269287929959570e-05
1.124048671917300393e-05
1.082397251844430487e-05
1.051317469090053311e-05
1.030816379407865759e-05
1.000188013842611057e-05
9.505996153868465464e-06
9.416337699181629714e-06
9.116124379323667677e-06
9.027879566246522361e-06
8.821013115291942766e-06
8.488706860171390804e-06
8.415536225206866357e-06
8.193969745910242429e-06
7.940778919570951592e-06
7.902297703435421899e-06
7.751973048887086723e-06
7.388386511168517360e-06
7.220168493561804640e-06
7.007095916345576115e-06
6.969065914574871655e-06
6.789979613467971995e-06
6.602452257311267482e-06
6.410365076162987363e-06
6.356468293998657890e-06
6.211531098401217161e-06
5.973603309643726307e-06
5.892681760332201492e-06
5.779332327910230857e-06
5.691587215555833775e-06
5.605904704927490167e-06
5.463339068575158782e-06
5.359026924048496557e-06
5.203321434563301735e-06
4.997772487675325466e-06
4.945673084692106510e-06
4.846743905463670950e-06
4.790280591672856832e-06
4.584610831905758714e-06
4.489234026491260175e-06
4.456650828501690805e-06
4.294530950361627972e-06
4.207106518128074828e-06
4.096336047079632174e-06
3.981670085858370631e-06
3.916176649945244915e-06
3.847960957207698386e-06
3.779911630103345703e-06
3.766406457500178118e-06
3.577041541283264797e-06
3.514692639195507565e-06
3.489848335983746316e-06
3.407408815925640655e-06
3.333709402321206288e-06
3.264914489441403066e-06
3.180822802645235418e-06
3.138747142510368506e-06
3.079803762328133812e-06
3.006893204024657847e-06
2.867225840426743223e-06
2.841235085818118321e-06
2.783675556724446926e-06
2.738850385321488878e-06
2.692098592299034394e-06
2.633375797762103746e-06
2.609516089310220295e-06
2.600744350801399984e-06
2.553109841069187533e-06
2.450777894366719066e-06
2.398069855269314955e-06
2.338034955037063363e-06
2.246527405530606634e-06
2.204288156569721595e-06
2.111198791031528856e-06
2.053456266133711218e-06
2.040721488695523128e-06
1.945560104768296754e-06
1.904926652973729465e-06
1.860218915818068760e-06
1.799341982951552267e-06
1.773787818277317875e-06
1.757621664931488206e-06
1.679441190586603653e-06
1.611795455904984292e-06
1.584915903108113851e-06
1.545006958696989391e-06
1.526480569934521121e-06
1.495516601531324808e-06
1.452270069032836932e-06
1.438381744450715462e-06
1.369568039488172174e-06
1.367305760353597032e-06
1.349033607425142524e-06
1.321807519260820346e-06
1.303045586165661262e-06
1.265014421933476120e-06
1.205856025760578630e-06
1.180677064091695762e-06
1.149562650449024245e-06
1.128694905595176312e-06
1.085037705978649446e-06
1.068165831058114328e-06
1.022056009266804271e-06
9.748873641449111213e-07
9.555983061322051173e-07
9.391199200759981077e-07
9.314376548185465885e-07
9.111414051812979851e-07
8.845119367092809905e-07
8.506183517290186293e-07
8.270710801941259826e-07
8.014408792254442982e-07
7.705649806649821662e-07
7.499698732991541441e-07
7.369898051075671139e-07
7.259056061927937138e-07
7.000423853087069641e-07
6.633807606692006621e-07
6.551156517160272376e-07
6.447975069178413109e-07
6.255812502809518840e-07
6.111896463091779266e-07
5.581663318452459787e-07
5.461772030155313578e-07
5.311477036121869420e-07
5.080898790241808617e-07
4.918937913086244285e-07
4.755334628345558167e-07
4.538381408583840578e-07
4.380442766506459994e-07
4.195389946936169770e-07
4.102810784608009429e-07
4.019935774195079105e-07
3.811217244983547142e-07
3.669572346340808937e-07
3.581379784921622737e-07
3.469042832508609188e-07
3.238140539739815047e-07
3.216343891135928241e-07
2.954682685541128624e-07
2.856067354047366308e-07
2.751742101677787182e-07
2.656557140052021337e-07
2.552207931392315665e-07
2.428761828758781073e-07
2.311142381966621283e-07
2.218065435541373504e-07
2.110076767722623002e-07
2.055146811440514574e-07
1.830388747926053579e-07
1.761553962372718075e-07
1.646165120338175266e-07
1.615054506444800069e-07
1.465405955520354874e-07
1.431102702947981068e-07
1.275721065042340943e-07
1.269928498616551571e-07
1.221696081622601681e-07
1.094816425412466407e-07
1.050062805747556662e-07
9.474152083063224018e-08
8.468543244440079788e-08
7.884464487194971306e-08
6.749910328437233737e-08
6.386731344192309110e-08
5.468190974285416179e-08
5.102876618253401663e-08
4.804460566651649589e-08
4.704979954210164862e-08
4.277578114414997116e-08
3.692578332573445705e-08
3.144361033052193232e-08
2.508185863156021315e-08
4.254620375188759361e-09
2.828464643859276042e-09
1.119559070694497122e-09
9.495306468379471447e-10
8.680005791985432568e-10
4.106638089091661873e-10
