4.555420577526092529e-01
1.007235199213027954e-01
5.275712162256240845e-02
2.745858579874038696e-02
1.064004749059677124e-02
7.631666492670774460e-03
4.027433227747678757e-03
3.317673457786440849e-03
2.166698221117258072e-03
1.554710557684302330e-03
1.502156839706003666e-03
1.395797007717192173e-03
1.081635709851980209e-03
9.149881661869585514e-04
7.416264852508902550e-04
6.571985431946814060e-04
5.802434752695262432e-04
5.662986077368259430e-04
5.551608628593385220e-04
4.057780315633863211e-04
3.233443712815642357e-04
3.177424659952521324e-04
2.874501806218177080e-04
2.663354971446096897e-04
2.414895279798656702e-04
2.369214780628681183e-04
2.099338307743892074e-04
2.027561858994886279e-04
1.973073376575484872e-04
1.738370774546638131e-04
1.522266975371167064e-04
1.459062041249126196e-04
1.423613139195367694e-04
1.320200244663283229e-04
1.272187219001352787e-04
1.216946402564644814e-04
1.112460158765316010e-04
1.047648911480791867e-04
9.738693916006013751e-05
9.317884541815146804e-05
9.062606841325759888e-05
8.504529250785708427e-05
8.185517071979120374e-05
7.292188820429146290e-05
7.172343612182885408e-05
6.923374894540756941e-05
6.624290836043655872e-05
6.137192394817247987e-05
6.038020728738047183e-05
5.639203664031811059e-05
5.406593481893651187e-05
5.360379509511403739e-05
5.144726674188859761e-05
4.979524965165182948e-05
4.804212221642956138e-05
4.477384936762973666e-05
4.224833173793740571e-05
4.102129969396628439e-05
3.859755815938115120e-05
3.707588257384486496e-05
3.682433452922850847e-05
3.454794568824581802e-05
3.330231265863403678e-05
3.145347363897599280e-05
3.085066418861970305e-05
3.026836930075660348e-05
2.734197005338501185e-05
2.677415432117413729e-05
2.503169525880366564e-05
2.489907092240173370e-05
2.426295577606651932e-05
2.295183548994828016e-05
2.097101423714775592e-05
2.038813363469671458e-05
1.988258190976921469e-05
1.922541014209855348e-05
1.876825081126298755e-05
1.797877666831482202e-05
1.753951073624193668e-05
1.698802407190669328e-05
1.617512316443026066e-05
1.563045771035831422e-05
1.515969324827892706e-05
1.413805421179858968e-05
1.398407130182022229e-05
1.378313118038931862e-05
1.287497980229090899e-05
1.257353960681939498e-05
1.233584498550044373e-05
1.189706290460890159e-05
1.152500863099703565e-05
1.140263520937878639e-05
1.056915607478003949e-05
1.023946515488205478e-05
1.005914327834034339e-05
9.533977390674408525e-06
9.053691428562160581e-06
8.973241165222134441e-06
8.750142114877235144e-06
8.618259016657248139e-06
8.325691851496230811e-06
7.713145350862760097e-06
7.697632099734619260e-06
7.423790975735755637e-06
7.221497980935964733e-06
7.018156338745029643e-06
6.727915206283796579e-06
6.668655714747728780e-06
6.287826636253157631e-06
6.102559382270555943e-06
6.025180027791066095e-06
5.784354470961261541e-06
5.609138042927952483e-06
5.366891400626627728e-06
5.308629170031053945e-06
5.199431143410038203e-06
5.089156729809474200e-06
5.017003786633722484e-06
4.807134246220812201e-06
4.620946128852665424e-06
4.365777840575901791e-06
4.332294338382780552e-06
4.225166321702999994e-06
4.158875981374876574e-06
3.944796389987459406e-06
3.838765678665367886e-06
3.744546802408876829e-06
3.678407892948598601e-06
3.573623416741611436e-06
3.520240397847373970e-06
3.424515853112097830e-06
3.306841108496882953e-06
3.274417849752353504e-06
3.185525883964146487e-06
3.098416527791414410e-06
3.049957058465224691e-06
2.961221980513073504e-06
2.916715629908139817e-06
2.730021378738456406e-06
2.702253595998627134e-06
2.677692691577249207e-06
2.527744300095946528e-06
2.475264182066894136e-06
2.471552534188958816e-06
2.426689206913579255e-06
2.371424898228724487e-06
2.277518433402292430e-06
2.258355607409612276e-06
2.179037437599617988e-06
2.123605554515961558e-06
2.100585334119386971e-06
2.070260961772873998e-06
2.022702574322465807e-06
1.978826276172185317e-06
1.924152684296132065e-06
1.919808710226789117e-06
1.827670644161116797e-06
1.810549974834430031e-06
1.776905151018581819e-06
1.733482804411323741e-06
1.707562546471308451e-06
1.641578023736656178e-06
1.631538907531648874e-06
1.591630393704690505e-06
1.544957854093809146e-06
1.526283767816494219e-06
1.491058469582640100e-06
1.432631734132883139e-06
1.403870442118204664e-06
1.378497131554468069e-06
1.322759885624691378e-06
1.310211359850654844e-06
1.296365326197701506e-06
1.235794456988514867e-06
1.219505179506086279e-06
1.181325728794035967e-06
1.178177626570686698e-06
1.150545358541421592e-06
1.111171854972781148e-06
1.103362933463358786e-06
1.067237917595775798e-06
1.028937617775227409e-06
9.986181339627364650e-07
9.707963499749894254e-07
9.413200245944608469e-07
9.228395470017858315e-07
9.007965786622662563e-07
8.945613672040053643e-07
8.438714758085552603e-07
8.301393563669989817e-07
8.225586043408839032e-07
8.105220103971078061e-07
7.908795964794990141e-07
7.718405754530976992e-07
7.543856099800905213e-07
7.430491564264229964e-07
6.943965331629442517e-07
6.932713176865945570e-07
6.664192255811940413e-07
6.552018589900399093e-07
6.355258506118843798e-07
6.190527983562787995e-07
6.088440045459719840e-07
5.957217581453733146e-07
5.669912752637173980e-07
5.533926810130651575e-07
5.372706937123439275e-07
5.298356882121879607e-07
4.929389092467317823e-07
4.802463990927208215e-07
4.736565983876062091e-07
4.646098545890708920e-07
4.494153245104826055e-07
4.388453476167342160e-07
4.298444764572195709e-07
4.189410560684336815e-07
4.094169412383052986e-07
4.021576103241386591e-07
3.784649891258595744e-07
3.746375227819953579e-07
3.688925005462806439e-07
3.651213944522169186e-07
3.482323904790973756e-07
3.192049291556031676e-07
3.149292808757309103e-07
3.132149402063078014e-07
3.008321698416693835e-07
3.003820552294200752e-07
2.949672932572866557e-07
2.891469819132908015e-07
2.685885363007400883e-07
2.600720563350478187e-07
2.568320098816911923e-07
2.422394800305482931e-07
2.346170902001176728e-07
2.220879338210579590e-07
2.185759910844353726e-07
2.120923454640433192e-07
2.098146438811454573e-07
1.957697151055981521e-07
1.849736861458950443e-07
1.754548151211565710e-07
1.694189961654046783e-07
1.616545688420956139e-07
1.561257079174538376e-07
1.530001156879734481e-07
1.392710657910356531e-07
1.380953023044639849e-07
1.326061038753323373e-07
1.301323493407835485e-07
1.235618043438080349e-07
1.193381677921934170e-07
1.152456405861812527e-07
1.109323193304589950e-07
1.061234868870997161e-07
1.009376475735734857e-07
9.912975684756020200e-08
8.396526141041249502e-08
8.042801624696949148e-08
7.683765090860106284e-08
7.595367890189663740e-08
6.994198997745115776e-08
6.773777982971296296e-08
5.935379121524420043e-08
5.487670406978395476e-08
5.266154801120137563e-08
5.150701909428789804e-08
4.788900298535736511e-08
3.925043046137943747e-08
3.790199798459070735e-08
3.451571117807361588e-08
3.319382102517920430e-08
3.011907168115612876e-08
2.676543786606089270e-08
2.574037161195974477e-08
2.366824780608567380e-08
2.207658056363470678e-08
2.059215553629201167e-08
1.576893282617675141e-08
1.353055090191901400e-08
1.222435841441438242e-08
1.069523136720818002e-08
8.076505686460677680e-09
4.208363435509454575e-09
3.398767711715322548e-09
