3.807943297353960730e-03 1.705195982591290946e-02
4.938881511395678409e-03 1.582549852392085843e-02
6.728511232981022015e-03 1.449614919023592755e-02
3.689076459979025256e-03 2.041257537170603278e-02
4.571168446802434046e-03 1.684411881004309330e-02
5.726479934191769545e-03 1.729154860197058483e-02
8.134694279329368269e-03 1.535594911455955003e-02
6.020136308285932956e-03 1.729246356708651761e-02
7.239036566938304371e-03 1.802259216556773708e-02
2.516578639005386149e-03 1.838982786963782798e-02
4.830201791470557608e-03 1.910128871374888737e-02
2.437185274449870948e-03 1.947780099706819534e-02
4.980384009786038325e-03 1.601415763023459130e-02
4.628487581915633766e-04 1.992183393397402996e-02
5.193295832480187765e-03 2.073475665408415491e-02
2.865855632465262506e-04 1.977063493663447011e-02
3.673946686068686220e-03 1.249697420795177830e-02
4.267493228300974287e-03 1.082620512500664586e-02
4.386355972813085931e-03 2.028268736074330045e-02
6.034444018053747652e-03 1.637794997159107424e-02
3.698453358578830674e-03 2.213077455906328761e-02
5.758238562597311344e-03 5.758238562597311344e-03
1.131286634257116835e-04 1.547494623178471800e-02
3.141026275740558746e-03 2.055240114688459963e-02
2.323814757716722267e-03 2.065834353469901338e-02
3.534345867229710721e-03 1.847317870585927363e-02
4.353065106862530689e-03 1.719858526269573556e-02
4.440776919964957957e-03 1.008582981867979511e-02
2.223839863693993085e-03 1.634962284622895612e-02
5.057115555322671575e-03 1.630430132149992412e-02
3.938941225072769940e-03 1.811027791147913277e-02
2.654689759682908709e-04 1.771548298492274173e-02
1.837992767194195640e-03 1.942522588257463920e-02
4.582566230952685084e-04 1.981038703278954413e-02
4.930659514239836907e-03 1.244344354940213684e-02
5.359731637351358713e-03 1.023998991223807990e-02
2.049565267293169089e-03 2.192815256679596370e-02
5.100899235610839751e-03 1.301455620065294222e-02
2.137552889493262061e-03 2.063877216823673325e-02
5.306449765463787382e-03 1.482970170347423788e-02
4.169740535602633330e-03 1.117765810014004907e-02
8.017586799120266644e-03 1.335777676653470726e-02
5.875624364295103930e-03 2.278751279561338355e-02
5.677388539269729792e-03 1.991300399522231979e-02
5.505459646735622395e-03 1.415378250260027233e-02
4.654741889086089039e-03 2.140963028776099800e-02
5.918297459016682617e-03 1.885610990754504890e-02
2.698004310226399197e-03 2.076589034136294004e-02
4.180880133742241773e-03 1.113958408009777315e-02
3.900711478105667318e-03 1.197250823558335987e-02
7.221634776552837871e-03 7.221634776552837871e-03
4.907466695855775864e-03 4.907466695855775864e-03
3.016776854531561490e-03 1.352082462424849738e-02
6.764344352687795894e-03 1.759719093958819064e-02
3.655429858366865837e-03 2.043343271272363149e-02
6.723046195308924299e-03 1.705948035608961452e-02
1.403823732381269136e-03 1.928428301293835107e-02
4.308638084179951255e-03 2.344826019108338724e-02
2.777169925736633089e-03 2.115841530287142572e-02
1.455860189310589133e-03 2.296786435826753126e-02
4.546794992599428702e-03 1.730271293453453096e-02
6.521739067086028060e-03 1.549840783340170579e-02
2.102275226782540900e-03 2.074573817382844784e-02
5.007531901732009336e-03 1.881961124718531386e-02
3.369378361126034588e-04 1.981503309255193412e-02
4.341846309197289200e-03 1.417975488361501550e-02
5.295462100496571263e-04 1.997596031427160621e-02
4.105643631711799156e-03 1.706467335986820710e-02
4.423840293226960138e-03 1.016631269900207177e-02
4.893966232859028528e-03 2.000459655162839523e-02
6.446519676555443126e-03 1.801158834433426101e-02
8.764295913424336457e-04 1.605550286162076706e-02
5.157676249032191497e-03 1.871032994028438284e-02
1.723842362581505137e-03 1.419880828594993587e-02
3.508531992492087276e-03 1.813952876563541469e-02
2.356557217175967432e-04 1.850755306631675021e-02
5.896280263156262460e-04 1.991545944320509062e-02
6.590096876619137454e-04 1.885416168883434843e-02
4.019024938997640658e-04 1.368304642840952046e-02
4.792090487028791146e-03 1.615312417553453617e-02
2.206544877072175257e-03 1.860921652626459574e-02
6.023423049876025157e-03 1.156142888023267007e-02
3.965411459773985660e-03 1.873306547329418870e-02
2.114411897779277204e-03 1.934983120955005922e-02
3.128895668882104679e-03 2.067587198476140975e-02
1.300592287707014888e-04 1.962647077416839608e-02
0.000000000000000000e+00 1.332600106675778731e-02
5.454897705524923424e-03 2.229622420406407110e-02
3.311952268623665364e-03 1.909306480665272712e-02
3.543493887929570355e-04 1.972259273348920400e-02
1.295069577885542408e-03 2.036503806114576057e-02
5.154056865140910909e-03 1.558184992082607689e-02
5.355773681140905268e-03 1.888018766342370799e-02
2.633892663219805988e-03 2.077154280771827816e-02
3.841071486333886946e-03 1.212150458748799051e-02
3.233681632395807998e-03 1.790417873917122399e-02
4.896565366546073300e-03 1.620414461208164944e-02
4.727400580013837832e-03 1.925062007119721086e-02
4.991951939589590707e-03 1.707343397717766068e-02
7.986315944896665159e-03 7.986315944896665159e-03
