1.379734715404389789e+01
6.806134353710635132e+00
5.643560569909126912e+00
1.800644218160653676e+00
4.124114361391290617e-01
1.522460327729318608e-01
1.165453327260464883e-01
7.720887049345309672e-02
6.647781056665098831e-02
5.637235959365514970e-02
4.233725145331970058e-02
3.639971292698276906e-02
2.977842605283572558e-02
1.724606747295957462e-02
1.484622607465981362e-02
1.175256552865917847e-02
6.917780485443446835e-03
4.682547669513677582e-03
3.247342197729896542e-03
3.020268363194579878e-03
2.355607878026305755e-03
2.093624436678011552e-03
1.524110448202519114e-03
1.446134137471961944e-03
1.297516772505459635e-03
1.170975400999393727e-03
1.111285351771564185e-03
9.686009495279097664e-04
8.729221873587288344e-04
7.826907109771713989e-04
6.316655764009836962e-04
6.095405460219783860e-04
5.544941155812990827e-04
5.375695034870271380e-04
4.208695394835456033e-04
4.123809975525410650e-04
3.897636156462899715e-04
3.556133081352772884e-04
3.347357891646256960e-04
3.205976283181126473e-04
3.010195931573312754e-04
2.915005167080304046e-04
2.645969208865866303e-04
2.435859919161829457e-04
2.394080471719449888e-04
2.265067439384645044e-04
2.159148419391832409e-04
1.966363016312253466e-04
1.960956747051365945e-04
1.885126394280366429e-04
1.717443773296554912e-04
1.690117179081309989e-04
1.607956123312102945e-04
1.520882815332870105e-04
1.482042148607744421e-04
1.399185363104897767e-04
1.360950011802720570e-04
1.316830011744870546e-04
1.218525309385031083e-04
1.198549326776069074e-04
1.160069697697297975e-04
1.082867901332633690e-04
1.056858839091875582e-04
9.959012455768140293e-05
9.523592858873248341e-05
9.078478338365799532e-05
8.853971101171937720e-05
8.564563640885544855e-05
8.337788743573398657e-05
8.186224335455881797e-05
7.765127063633417686e-05
7.550810856675147789e-05
7.347259932224305535e-05
7.151865970924078312e-05
6.826276003402847493e-05
6.662705001827149104e-05
6.577370362887209512e-05
6.375090886314307515e-05
6.256716262718110290e-05
6.105389893782435181e-05
5.993617199508216798e-05
5.793818638499017822e-05
5.560569212455314560e-05
5.414061710990247865e-05
5.167322457854023782e-05
5.077073943853138450e-05
4.973428836856057928e-05
4.778572323582143503e-05
4.715480180397528163e-05
4.619254442705423446e-05
4.529038470805583905e-05
4.302469568693378747e-05
4.292452440861777165e-05
4.183186324510446759e-05
4.171789767531209535e-05
4.041888133736423240e-05
3.931744711937324019e-05
3.763975265460045870e-05
3.696579031532865885e-05
3.627809981922715081e-05
3.502472775025719428e-05
3.446009005371407081e-05
3.344380480538608973e-05
3.294083372732272108e-05
3.139151684564555776e-05
3.124983596183844711e-05
3.088645183144438577e-05
3.000660841979019633e-05
2.959993994595065862e-05
2.829546262520262788e-05
2.817761926376819568e-05
2.786528123687022297e-05
2.732199702482726288e-05
2.720974489909962384e-05
2.606934244792390366e-05
2.584647558800189202e-05
2.528380351209561319e-05
2.483876739154453384e-05
2.458705690548131746e-05
2.446735087619967853e-05
2.375119226936112438e-05
2.357503851195245727e-05
2.285007294264257389e-05
2.260573969652924931e-05
2.174132997976662254e-05
2.171309584162418467e-05
2.107893897507471628e-05
2.078162060702000110e-05
2.069528231607275218e-05
2.048586029972703369e-05
1.980071426224913893e-05
1.938286088051940307e-05
1.885027871114372723e-05
1.868827115678868789e-05
1.851981812544284292e-05
1.827980984039986138e-05
1.783422601966904074e-05
1.736028162629512628e-05
1.701190333761557977e-05
1.697902983792007949e-05
1.626608137379016917e-05
1.584000998625365966e-05
1.548295653947785939e-05
1.519387819942605559e-05
1.497908912337248857e-05
1.474514144353663196e-05
1.437117199674176136e-05
1.411275494798331372e-05
1.393890926737533588e-05
1.386039572221918655e-05
1.344353173781361278e-05
1.320305585019948430e-05
1.281421761679237858e-05
1.268552383361625912e-05
1.224993728493545509e-05
1.203283853248870903e-05
1.186892115370548861e-05
1.167859276698345660e-05
1.149113501814121453e-05
1.088599211956046936e-05
1.085726887617172531e-05
1.077772624067464020e-05
1.053677389019659254e-05
1.042158948907404738e-05
1.020619180270424640e-05
1.002548462126560581e-05
9.892795823965239101e-06
9.662248427378298485e-06
9.475573332194215122e-06
9.246379748888370606e-06
9.233619113073402365e-06
9.022503951008223894e-06
8.806244207461988308e-06
8.674971398718862211e-06
8.478786130604578568e-06
8.350351953809393566e-06
8.192364900000264968e-06
8.021429292988352700e-06
7.819458215775480678e-06
7.512679222827892008e-06
7.427799580878959332e-06
7.333294536798363526e-06
7.200299799676595651e-06
7.097931841843588104e-06
6.962104676905952805e-06
6.788324587827304085e-06
6.704892815466273686e-06
6.439652850606949298e-06
6.305301951236114236e-06
6.139118895071531773e-06
6.007762953449351054e-06
5.831745922381275717e-06
5.698674054185829151e-06
5.614444524897777976e-06
5.467737546137255557e-06
5.309199677523598837e-06
5.166798927383413112e-06
5.062339108579000164e-06
4.955508267565595082e-06
4.929915342769735235e-06
4.699405315619069452e-06
4.670959573892474185e-06
4.458820550124708438e-06
4.400964731451900493e-06
4.290526675647069785e-06
4.174031960368468727e-06
4.054598922281581079e-06
4.001226214219202307e-06
3.945827368504712785e-06
3.838912851493945491e-06
3.768057754527756410e-06
3.656857180412872424e-06
3.563595246135864059e-06
3.482709993818864718e-06
3.356714021335275037e-06
3.297857337291384780e-06
3.193194688643577731e-06
3.066117170905690389e-06
3.008449551448734056e-06
2.925619227085351662e-06
2.881098450587907701e-06
2.804172678085388937e-06
2.772717342392375475e-06
2.693436672674396152e-06
2.657791498785378331e-06
2.523452927543343350e-06
2.482264386174565995e-06
2.404149305978164247e-06
2.343114043779836418e-06
2.291404426915849245e-06
2.276634222449136455e-06
2.186057440476584259e-06
2.079526747796354005e-06
2.030681194432445961e-06
1.982798661353089503e-06
1.946187579590945285e-06
1.856969269857431527e-06
1.766326617099832387e-06
1.740907050265328500e-06
1.694324028548444669e-06
1.646160367078138286e-06
1.623196274609428995e-06
1.565147825333607110e-06
1.487346340925500490e-06
1.437981909091163144e-06
1.409562573551995801e-06
1.369292837572806370e-06
1.305206140238477097e-06
1.254362090985597295e-06
1.200636288809211779e-06
1.150150950142351898e-06
1.133056013942913476e-06
1.085223832093519481e-06
1.044982843148016963e-06
1.015257643534359655e-06
9.805444796420031821e-07
9.492759815387682963e-07
9.150857608594781331e-07
9.078050743217412287e-07
8.415113735616573567e-07
8.178609424467089985e-07
7.949065306487867665e-07
7.863833783612929597e-07
7.680114448240933925e-07
7.267917141490426292e-07
7.229710363749295726e-07
6.888301247766062683e-07
6.705084188332049412e-07
6.223468357264162144e-07
6.154231714842721909e-07
5.857577433296907307e-07
5.620257130322171867e-07
5.480692917179986802e-07
4.979877408963544403e-07
4.923847541300810790e-07
4.588863348155707995e-07
4.500247296582187727e-07
4.072957378030645740e-07
4.070453800602125067e-07
3.891718579065105914e-07
3.791053544402626253e-07
3.699086668928086061e-07
3.558684410461864094e-07
3.286515924093685611e-07
2.924155904015760548e-07
2.389334849239214316e-07
2.194457351900766385e-07
2.113204369856008760e-07
1.925711888716483382e-07
1.557734264414331906e-07
1.388098888173998446e-07
1.181654773562705506e-07
6.422119977264555799e-08
5.410493646633482278e-08
2.037004444053647298e-08
1.945194804360813244e-08
8.050487405312532307e-10
