5.527502059936523438e+01
3.021429443359375000e+01
2.249678993225097656e+01
7.227462768554687500e+00
1.689258337020874023e+00
9.781816005706787109e-01
6.313734650611877441e-01
4.668824970722198486e-01
3.324828147888183594e-01
1.808458864688873291e-01
1.614180803298950195e-01
1.460402160882949829e-01
7.605874538421630859e-02
5.419588088989257812e-02
3.404669091105461121e-02
2.257054112851619720e-02
1.029986049979925156e-02
8.217983879148960114e-03
4.933898802846670151e-03
4.517880268394947052e-03
3.021831857040524483e-03
2.498033689334988594e-03
1.572020468302071095e-03
1.327863428741693497e-03
1.139257219620049000e-03
8.902025292627513409e-04
8.602174348197877407e-04
7.553880568593740463e-04
6.939876475371420383e-04
6.189934210851788521e-04
5.360608920454978943e-04
4.893319564871490002e-04
4.580634704325348139e-04
4.476632457226514816e-04
3.874595277011394501e-04
3.695713239721953869e-04
3.571294946596026421e-04
3.187149704899638891e-04
3.162682987749576569e-04
2.952548966277390718e-04
2.842005924321711063e-04
2.784963580779731274e-04
2.565749455243349075e-04
2.397222706349566579e-04
2.092670038109645247e-04
2.041692787315696478e-04
1.882493961602449417e-04
1.769911905284970999e-04
1.649911864660680294e-04
1.609251194167882204e-04
1.575503993080928922e-04
1.501197839388623834e-04
1.395336730638518929e-04
1.319294678978621960e-04
1.248745538759976625e-04
1.210543414345011115e-04
1.191310657304711640e-04
1.113268954213708639e-04
1.091544254450127482e-04
1.018497277982532978e-04
9.708534344099462032e-05
9.286920248996466398e-05
8.848304423736408353e-05
8.576669642934575677e-05
8.131388312904164195e-05
7.989647565409541130e-05
7.835267024347558618e-05
7.507246482418850064e-05
7.144561095628887415e-05
6.899611616972833872e-05
6.851110811112448573e-05
6.463591125793755054e-05
6.400972051778808236e-05
5.983309893053956330e-05
5.796045297756791115e-05
5.493720163940452039e-05
5.217788202571682632e-05
5.024564597988501191e-05
4.868557516601867974e-05
4.851683479500934482e-05
4.598907617037184536e-05
4.535015250439755619e-05
4.349946902948431671e-05
4.080772487213835120e-05
3.935537097277119756e-05
3.795535303652286530e-05
3.691612437251023948e-05
3.558220123522914946e-05
3.458876744844019413e-05
3.259049844928085804e-05
3.236558404751121998e-05
3.187336187693290412e-05
3.009978536283597350e-05
2.940263220807537436e-05
2.860318090824875981e-05
2.786322693282272667e-05
2.750325438682921231e-05
2.623895306896883994e-05
2.566031253081746399e-05
2.540906643844209611e-05
2.353485069761518389e-05
2.316764403076376766e-05
2.306581700395327061e-05
2.196667446696665138e-05
2.171544656448531896e-05
2.102297548844944686e-05
2.020528881985228509e-05
1.953021455847192556e-05
1.936731496243737638e-05
1.897939364425837994e-05
1.822550439101178199e-05
1.773382246028631926e-05
1.749425246089231223e-05
1.694750062597449869e-05
1.665557101659942418e-05
1.600177711225114763e-05
1.566648825246375054e-05
1.513491952209733427e-05
1.477521618653554469e-05
1.451334992452757433e-05
1.423187768523348495e-05
1.351603259536204860e-05
1.340021481155417860e-05
1.309459730691742152e-05
1.307804450334515423e-05
1.253439586434978992e-05
1.201856412080815062e-05
1.189803424495039508e-05
1.150534171756589785e-05
1.128392250393517315e-05
1.103163049265276641e-05
1.077939941751537845e-05
1.063537729351082817e-05
1.046648594638099894e-05
1.014480221783742309e-05
9.917063835018780082e-06
9.626473911339417100e-06
9.529207090963609517e-06
9.501800377620384097e-06
9.299863449996337295e-06
9.136026164924260229e-06
8.758499461691826582e-06
8.540657290723174810e-06
8.218746188504155725e-06
7.985629054019227624e-06
7.898000148998107761e-06
7.644555807928554714e-06
7.549030215159291402e-06
7.458661002601729706e-06
7.267133241839474067e-06
7.030526376183843240e-06
6.982774721109308302e-06
6.681197646685177460e-06
6.587156804016558453e-06
6.492958618764532730e-06
6.440870492951944470e-06
6.305329407041426748e-06
6.225610377441626042e-06
6.122970262367743999e-06
5.996408617647830397e-06
5.886461167392553762e-06
5.726886229240335524e-06
5.626158781524281949e-06
5.488251190399751067e-06
5.341880751075223088e-06
5.244800377113278955e-06
5.195206540520302951e-06
5.038270501245278865e-06
4.885017915512435138e-06
4.715341674454975873e-06
4.702419118984835222e-06
4.593060111801605672e-06
4.433695266925496981e-06
4.317804723541485146e-06
4.238763267494505271e-06
4.153341706114588305e-06
4.019874268124112859e-06
3.912782631232403219e-06
3.881948941852897406e-06
3.814235697063850239e-06
3.737863607966573909e-06
3.614010665842215531e-06
3.583637180781806819e-06
3.421508381507010199e-06
3.376806489541195333e-06
3.355895387358032167e-06
3.314838522783247754e-06
3.243432502131327055e-06
3.190156348864547908e-06
3.115303115919232368e-06
3.046471420020679943e-06
2.966677584481658414e-06
2.863559302568319254e-06
2.773831738522858359e-06
2.706597797441645525e-06
2.680225634321686812e-06
2.595455953269265592e-06
2.538511125749209896e-06
2.488575546522042714e-06
2.417757514194818214e-06
2.362511622777674347e-06
2.263822580061969347e-06
2.248116516057052650e-06
2.218624558736337349e-06
2.115283677994739264e-06
2.049706836260156706e-06
2.026995844062184915e-06
1.965225919775548391e-06
1.912316974994610064e-06
1.883337745312019251e-06
1.838057528402714524e-06
1.781070636752701830e-06
1.689560463091765996e-06
1.658215410316188354e-06
1.647797262194217183e-06
1.565558818583667744e-06
1.537920297778327949e-06
1.510165589024836663e-06
1.502216264270828106e-06
1.431211899216577876e-06
1.417291969119105488e-06
1.356330585622345097e-06
1.340622930001700297e-06
1.320268779636535328e-06
1.307637489844637457e-06
1.287570853492070455e-06
1.243402834916196298e-06
1.166915922112821136e-06
1.120932211051695049e-06
1.069375116458104458e-06
1.039141125147580169e-06
1.014946406030503567e-06
1.001299551717238501e-06
9.832741625359631144e-07
9.392294941790169105e-07
9.230479349753295537e-07
9.092025265999836847e-07
8.487344302920973860e-07
8.143182412823080085e-07
8.028821980587963481e-07
7.840953912818804383e-07
7.566424642391211819e-07
7.273358164638921153e-07
7.192884368123486638e-07
-6.641209893132327124e-07
6.605691851291339844e-07
6.400404117812286131e-07
6.184606036185869016e-07
6.148612783363205381e-07
-5.753695972998684738e-07
5.526597419702738989e-07
5.236532842900487594e-07
5.182493509892083239e-07
5.067952315584989265e-07
4.960281785315601155e-07
-4.847827881349076051e-07
4.743748718283313792e-07
-4.274576497209636727e-07
4.273089189155143686e-07
4.168441023466584738e-07
-3.919047060207958566e-07
3.863783604174386710e-07
3.685074148052081000e-07
-3.632702600953052752e-07
3.473110439244919689e-07
-3.333340146127738990e-07
3.181291390319529455e-07
-3.023025669790513348e-07
2.999416608417959651e-07
2.840474166987405624e-07
-2.826913600983971264e-07
2.763448208042973420e-07
2.436786417092662305e-07
-2.388964617239253130e-07
-2.363547224604189978e-07
-2.142807176142014214e-07
2.104685421500107623e-07
2.050747980320011266e-07
1.956546640258238767e-07
1.898429786706401501e-07
-1.840159313815092901e-07
1.713847694873038563e-07
1.592675573647284182e-07
-1.404463176868375740e-07
1.334789061502306140e-07
1.126390856143189012e-07
-1.091904522354525398e-07
1.008871137742062274e-07
-9.819332547067460837e-08
7.456871742306248052e-08
-5.905929967298106931e-08
5.674631253782536078e-08
-3.085667188429397356e-08
2.618419969735441555e-08
-1.014577399871541274e-08
9.114972776558261103e-09
3.930120118234015081e-10
