5.130393993134909625e-01
8.153869060108456801e-02
4.178899270538074390e-02
3.331833623063380073e-02
1.635434016988345299e-02
1.148648217407047083e-02
4.507282856116791650e-03
3.033626740662576614e-03
2.344220219547599876e-03
2.235477210075333468e-03
1.889913913048058610e-03
1.832641900345546252e-03
1.479843037524150888e-03
1.245695782977595308e-03
1.117035437763662722e-03
1.024212178765794307e-03
8.587965059930744750e-04
7.688974170321131009e-04
5.923626141347885198e-04
5.630872459852332519e-04
4.889226399469706651e-04
4.688995900033826277e-04
4.566929652150712509e-04
3.996180935607942250e-04
3.691927794440235506e-04
3.425204660713129659e-04
3.229733936723943244e-04
3.001277988107819202e-04
2.706100836838522326e-04
2.507711997913937715e-04
2.421055316648565632e-04
2.226433648332243841e-04
2.026438540060389456e-04
1.918812987894334362e-04
1.719982494035316833e-04
1.658903047364538165e-04
1.600993608257872446e-04
1.475189889120804448e-04
1.359435914599362266e-04
1.256626144433349611e-04
1.239776502985914743e-04
1.190144180840319358e-04
1.132805935556616383e-04
1.084460145670774957e-04
1.005132433881128371e-04
9.992482176089601193e-05
9.709960618899677177e-05
8.814789773664201834e-05
8.472616118385483904e-05
8.409050989356328795e-05
7.822639052688462689e-05
7.757156429107622071e-05
7.384715156837129738e-05
7.219488897174722840e-05
6.582717593218885283e-05
6.470457370138741747e-05
6.337919358774684350e-05
6.185688108347672527e-05
5.830753892951091123e-05
5.675638659087971395e-05
5.413171667536955631e-05
5.244005491883605937e-05
5.136460832266163078e-05
4.879305068706354015e-05
4.584618846814071929e-05
4.481902809531453276e-05
4.320361918429480572e-05
4.183107308985336295e-05
4.012922968200183992e-05
3.777154290651188950e-05
3.654446309541606699e-05
3.606819857512630036e-05
3.565693667451395139e-05
3.335303773421594313e-05
3.147438400534334908e-05
3.101139859408021896e-05
3.023465439992963967e-05
2.887620304323422653e-05
2.823646990289483617e-05
2.759790009832948545e-05
2.570720937603023255e-05
2.520206871576071244e-05
2.506334236373459172e-05
2.364435960771193442e-05
2.296609176744217291e-05
2.242759208186969846e-05
2.151155780758185059e-05
2.071400402841134462e-05
2.063206086694176122e-05
2.012053428474559668e-05
1.948109294908434782e-05
1.845841725605838776e-05
1.738850979543972582e-05
1.715582042890467451e-05
1.663584909160527992e-05
1.612817548790524246e-05
1.586721073470397805e-05
1.545003708963116709e-05
1.526151461011779917e-05
1.448952566217256608e-05
1.429175849147478187e-05
1.379836371144329985e-05
1.345736377419522859e-05
1.311424313674692841e-05
1.263633977822755087e-05
1.239233521553324480e-05
1.184407973097580628e-05
1.170162777534243718e-05
1.126902993286554969e-05
1.081214279357001581e-05
1.058778875506063364e-05
1.039326466510640356e-05
1.021849524825542299e-05
1.005182453568308867e-05
9.456006540535539311e-06
9.296929359705737866e-06
9.214551938711677695e-06
8.784697984895005750e-06
8.626075359218780524e-06
8.335162848447233563e-06
8.029433929666232375e-06
7.895316219388561220e-06
7.751666036959819488e-06
7.667425056724919491e-06
7.263765991835755341e-06
7.185297835413032251e-06
6.969841610478624137e-06
6.808027565163591514e-06
6.500975651238953894e-06
6.325344569136325318e-06
6.110997375485790258e-06
6.028044756512064311e-06
5.803922417213818995e-06
5.678636923613277623e-06
5.431293745958058278e-06
5.298428696005890981e-06
5.141760606288836627e-06
5.060291018996785717e-06
4.859146577175174529e-06
4.771007000544675770e-06
4.678818568966404888e-06
4.585542151111839358e-06
4.435157018946776212e-06
4.363359028567260127e-06
4.240314512139417387e-06
4.124932478576441881e-06
3.962729615219540506e-06
3.791037898373512561e-06
3.749757567570323797e-06
3.680063728332423013e-06
3.505509930734051840e-06
3.419658105137797879e-06
3.317414388164079481e-06
3.208514195299690632e-06
3.185602977059254762e-06
3.099714169489991397e-06
3.053139308515011185e-06
2.923098761317098293e-06
2.812308189682340635e-06
2.766972387812233271e-06
2.720482233616960448e-06
2.643143048022802585e-06
2.566285009368434808e-06
2.485644741268682617e-06
2.414890495319952603e-06
2.364715740196271001e-06
2.346625332316643042e-06
2.201402176956032176e-06
2.172725256609990033e-06
2.051789258808196685e-06
2.033009071257832418e-06
1.930898651041360078e-06
1.842042421103894881e-06
1.825450083512357327e-06
1.765998937986819397e-06
1.698641331884035403e-06
1.629512389699662312e-06
1.616260846343818237e-06
1.553853828251003679e-06
1.504832453860689091e-06
1.480482972723078265e-06
1.404557120080111271e-06
1.348819106547094733e-06
1.340834444611464982e-06
1.281945470109491654e-06
1.210293535246831574e-06
1.193458078811293514e-06
1.162653692311070783e-06
1.110566019085569475e-06
1.088683526837265186e-06
1.061049447363427951e-06
9.955109823127413598e-07
9.536097587062694084e-07
9.273023021040083249e-07
8.946482247226456266e-07
8.703643700315948480e-07
8.413361540624040539e-07
7.909937828066890050e-07
7.819196882498039223e-07
7.298755218748547237e-07
7.173431060967631189e-07
6.866908760989802117e-07
6.768070129060524533e-07
6.276541287072623245e-07
6.085883204101930351e-07
5.728656697967470692e-07
5.452800370875613939e-07
5.294585227964325387e-07
5.078192621784828917e-07
4.834817876935961146e-07
4.515038246424580671e-07
4.170364658855762507e-07
3.980711765059711553e-07
3.835430781826606967e-07
3.710683979910729202e-07
3.291556525260225689e-07
2.847173233489782639e-07
2.728534395218907668e-07
2.606093332753822347e-07
2.560482766731405900e-07
2.306440737045113794e-07
2.150459293725564959e-07
2.050914804681057049e-07
1.902219881869772593e-07
1.827934547437833303e-07
1.777323016684863954e-07
1.443377560630740372e-07
1.396172369385052607e-07
1.296534462954362043e-07
1.182432220592999098e-07
1.148024817811978498e-07
9.499125522627053695e-08
9.301238076139496627e-08
7.218502422747038223e-08
5.929308948094158071e-08
4.895670648309017205e-08
3.789040420154022051e-08
7.007286483052190725e-09
5.746578667664648575e-09
5.226465003456920237e-09
4.792678320706652125e-09
4.626115804788528766e-09
4.362193328188984369e-09
3.943212135570210515e-09
3.792061871788959734e-09
3.491814806480278131e-09
3.428278159118820776e-09
3.266828014626682147e-09
3.118002410515087818e-09
2.958619124347726723e-09
2.882779430917327573e-09
2.553629287687907705e-09
2.519371173634423366e-09
2.394224360036597380e-09
2.070200350620403093e-09
2.068193032730721026e-09
1.794402995353192815e-09
1.747647790202132891e-09
1.654745662671793586e-09
1.624415816128430621e-09
1.591738823689404660e-09
1.486890408437714924e-09
1.432389433978517473e-09
1.380348683632085351e-09
1.282299494699375405e-09
1.233108222239726986e-09
1.127363822792643205e-09
1.028324719067388970e-09
9.441440907876831826e-10
9.215125568044973632e-10
8.331045660120577697e-10
8.299966045393152009e-10
7.355343142492875127e-10
6.708489275187074587e-10
6.584624306750380973e-10
4.933331378973836240e-10
3.925029223156342939e-10
3.158074917332838761e-10
2.266451483018531508e-10
2.111423875596388101e-10
8.606465349571873208e-11
7.798939755916397522e-11
5.926018925549605468e-11
3.204318529118314669e-11
6.888668898329408325e-12
