1.210460662841796875e+00
1.875944435596466064e-01
8.909455686807632446e-02
5.814821645617485046e-02
2.207158505916595459e-02
1.191747561097145081e-02
4.090568050742149353e-03
3.443841822445392609e-03
3.255973104387521744e-03
2.270462457090616226e-03
2.052120398730039597e-03
1.629415084607899189e-03
1.477260142564773560e-03
1.241304329596459866e-03
1.138309948146343231e-03
8.107531466521322727e-04
7.482746150344610214e-04
7.363972836174070835e-04
6.055581034161150455e-04
5.500554107129573822e-04
4.817108856514096260e-04
4.456393944565206766e-04
4.266728647053241730e-04
3.718257357832044363e-04
3.441106528043746948e-04
3.148344694636762142e-04
2.984021848533302546e-04
2.657868317328393459e-04
2.596233680378645658e-04
2.449513121973723173e-04
2.332413132535293698e-04
2.232683327747508883e-04
1.891840365715324879e-04
1.750362716848030686e-04
1.653176732361316681e-04
1.567780709592625499e-04
1.495600299676880240e-04
1.363998890155926347e-04
1.309719955315813422e-04
1.216901437146589160e-04
1.117233041441068053e-04
1.058137640939094126e-04
1.011287531582638621e-04
9.653999586589634418e-05
9.011971269501373172e-05
8.578892447985708714e-05
7.996457134140655398e-05
7.759218715364113450e-05
7.534186443081125617e-05
7.005115185165777802e-05
6.807484169257804751e-05
6.586362724192440510e-05
6.441029836423695087e-05
5.776684338343329728e-05
5.315972521202638745e-05
5.225673885433934629e-05
5.001455065212212503e-05
4.736750270240008831e-05
4.584661655826494098e-05
4.438319228938780725e-05
4.054285818710923195e-05
3.937640212825499475e-05
3.619768540374934673e-05
3.427506453590467572e-05
3.327501326566562057e-05
3.266217754571698606e-05
3.084672425757162273e-05
3.030744119314476848e-05
2.913711978180799633e-05
2.846963616320863366e-05
2.669089553819503635e-05
2.603572465886827558e-05
2.400748780928552151e-05
2.359616519242990762e-05
2.194838089053519070e-05
2.107954787788912654e-05
2.085425876430235803e-05
1.973776306840591133e-05
1.948065801116172224e-05
1.863176112237852067e-05
1.809558489185292274e-05
1.778800469764973968e-05
1.651330785534810275e-05
1.621603769308421761e-05
1.509926278231432661e-05
1.462883119529578835e-05
1.453557342756539583e-05
1.382998925691936165e-05
1.331255225522909313e-05
1.235280251421499997e-05
1.223456729348981753e-05
1.178513684862991795e-05
1.131391491071553901e-05
1.112078462028875947e-05
1.035280638461699709e-05
1.022304059006273746e-05
9.898164535115938634e-06
9.682659765530843288e-06
9.302696525992359966e-06
9.068252438737545162e-06
8.905360118660610169e-06
8.319539119838736951e-06
8.163960046658758074e-06
7.654239198018331081e-06
7.379747330560348928e-06
7.039070624159649014e-06
7.004821327427634969e-06
6.786130143154878169e-06
6.606288934563053772e-06
6.188738552737049758e-06
5.849277840752620250e-06
5.686334588972385973e-06
5.553338269237428904e-06
5.417569354904117063e-06
5.348083959688665345e-06
5.126561518409289420e-06
5.047446393291465938e-06
4.924344011669745669e-06
4.807691311725648120e-06
4.707717835117364302e-06
4.507958692556712776e-06
4.451339918887242675e-06
4.244566753186518326e-06
4.219043148623313755e-06
4.147549589106347412e-06
4.004956281278282404e-06
3.857168849208392203e-06
3.629119419201742858e-06
3.519875690471963026e-06
3.372665560164023191e-06
3.156034381390782073e-06
3.098368097198545001e-06
3.023616500286152586e-06
2.951595888589508832e-06
2.859963160517509095e-06
2.848460781024186872e-06
2.813152377711958252e-06
2.735922180363559164e-06
2.594339093775488436e-06
2.564359419920947403e-06
2.529125367800588720e-06
2.412293497400241904e-06
2.294710611749906093e-06
2.242889650005963631e-06
2.191585053878952749e-06
2.161145403078990057e-06
2.108507715092855506e-06
2.081579850710113533e-06
1.938906052600941621e-06
1.885526557998673525e-06
1.797649929358158261e-06
1.760409077178337611e-06
1.724854200801928528e-06
1.662922954892565031e-06
1.627152187211322598e-06
1.564263584441505373e-06
1.539094796498829965e-06
1.503412704551010393e-06
1.449695105293358210e-06
1.397878463649249170e-06
1.387514544148871209e-06
1.316576572207850404e-06
1.252918991667684168e-06
1.230094312631990761e-06
1.199519374495139346e-06
1.171737380900594871e-06
1.130137320615176577e-06
1.062285150510433596e-06
1.036954699884518050e-06
1.028297447192016989e-06
9.823735354075324722e-07
9.606430921849096194e-07
9.401804845765582286e-07
9.171496913040755317e-07
8.838368898977932986e-07
8.701709361957910005e-07
8.310831276503449772e-07
7.920492635093978606e-07
7.876778340687451418e-07
7.601977358717704192e-07
7.149864700295438524e-07
7.019713166300789453e-07
6.918338044670235831e-07
6.619397936447057873e-07
6.352103696372068953e-07
6.329103143798420206e-07
5.992118872200080659e-07
5.817127544105460402e-07
5.320911213857471012e-07
5.256015356280840933e-07
5.055417773291992489e-07
4.977320600119128358e-07
4.562388653539528605e-07
4.530106991751381429e-07
4.448426125236437656e-07
4.283901375856657978e-07
4.048729351779911667e-07
3.935037398150598165e-07
3.819492064849328017e-07
3.657540901258471422e-07
3.538315809237246867e-07
3.473095944173110183e-07
3.306840312689018901e-07
3.118726112916192506e-07
3.084102502270980040e-07
3.055840807064669207e-07
2.979347755172057077e-07
2.698235164189100033e-07
2.520719135645776987e-07
2.439132913423236459e-07
2.188952379356123856e-07
2.111373618163270294e-07
2.037475042016012594e-07
1.950640751147147967e-07
1.885015592506533721e-07
1.813294829844380729e-07
1.601654844307631720e-07
1.485747844753859681e-07
1.407078400461614365e-07
1.308403341226949124e-07
1.287734789912065025e-07
1.121525414760071726e-07
1.064262420413797372e-07
1.001927500965393847e-07
9.009949764049451915e-08
8.410632545974294771e-08
8.005122253962326795e-08
7.383080458112090128e-08
6.943486852151181665e-08
6.384353667954201228e-08
6.186188272749859607e-08
5.224169186135441123e-08
4.695612076943689317e-08
4.308343193315522512e-08
3.163921391546864470e-08
2.803420251495936100e-08
2.052676073560633085e-08
-1.128103299663507642e-08
-7.187964889965314796e-09
4.379521634234606609e-09
-3.624242905786445590e-09
3.052198271902284432e-09
2.376159269346089786e-09
-2.368045315392919292e-09
2.163613066485936542e-09
-2.112420016686655799e-09
-1.986270481424412537e-09
1.864262078044021109e-09
1.788089232235279269e-09
-1.699076768169049956e-09
-1.597689980314953573e-09
1.527783233257196116e-09
-1.499916524316802224e-09
1.372257085741068749e-09
-1.344267031022639003e-09
1.207259070490351860e-09
-1.117725245691758573e-09
1.080023959154630120e-09
1.026139728743657997e-09
9.454117488871816022e-10
-9.229614295058752305e-10
9.181601590135812785e-10
-8.567928588831819070e-10
-8.468915568826673734e-10
8.236503701297692714e-10
-7.416436353935296211e-10
7.365331677888775630e-10
-6.631520332867069101e-10
6.127602869554493736e-10
-5.603186248315239482e-10
-5.360853427838208063e-10
5.276161174627702621e-10
-4.519813412429130040e-10
3.956650562741970134e-10
3.628123912413627750e-10
-3.538407900016693475e-10
3.343894883212072955e-10
-2.819652844543441006e-10
2.216943018051864556e-10
-2.178112135098331237e-10
1.572272034788824158e-10
-1.209144728786526457e-10
-6.806536584358369169e-11
4.352398649820621301e-11
-9.319683046127291703e-12
