3.826093832970290862e-03 1.703850002265567751e-02
5.193622485676251989e-03 1.516588855119459234e-02
6.867429571221678880e-03 1.367773936669164185e-02
3.961345138293432058e-03 2.021816687765259912e-02
4.626410136261943640e-03 1.674544523739663476e-02
5.844261743781522384e-03 1.696545106990117457e-02
8.121823745158773464e-03 1.544934256435519584e-02
6.479767419840591972e-03 1.790671906262321367e-02
7.284979388927081100e-03 1.783744596770801827e-02
2.690395783871006238e-03 1.835157391558419476e-02
4.776754907154298971e-03 1.918015435476065622e-02
2.354096310887130242e-03 1.948080594376059432e-02
4.979617536998623938e-03 1.601594703570461894e-02
3.759942411946500733e-04 1.984880734177706108e-02
5.245085973316912335e-03 2.065749808893136211e-02
3.362994729838757798e-04 1.981447624619261591e-02
3.664738543756753449e-03 1.251601722583966896e-02
4.310015935083818042e-03 1.065994736178418195e-02
4.404110925404058213e-03 2.026412704197477765e-02
6.055725476386264287e-03 1.630691760958019945e-02
3.458329543611530794e-03 2.223194518382459392e-02
5.697274374373217758e-03 5.697274374373217758e-03
0.000000000000000000e+00 1.536489520675160189e-02
3.225671227619051045e-03 2.052231693934834789e-02
2.566694332127960124e-03 2.066028991807841719e-02
3.454239264777996844e-03 1.853088841742375412e-02
4.300164457207367001e-03 1.727667433746548839e-02
4.467849563370453018e-03 9.952786351906110079e-03
2.205263119846926061e-03 1.635254918862717385e-02
5.052892586996506757e-03 1.631409400601541160e-02
3.856462060243051170e-03 1.819444073312151411e-02
2.912438868833548992e-04 1.773821960850752513e-02
1.771567402312484258e-03 1.940909595060642118e-02
4.755992757127212606e-04 1.982463754154555058e-02
4.717192042452428118e-03 1.318239628375429337e-02
5.367638794299779692e-03 1.018325503265776755e-02
1.887476110887453210e-03 2.188431499875916758e-02
5.971091610885781616e-03 1.413476690154070667e-02
2.299413063368915735e-03 2.065666061584877505e-02
5.306716173565240689e-03 1.482887115229796285e-02
4.142767271590457913e-03 1.126790916712602786e-02
7.990209378123438663e-03 1.362544623556491072e-02
5.906820465425391062e-03 2.273821986230709774e-02
5.614791383370674668e-03 2.003268846871623238e-02
5.531078489829755786e-03 1.405775924131371160e-02
4.574167363893457544e-03 2.149223139827728321e-02
5.947368467378449063e-03 1.878629998771190815e-02
2.721741258305927173e-03 2.076330211108516968e-02
4.173366707048617105e-03 1.116531663594018398e-02
3.903827091786224359e-03 1.196448658006723370e-02
7.230438669153327856e-03 7.230438669153327856e-03
4.908129222802364022e-03 4.908129222802364022e-03
3.007953929557200586e-03 1.353068122916093081e-02
6.757443985704035885e-03 1.762206557861877021e-02
3.657015166270403701e-03 2.043246515826645932e-02
6.730191890240399578e-03 1.703220829201481865e-02
1.406841629950425629e-03 1.928554818205350033e-02
4.039095276183986630e-03 2.360822955690761865e-02
2.642680546136840728e-03 2.116985379106709267e-02
1.485058262432836351e-03 2.298230999928297172e-02
4.555585699952770240e-03 1.728830724437542890e-02
6.531919306635912588e-03 1.545372722077650862e-02
2.086683353524308553e-03 2.074308484698521304e-02
5.007927131419477422e-03 1.881894762213471781e-02
2.912438868833548992e-04 1.977478285613950074e-02
4.332915611669883697e-03 1.419987496599707175e-02
5.317361552716549011e-04 1.997770870126281892e-02
4.190269841061951793e-03 1.694757986325190480e-02
4.381583356058312700e-03 1.035865464929217571e-02
4.928250481144672186e-03 1.995632112127986371e-02
6.475402469921308357e-03 1.792062263218997809e-02
8.064178069047627613e-04 1.601414072905545105e-02
5.188175580679334209e-03 1.865453629462163893e-02
1.739354399024813655e-03 1.419840035402113350e-02
3.478708798049627311e-03 1.816223050148740858e-02
1.681497364919378899e-04 1.844555799611305447e-02
5.317361552716549011e-04 1.986997395235012148e-02
5.824877737667097984e-04 1.879691965481004867e-02
3.362994729838757798e-04 1.363090826747693531e-02
4.809200049460206350e-03 1.611668691394452929e-02
2.383933956791575194e-03 1.860215614408369453e-02
6.041702164296069294e-03 1.143057308346456802e-02
4.014519935548414159e-03 1.868380652007663179e-02
1.864870791106960565e-03 1.931184651273112896e-02
3.109633770679335989e-03 2.068189285573113212e-02
1.681497364919378899e-04 1.966240867297966086e-02
0.000000000000000000e+00 1.332600106675778731e-02
5.484878417137053520e-03 2.225410028566172232e-02
3.354576707299840831e-03 1.906902430619705768e-02
3.362994729838757798e-04 1.970692061029593461e-02
1.258317407258302068e-03 2.034645782536222483e-02
5.171800445943704541e-03 1.553447693859536828e-02
5.327985662315297584e-03 1.893325807137744010e-02
2.700884696101538574e-03 2.076559060118490438e-02
3.863786781107194680e-03 1.206575942954445438e-02
3.396458188169216522e-03 1.779260334196482510e-02
4.939711544253564367e-03 1.610776660402872193e-02
4.873442362554300349e-03 1.903548825388696672e-02
5.247780597678234661e-03 1.649970207987669010e-02
7.974269678240823722e-03 7.974269678240823722e-03
