4.843383794700829581e-01
9.128706492095421676e-02
2.435850530804117842e-02
1.026395018908446595e-02
7.095395882365249443e-03
6.292773402217253197e-03
4.051302631427177586e-03
2.963700561747781206e-03
2.740307284166921750e-03
2.302921950492723899e-03
1.581092238971526683e-03
1.468610194802657696e-03
1.324243468738664758e-03
1.130223112703259564e-03
8.329387109586145442e-04
7.927731481103518713e-04
6.693094750386968401e-04
5.589437382877400842e-04
5.288547233165769241e-04
4.790983165475491451e-04
4.340231360168591407e-04
3.831924344022936231e-04
3.515630474594534085e-04
3.114534791331195740e-04
2.917407648210768815e-04
2.754562887736952096e-04
2.559119370036935987e-04
2.288362993798930575e-04
2.211952423300674834e-04
2.099201294460445097e-04
2.057654309922947835e-04
1.870443941115141012e-04
1.803984748126779072e-04
1.680017320889567913e-04
1.584889071427192906e-04
1.482210461754550639e-04
1.422904356650974984e-04
1.286133790398233422e-04
1.245540930045136504e-04
1.221551717899079675e-04
1.161755936863344193e-04
1.098660675246459307e-04
1.071036036234508188e-04
1.031366577493262742e-04
9.871040094141823114e-05
9.404429429473122658e-05
8.871235151801899819e-05
8.655138537645318015e-05
8.138046499757138250e-05
7.796406946199591634e-05
7.434661929725293404e-05
7.355994433717446212e-05
7.248457750949741010e-05
6.817069038323860723e-05
6.621586938408113962e-05
6.302783617980235189e-05
6.265359854123991174e-05
5.817949548881585006e-05
5.594252002900764939e-05
5.546595201072140007e-05
5.383858506628910555e-05
5.187493465231491268e-05
5.019501412811461553e-05
4.876100718484506122e-05
4.754671143378720220e-05
4.530335312827617596e-05
4.414043909051995986e-05
4.349581902625519888e-05
4.272128700149049830e-05
4.066726948038255701e-05
3.956069235853304137e-05
3.759249966653529509e-05
3.697927583333080538e-05
3.636192284258782858e-05
3.591451596064135394e-05
3.492668991651686454e-05
3.384592355537436719e-05
3.208307225020383706e-05
3.073079689191778860e-05
3.004136198858095854e-05
2.891444156943263818e-05
2.870023602026917849e-05
2.801675452042823040e-05
2.754486032846456919e-05
2.574383130582303848e-05
2.546112733812563522e-05
2.444554359205787240e-05
2.382818675703845287e-05
2.233532874259193428e-05
2.175190886064735129e-05
2.152359880490229714e-05
2.143466306094960630e-05
2.055336561526959440e-05
1.993239663514418758e-05
1.918150295986298205e-05
1.887153847833882218e-05
1.832258812076672217e-05
1.797159862064960957e-05
1.664796608083147071e-05
1.636412957581674557e-05
1.595501786042190765e-05
1.567997940294369829e-05
1.514815846159571241e-05
1.489635343263698727e-05
1.391540792705340824e-05
1.374057571790767553e-05
1.348758612817661645e-05
1.330163374453293477e-05
1.301270634800840055e-05
1.296232044467865933e-05
1.259791732033036429e-05
1.213418144611048406e-05
1.182748591458537874e-05
1.163316371025895208e-05
1.153927409884080520e-05
1.103474513284743213e-05
1.089465905651540068e-05
1.031390041580088741e-05
1.001423524945228769e-05
9.918719565329097007e-06
9.809423912247414059e-06
9.641509431913863789e-06
9.352430027744805595e-06
8.913441619829183803e-06
8.743872100540677495e-06
8.541805687827872307e-06
8.270306093483625545e-06
8.028543778172953611e-06
7.830716806773765893e-06
7.704677179675467713e-06
7.391267161324027856e-06
7.256804630201218379e-06
7.146316754052293360e-06
7.036549700868940360e-06
6.769185323483841037e-06
6.628283979237265085e-06
6.574300401597776528e-06
6.355166784567725895e-06
6.231445099284107954e-06
6.034920435109790009e-06
5.950929028899785219e-06
5.610556370118267011e-06
5.495255015218655319e-06
5.440148941579106463e-06
5.306602047218315601e-06
5.271714271008940072e-06
5.114898679862270978e-06
5.012357376255730293e-06
4.961458225005179003e-06
4.758616720918125419e-06
4.695665520469690000e-06
4.616733353912155761e-06
4.496846217710909801e-06
4.423881932781573612e-06
4.298699453909342014e-06
4.255979704040419204e-06
4.065576790439618109e-06
4.002890053824738676e-06
3.884187315758011322e-06
3.840829621866782702e-06
3.771820603734708251e-06
3.710696836861611931e-06
3.694539659126189620e-06
3.600078276079596983e-06
3.525971285435812550e-06
3.393631804923524854e-06
3.352807071761290588e-06
3.301732513655694315e-06
3.165542770846786406e-06
3.141382356531314604e-06
3.059375039489910377e-06
2.996030204888794286e-06
2.984069356886891517e-06
2.930324899325146654e-06
2.833891656193510922e-06
2.753916033481772477e-06
2.735914561618199923e-06
2.691548928669847644e-06
2.640456465543720517e-06
2.511097840494536566e-06
2.476288903759509872e-06
2.447067389510702858e-06
2.410399410437507355e-06
2.386916972194535638e-06
2.318598852220453229e-06
2.208951081157509000e-06
2.103464739792741049e-06
2.080471364850372076e-06
2.043388953143928523e-06
1.977717018692978657e-06
1.958620357583424247e-06
1.952075822360631138e-06
1.891245740224163143e-06
1.833649102895759295e-06
1.778078978534743489e-06
1.728807570661891245e-06
1.713907380488114486e-06
1.663741314362379114e-06
1.599493442367155566e-06
1.548695996856923088e-06
1.519816566811885312e-06
1.463280672598438955e-06
1.447844747717146309e-06
1.435962702936804156e-06
1.385612029283023386e-06
1.359876916872391639e-06
1.286169591807687612e-06
1.266224626519126817e-06
1.200295788611576358e-06
1.184283960872451221e-06
1.171596418736834661e-06
1.141069432794410222e-06
1.111465632473634272e-06
1.081493840779373052e-06
1.077708694826281971e-06
1.027743396660589985e-06
1.018023487523766849e-06
9.793402816525391414e-07
9.648734907602250314e-07
9.418685886722248445e-07
9.223534805736409617e-07
8.979258109124770838e-07
8.740662895369044623e-07
8.416324471952386415e-07
8.169757229530230206e-07
8.040530186527951561e-07
7.812551856045880827e-07
7.545511538175198747e-07
7.313435053077586665e-07
7.104405473203842036e-07
6.784718535902881669e-07
6.544537278784689943e-07
6.214194081198816170e-07
6.088279085423321288e-07
6.035183561342637342e-07
5.758598424638282329e-07
5.703844325963715851e-07
5.462232022281450935e-07
5.302162216621896014e-07
5.162356355170135757e-07
5.028597428699180386e-07
4.830818681226494792e-07
4.591518754969957389e-07
4.439108991396599980e-07
4.317570157192935704e-07
4.269234467853496462e-07
4.026709917198840773e-07
3.946385628249992019e-07
3.677455700143896784e-07
3.595845040263588986e-07
3.462104453267988643e-07
3.329603711155202136e-07
3.307401372051787790e-07
3.037556749352927669e-07
2.937556334915256413e-07
2.889732614223191893e-07
2.670783079016088480e-07
2.504814742555803370e-07
2.293077816077310029e-07
2.249429619031278055e-07
2.110717746646704857e-07
1.981920870678865442e-07
1.898508012165782413e-07
1.779045064231757665e-07
1.669830412162136006e-07
1.612923311367694262e-07
1.554104583233442732e-07
1.421341488242454862e-07
1.366045453028926443e-07
1.295598456981530601e-07
1.254336189163594713e-07
1.208959724090518281e-07
1.114386452763529351e-07
1.058685507015332295e-07
9.790325316464003513e-08
9.204160004495209422e-08
8.575149651905002160e-08
7.521320346168434246e-08
7.098431428094207118e-08
5.882125726545620182e-08
5.569398664551462851e-08
5.282611349859551429e-08
4.916669614712980344e-08
4.188526256921292177e-08
3.702887150757919520e-08
2.768262817777085220e-08
2.588233822476959425e-08
2.407939811541009317e-08
2.173059509245343884e-08
1.499008331233674931e-08
5.801511522622594233e-09
2.005831860101192213e-09
1.375562626155317747e-09
1.328912886077732425e-09
6.127900876733173313e-10
3.781236958629705487e-10
3.395505078852131696e-10
