7.349424958229064941e-01
1.299548298120498657e-01
4.547346755862236023e-02
1.677739806473255157e-02
9.821066632866859436e-03
7.275053765624761581e-03
5.404247902333736420e-03
4.395137075334787369e-03
3.274107351899147034e-03
2.737272763624787331e-03
2.132538706064224243e-03
2.024754183366894722e-03
1.858442788943648338e-03
1.039587194100022316e-03
9.383310098201036453e-04
8.379273349419236183e-04
6.544436910189688206e-04
5.355793982744216919e-04
5.086976452730596066e-04
4.577562503982335329e-04
4.345014167483896017e-04
3.933593688998371363e-04
3.677567001432180405e-04
3.305356076452881098e-04
3.084981581196188927e-04
2.933706855401396751e-04
2.857398940250277519e-04
2.508625038899481297e-04
2.344893437111750245e-04
1.986887946259230375e-04
1.911979052238166332e-04
1.642840506974607706e-04
1.609960745554417372e-04
1.522840466350317001e-04
1.392334088450297713e-04
1.383198250550776720e-04
1.317568385275080800e-04
1.202079729409888387e-04
1.093696482712402940e-04
1.055125540005974472e-04
9.629671694710850716e-05
9.131897240877151489e-05
8.561719005228951573e-05
8.018588414415717125e-05
7.598515367135405540e-05
7.245019514812156558e-05
7.144195114960893989e-05
6.575200677616521716e-05
6.269824370974674821e-05
5.983516530250199139e-05
5.907270679017528892e-05
5.578413038165308535e-05
5.170895019546151161e-05
5.101832357468083501e-05
4.916725811199285090e-05
4.832230843021534383e-05
4.732521847472526133e-05
4.382505358080379665e-05
4.182976772426627576e-05
4.098771751159802079e-05
3.906757410732097924e-05
3.817120887106284499e-05
3.720250606420449913e-05
3.640939394244924188e-05
3.418378400965593755e-05
3.313360502943396568e-05
3.241643571527674794e-05
3.026300146302673966e-05
3.021944758074823767e-05
2.865312671929132193e-05
2.734676854743156582e-05
2.677500742720440030e-05
2.606192902021575719e-05
2.514841253287158906e-05
2.375405347265768796e-05
2.286537164764013141e-05
2.189414226450026035e-05
2.159333234885707498e-05
2.057353049167431891e-05
1.983688889595214278e-05
1.936828266480006278e-05
1.870784035418182611e-05
1.842477286118082702e-05
1.744856672303285450e-05
1.720416912576183677e-05
1.568506741023156792e-05
1.560965029057115316e-05
1.531408815935719758e-05
1.478956801292952150e-05
1.453859204048058018e-05
1.366139986203052104e-05
1.358930239803157747e-05
1.308847822656389326e-05
1.273098132514860481e-05
1.243764017999637872e-05
1.227311440743505955e-05
1.200795031763846055e-05
1.092812090064398944e-05
1.071538281394168735e-05
1.034925116982776672e-05
1.007084119919454679e-05
9.935753951140213758e-06
9.841461178439203650e-06
9.222830158250872046e-06
8.969006557890679687e-06
8.791737855062820017e-06
8.461180186714045703e-06
8.244548553193453699e-06
7.986272976268082857e-06
7.655487024749163538e-06
7.491046289942460135e-06
7.389065103780012578e-06
7.118970188457751647e-06
6.993541319388896227e-06
6.739094715157989413e-06
6.643510914727812633e-06
6.510118510050233454e-06
6.047605893400032073e-06
5.743750080000609159e-06
5.672087809216463938e-06
5.623611741611966863e-06
5.414216047938680276e-06
5.319833690009545535e-06
5.233998308540321887e-06
5.066931862529600039e-06
4.932562205794965848e-06
4.822964001505170017e-06
4.801432623935397714e-06
4.610637915902771056e-06
4.486371381062781438e-06
4.409709163155639544e-06
4.314357283874414861e-06
4.154243470111396164e-06
4.121509846299886703e-06
3.882509190589189529e-06
3.818922323262086138e-06
3.734199708560481668e-06
3.689472578116692603e-06
3.515523758323979564e-06
3.445865331741515547e-06
3.305004838694003411e-06
3.268543423473602161e-06
3.151669943690649234e-06
3.069209697059704922e-06
3.011877652170369402e-06
2.914156766564701684e-06
2.880002512029022910e-06
2.793409066725871526e-06
2.745025540207279846e-06
2.683430921024410054e-06
2.631255028973100707e-06
2.574239488239982165e-06
2.514244442863855511e-06
2.474467919455491938e-06
2.406534804322291166e-06
2.297765377079485916e-06
2.286438075316254981e-06
2.187180143664591014e-06
2.149350621039047837e-06
2.133218231392675079e-06
2.056215180346043780e-06
2.000444283112301491e-06
1.976505927814287134e-06
1.957859240064863116e-06
1.919904889291501604e-06
1.853061576184700243e-06
1.812433083614450879e-06
1.712687094368448015e-06
1.683461732682189904e-06
1.647883323130372446e-06
1.635901980989729054e-06
1.567055619489110541e-06
1.548965428810333833e-06
1.489578835389693268e-06
1.459655777580337599e-06
1.395402250636834651e-06
1.376005116071610246e-06
1.342397467851697002e-06
1.333525574409577530e-06
1.302312966799945571e-06
1.256405312233255245e-06
1.230219481840322260e-06
1.220901026499632280e-06
1.168925450656388421e-06
1.156360781351395417e-06
1.132813963522494305e-06
1.102231180993840098e-06
1.078179252544941846e-06
1.072913278221676592e-06
1.055939605976163875e-06
1.009809693641727790e-06
9.952907475963002071e-07
9.626239716453710571e-07
9.352073107038449962e-07
9.168618362309643999e-07
8.841156500238867011e-07
8.477180699628661387e-07
8.322995768139662687e-07
8.144190246639482211e-07
7.942135198391042650e-07
7.779802899676724337e-07
7.604807592542783823e-07
7.395327088488556910e-07
7.183189723036775831e-07
7.143882498894527089e-07
7.118405278561112937e-07
7.017429197730962187e-07
6.722188459207245614e-07
6.594115120606147684e-07
6.550562261509185191e-07
6.170950541672937106e-07
6.053188599253189750e-07
5.881606170987652149e-07
5.610338575934292749e-07
5.483337872647098266e-07
5.289338105285423808e-07
5.229595103628525976e-07
5.125261850480455905e-07
4.873340913036372513e-07
4.600665306497830898e-07
4.469927148420538288e-07
4.449589425803424092e-07
4.313733654726092936e-07
4.218882736495288555e-07
4.188012212580360938e-07
4.090022969194251345e-07
4.054082012316939654e-07
3.928843170797335915e-07
3.736151370503648650e-07
3.576574556518608006e-07
3.407760971185780363e-07
3.372258845502074109e-07
3.218829363049735548e-07
3.176022289608226856e-07
3.032541826542001218e-07
2.969010495235124836e-07
2.897526485412527109e-07
2.801514256134396419e-07
2.707666340029390994e-07
2.667523233412794070e-07
2.589639507277752273e-07
2.563142800227069529e-07
2.428749894534121267e-07
2.361079793899989454e-07
2.176991813485074090e-07
2.146489066490175901e-07
2.071890463639647351e-07
1.940780549603005056e-07
1.890966814244166017e-07
1.820088613158077351e-07
1.710186694481308223e-07
1.640769227151395171e-07
1.616999725229106843e-07
1.602031005631943117e-07
1.525395845192178967e-07
1.426076750021820772e-07
1.414753114659106359e-07
1.291161453309541685e-07
1.247868368636773084e-07
1.219196974489022978e-07
1.110198226683678513e-07
1.076498108432133449e-07
1.020796531747691915e-07
9.988045235331810545e-08
9.102726750143119716e-08
8.772895654374224250e-08
8.360165537624197896e-08
7.598882945103468955e-08
7.222786990723761846e-08
6.926683226993191056e-08
6.273378261312245741e-08
6.007383746009509196e-08
5.522894497289598803e-08
5.147431991758821823e-08
4.920227780758068548e-08
4.741830750276676554e-08
4.429895739122002851e-08
3.970490425331263395e-08
3.804915138516662410e-08
3.316526431262900587e-08
3.199036768819496501e-08
2.992007352986547630e-08
2.873116677903908567e-08
2.358574491267972917e-08
2.244661168049333355e-08
1.831693197118511307e-08
1.659975623624632135e-08
1.407730021441011559e-08
1.297083329632187088e-08
1.045102582253321089e-08
8.824866171153189498e-09
7.117166411774178414e-09
5.449610540608773590e-09
4.559111310697971930e-09
3.929557568227437514e-09
3.283904925766023553e-09
1.612557531949221357e-09
